iteration,chain,mu_max,Klysis,Kdgln,Ylacglc,Yammgln,lambda,ss1,ss2,ss3,ss4,ss5,ss6,ss7,lp,n_steps,is_accept,acceptance_rate,log_density,hamiltonian_energy,hamiltonian_energy_error,max_hamiltonian_energy_error,tree_depth,numerical_error,step_size,nom_step_size
1001,1,0.05756474695254452,0.0648609703190102,0.009416907518251555,1.3609890250640346,0.4292372117649906,7.229185948360149e-9,8.338257440289854e7,8.020207919776644e7,1.086011521734108,0.5841619005651313,2.2245708763882988,0.11188855378152492,37.22899181968176,-5100.405029083343,7.0,1.0,0.951017931352715,-5100.405029083343,5102.117441522226,0.258986750243821,-0.3684668795849575,3.0,0.0,0.5592341991082216,0.5592341991082216
1002,1,0.05833148296348734,0.06107790580353533,0.00914794009152466,1.3215995702007943,0.43793733226215764,7.125418152902788e-9,1.0975360874128266e8,9.97889831638405e7,1.031446632621815,0.49255961808972326,2.2750479057191435,0.1324712010402874,42.271158214763,-5102.73793938727,7.0,1.0,0.574059065981243,-5102.73793938727,5111.446580376456,0.7100817475284202,1.2227061415742355,3.0,0.0,0.5592341991082216,0.5592341991082216
1003,1,0.05784932150799963,0.06021277776385003,0.009361107011419203,1.3448546245935327,0.4306517233024416,7.126769899114753e-9,9.866263426199675e7,8.198973577781962e7,1.0910365712883476,0.5541291126662568,2.2399003042096957,0.1295738726596219,35.461739251523326,-5095.665268804739,7.0,1.0,0.9841124258546915,-5095.665268804739,5104.768262827158,-1.0408191420965522,-1.0408191420965522,3.0,0.0,0.5592341991082216,0.5592341991082216
1004,1,0.057802311800642325,0.06408690742205639,0.009265451433392743,1.3404891151254301,0.4359788807205032,7.160240498031714e-9,8.664808098151842e7,8.763690096182233e7,1.2306448145284705,0.6012510407835779,2.21168482462997,0.14033123048313828,36.37741095212383,-5100.149349436427,7.0,1.0,0.8505718176433501,-5100.149349436427,5104.463401745242,0.23851506191022054,0.4768449342936947,3.0,0.0,0.5592341991082216,0.5592341991082216
1005,1,0.05743327885855644,0.060194177752505205,0.009332693346514525,1.3509545947135773,0.43059919567632804,7.190452328866383e-9,1.1154028194384222e8,8.957088245893945e7,0.9767122851444142,0.4878177956385169,2.208427199044769,0.11743782952896666,40.30580808410916,-5097.7444913434665,7.0,1.0,1.0,-5097.7444913434665,5104.219721850981,-0.1818342202132044,-0.2891405400041549,3.0,0.0,0.5592341991082216,0.5592341991082216
1006,1,0.057569977320482274,0.0636214887199564,0.009271455460863408,1.337526959519507,0.42629505937665574,7.1417858649366674e-9,1.0857259006187643e8,8.467396655851331e7,1.2365647678272038,0.5009453878187412,2.4792481529385144,0.12099578229165348,42.06371112884623,-5101.532618363802,7.0,1.0,0.6815432753001198,-5101.532618363802,5107.683774086202,0.40045377266505966,0.46465328572503495,3.0,0.0,0.5592341991082216,0.5592341991082216
1007,1,0.05778609229472573,0.06020221550828774,0.009438913625924576,1.3645012457512582,0.43712100413831706,7.202146111880502e-9,9.220886013839644e7,9.925451529622845e7,0.9062186840386468,0.5336952471886869,1.9341181845770057,0.1314048487498507,35.606536695311114,-5100.544828396309,7.0,1.0,0.8286496454844539,-5100.544828396309,5107.635694339066,-0.06052776887554501,0.5143619467771714,3.0,0.0,0.5592341991082216,0.5592341991082216
1008,1,0.057874108852296324,0.05965464350487412,0.009376516626724934,1.3369541614607148,0.42518342242740476,7.163513672397101e-9,8.610213542628999e7,8.959971774581935e7,1.0407071210018428,0.4411381391889067,1.9467416910802464,0.13466541742683757,33.12708718538231,-5102.8108398711365,7.0,1.0,0.9217937756759985,-5102.8108398711365,5110.323338085112,0.22019100719808193,0.22019100719808193,3.0,0.0,0.5592341991082216,0.5592341991082216
1009,1,0.05808259816198015,0.06048571345499199,0.009442118491519758,1.3475986778519773,0.4288559481203303,7.21382746704289e-9,1.0152009507771349e8,8.802850148902667e7,1.1032606524795778,0.5949367265682297,2.367487743703492,0.11393987599313009,45.32484829023175,-5099.031404897717,7.0,1.0,0.9145217003649994,-5099.031404897717,5109.902884827897,-0.20969787108606397,-0.5708524012979979,3.0,0.0,0.5592341991082216,0.5592341991082216
1010,1,0.0580447811654583,0.062776531302546,0.009463491722976558,1.3368524111367364,0.42541858386851644,7.197949243163459e-9,9.619299907210648e7,8.188054993349628e7,1.1519730690256118,0.5766108492100382,2.282664695694255,0.11332661211852754,44.82836246698319,-5098.913262678074,7.0,1.0,0.994701294881342,-5098.913262678074,5104.87051919716,-0.034781693698278104,-0.15826665356053127,3.0,0.0,0.5592341991082216,0.5592341991082216
1011,1,0.057456768111863794,0.06021383205527286,0.00916957833250846,1.3472361482353976,0.4400844805839602,7.162902978017215e-9,9.323165748673418e7,9.153033448656319e7,1.026307252204534,0.507836549963487,1.9683954875380774,0.14004144500684626,41.53420325111629,-5098.150961230638,7.0,1.0,0.9487233378230092,-5098.150961230638,5105.3630216120255,-0.13555131412249466,-0.351527289146361,3.0,0.0,0.5592341991082216,0.5592341991082216
1012,1,0.05826589789432423,0.06390828052113327,0.009423477014514885,1.3450026192052575,0.42494931225535626,7.132758747443243e-9,9.622071607916267e7,8.95074397909952e7,1.0649785596449488,0.5496117570523158,2.2944877415210736,0.10763292184129489,37.42551127735809,-5097.83268585955,7.0,1.0,0.9602640318368875,-5097.83268585955,5100.809218345519,0.13120723798328982,-0.2547094060537347,3.0,0.0,0.5592341991082216,0.5592341991082216
1013,1,0.057369324268572386,0.0593548079607796,0.00930232580991296,1.3446371741689038,0.43516689451310553,7.1296809024722245e-9,9.458722626256426e7,9.439778979659341e7,1.0440919384247942,0.5100541880476266,1.9880282275894767,0.13835260195014829,41.865480760810165,-5099.052396825967,7.0,1.0,0.5492580368295678,-5099.052396825967,5109.957571254103,0.5342928952168222,1.1790970403289975,3.0,0.0,0.5592341991082216,0.5592341991082216
1014,1,0.05801013186557649,0.06339810057340813,0.009497634479000972,1.3472457490865646,0.4308479156273876,7.1772896947839554e-9,9.220323622996104e7,8.852574430443111e7,1.0496732133520204,0.5337993101596259,2.3068570518778153,0.10985362704755353,36.68225629084704,-5096.384630335784,7.0,1.0,0.7827723728118949,-5096.384630335784,5102.496071697438,-0.6997627999735414,0.8641549265776121,3.0,0.0,0.5592341991082216,0.5592341991082216
1015,1,0.057674452005927426,0.06119495332906229,0.009229752060569644,1.3514261445360969,0.4329383529631789,7.183324937300172e-9,8.359893231635948e7,7.856610748990743e7,1.032003627536922,0.47147921439719437,2.0507797848220957,0.12056433715585198,36.9218365618825,-5099.215367789531,7.0,1.0,0.9133496954016007,-5099.215367789531,5103.948789753448,0.14180860789565486,-0.3694401245320478,3.0,0.0,0.5592341991082216,0.5592341991082216
1016,1,0.05736360757677745,0.06793629154032546,0.00907105023286624,1.348736367887929,0.4316414681275385,7.207702793967733e-9,1.0130645946898419e8,9.062670561904831e7,1.1727213681768267,0.6046555994349477,2.1507400085908834,0.13628803776212683,39.51430717999639,-5102.366462258308,7.0,1.0,0.5637395141521713,-5102.366462258308,5109.716092159542,0.5240900990893351,0.8523028543368127,3.0,0.0,0.5592341991082216,0.5592341991082216
1017,1,0.058411027169920866,0.06013767767845932,0.009205881277130228,1.3341973947190695,0.4347579989532585,7.094726432029299e-9,9.156516094823916e7,9.309576163027401e7,0.9588781671181345,0.4692109284694093,2.1072811662050976,0.1286016231798231,39.78267708408903,-5100.3644159539335,7.0,1.0,0.9691842362559996,-5100.3644159539335,5108.6603098149135,0.027874950309524138,-0.514099134218668,3.0,0.0,0.5592341991082216,0.5592341991082216
1018,1,0.05813213558244348,0.05914604181252157,0.009434325632859317,1.3452724200925295,0.42346723246368356,7.16870261263901e-9,8.104671223387027e7,9.654050133825986e7,1.0116989785320956,0.5523637221670598,2.3553692788274287,0.12268978812047865,38.031413335784784,-5098.622164799202,7.0,1.0,0.7336344165326117,-5098.622164799202,5107.822844308194,-0.4453400285601674,1.0458522871240348,3.0,0.0,0.5592341991082216,0.5592341991082216
1019,1,0.05828431409492723,0.06102666708071375,0.009525849040797695,1.3466331506278448,0.43062221141427426,7.127522793374372e-9,8.806265810513264e7,9.232155517827876e7,1.0983451405989573,0.5386694589028025,2.132710203124559,0.13853764436807126,35.820297146685924,-5097.2316003372,7.0,1.0,0.32639491980520613,-5097.2316003372,5108.709243043722,-0.2851876378790621,4.718554077513545,3.0,0.0,0.5592341991082216,0.5592341991082216
1020,1,0.05754040869186741,0.057079587965008276,0.009562210952123628,1.3565177145273108,0.4222661149255296,7.219371269649685e-9,9.802450133951683e7,8.892501886404997e7,1.0004816350293442,0.5300511915778068,2.0328303463475264,0.12097121026832339,42.90957400395074,-5095.445463337983,7.0,1.0,0.8654451182956551,-5095.445463337983,5101.560448964082,-0.19926650165234605,0.3644316266691021,3.0,0.0,0.5592341991082216,0.5592341991082216
1021,1,0.05817550213291713,0.06414675984520105,0.009218421446875957,1.341013077495204,0.4371825053063931,7.081216597466421e-9,9.335602177384457e7,8.799663345995437e7,1.1477108167128653,0.5410574410687637,2.1959874330236726,0.12446547559715375,38.446475660400104,-5095.471609922965,7.0,1.0,0.8429567505692167,-5095.471609922965,5099.765365362255,-0.07383057968036155,0.3504559337916362,3.0,0.0,0.5592341991082216,0.5592341991082216
1022,1,0.05769465741784442,0.05853381173740562,0.00962239376320724,1.344942331531555,0.42901984266836873,7.320306681060322e-9,1.0024087862845717e8,9.253508893379937e7,0.9746941910886582,0.52411736021764,2.046371031979061,0.1220407494161325,43.47551922926455,-5098.771299580902,7.0,1.0,0.5834890195921434,-5098.771299580902,5102.474905061257,0.3498841086602624,0.8540536960163081,3.0,0.0,0.5592341991082216,0.5592341991082216
1023,1,0.05742415732145619,0.06662209454958688,0.009329975800583326,1.34812755370699,0.41777957189712334,7.193737866862109e-9,1.0282392243942831e8,8.528872460715537e7,1.18264286741563,0.5122985134421256,2.4277752576163545,0.12954595938056712,37.39919293931952,-5103.13276758695,7.0,1.0,0.7168423594578478,-5103.13276758695,5109.661936148047,0.5684958483489027,0.5684958483489027,3.0,0.0,0.5592341991082216,0.5592341991082216
1024,1,0.05782347919938938,0.06701359506236494,0.009243594995953255,1.36949050569929,0.4379847939772186,7.145864349040095e-9,1.0448202036590156e8,8.112376690629506e7,1.0881717872124523,0.47785674143642953,2.3289182693985264,0.12714807849122736,35.08974280552807,-5102.131150929861,7.0,1.0,0.9525964388421099,-5102.131150929861,5111.041245188534,-0.23501002565990348,-0.24273654569060454,3.0,0.0,0.5592341991082216,0.5592341991082216
1025,1,0.05791207301524533,0.06739084767145628,0.00918671870382826,1.3724989265848158,0.42943809199103417,7.126688383350653e-9,1.0182930852175637e8,8.169893948083706e7,1.0434322467870631,0.5061067234355295,2.33760806770833,0.123727596821579,35.368903649623896,-5101.086119973924,7.0,1.0,0.99605471823014,-5101.086119973924,5106.236792953644,-0.05932270565426734,-0.4469594808624606,3.0,0.0,0.5592341991082216,0.5592341991082216
1026,1,0.05774547372780623,0.06273275187980115,0.00917733866820682,1.3412908134121595,0.4341088542952599,7.2078211175855934e-9,9.655285247034445e7,1.0272174561120051e8,1.12212162745353,0.5383531537301479,1.9593821835420477,0.11183048211677242,44.41850222132815,-5099.437188535879,7.0,1.0,0.39313095740009424,-5099.437188535879,5110.310830985839,0.5629091714272363,2.4967618282607873,3.0,0.0,0.5592341991082216,0.5592341991082216
1027,1,0.05823237491250336,0.058275857481632685,0.00950010846689264,1.3348972899518436,0.4257742331031652,7.0842072533154936e-9,1.0098350515420699e8,8.113903971309079e7,1.0728300362566119,0.5901011911984386,2.2280604904839376,0.12398407361151642,38.547383858734314,-5098.63183974472,7.0,1.0,0.5647012328365372,-5098.63183974472,5108.416616267109,-0.4675722812253298,1.655680493780892,3.0,0.0,0.5592341991082216,0.5592341991082216
1028,1,0.05761452029274687,0.0647614224527446,0.009321698598550837,1.3578720173896521,0.43483676318613346,7.29830611787392e-9,9.1836077989835e7,1.0051548590615253e8,1.0749294824465125,0.49126415208583407,2.003323786250505,0.12208624641543937,41.02774398049287,-5100.03735343652,7.0,1.0,0.8347511559268399,-5100.03735343652,5103.268642945695,0.39812432142934995,0.5306260093020683,3.0,0.0,0.5592341991082216,0.5592341991082216
1029,1,0.05796036435526221,0.05915623447848884,0.009304532334030391,1.3361466421762789,0.4226951649225398,7.056039525176006e-9,9.522782634766492e7,8.589933184439589e7,0.9367843442034928,0.5610698118710167,2.190202444371102,0.12040482382504236,37.99906499408417,-5099.3465606292775,7.0,1.0,0.9168686484601748,-5099.3465606292775,5106.421965618144,-0.052413614662327745,-0.5542649014560084,3.0,0.0,0.5592341991082216,0.5592341991082216
1030,1,0.057764065651379794,0.06293002713270379,0.009620279690166073,1.350527186958302,0.4276874978744872,7.327273318691987e-9,9.108186189103498e7,9.714670772537269e7,1.1308436571675062,0.5057204795746224,2.169150138044156,0.131693441734831,38.231389130096915,-5100.092376057825,7.0,1.0,0.5572354340546205,-5100.092376057825,5108.4161160244485,0.3662899053606452,1.6311418971909006,3.0,0.0,0.5592341991082216,0.5592341991082216
1031,1,0.05763149163577284,0.06319666771783515,0.009641933812397276,1.3470658360379248,0.42224333562473126,7.312583937956484e-9,9.22931443865756e7,7.940036740945762e7,1.1111928436847285,0.5310826406759179,2.229121320866072,0.12313471342105364,38.83394312212553,-5100.077371489721,7.0,1.0,0.8709133794612249,-5100.077371489721,5107.374052668669,-0.03164525955526187,-0.6109259244549321,3.0,0.0,0.5592341991082216,0.5592341991082216
1032,1,0.05797178352063999,0.05477296380845793,0.009702340923860929,1.3626368923140206,0.4256988474662471,7.095221371663925e-9,8.827828348927927e7,9.704028841648148e7,0.9985223353747004,0.5105009685632442,2.2143942489782265,0.13253593418818577,44.80797395490211,-5102.1170102848255,7.0,1.0,0.5605010703263752,-5102.1170102848255,5108.046224121539,0.9334257964055723,1.6530880365617122,3.0,0.0,0.5592341991082216,0.5592341991082216
1033,1,0.058439301832791765,0.056779249127515495,0.009592331336857982,1.3590193686298913,0.42041578192473494,7.1694007799152945e-9,9.903756283375704e7,9.754983771149163e7,0.9910755515133166,0.4986488702580252,2.2742375820234018,0.14151733040817563,39.159284695037805,-5100.833232115226,7.0,1.0,0.973520400291309,-5100.833232115226,5106.710360363085,-0.6876187590214613,-1.0584815942138448,3.0,0.0,0.5592341991082216,0.5592341991082216
1034,1,0.05751392906106837,0.055435457529802765,0.009726151837957005,1.3697257109882093,0.4201895957873998,7.285573682732968e-9,9.558322485141754e7,8.591023249710809e7,1.0626897247622398,0.49878330712747654,2.2831897832327424,0.11463059255928676,42.59211679589509,-5098.110103317856,7.0,1.0,0.9888369273073429,-5098.110103317856,5105.888700430983,-0.7726625906398112,-0.7726625906398112,3.0,0.0,0.5592341991082216,0.5592341991082216
1035,1,0.057762762511927586,0.06381354461935344,0.009451442445639929,1.3614074834035774,0.4298958771428261,7.1766287155466225e-9,1.04111175758412e8,8.831847951697147e7,1.0890165043214326,0.5685616798804018,1.983988648333723,0.1438064346226545,41.229319426363865,-5097.847686293855,7.0,1.0,0.7084405215236333,-5097.847686293855,5104.821064867883,0.36288242124828685,0.647803688836575,3.0,0.0,0.5592341991082216,0.5592341991082216
1036,1,0.05804155483609607,0.05948496846834524,0.009463195720009455,1.3214263888761868,0.43761375639384253,7.127524623660435e-9,9.233598803130451e7,9.675882720788735e7,1.0187083162177837,0.4974003310003729,2.2887378102198643,0.11640046254568226,43.15305492859421,-5099.657951581048,7.0,1.0,0.5608595651872189,-5099.657951581048,5105.574823722625,0.7984107212978415,1.2667658412465244,3.0,0.0,0.5592341991082216,0.5592341991082216
1037,1,0.057577065408759585,0.06064081711415845,0.009587230670887254,1.392853222591848,0.4098879546219193,7.25024483601392e-9,9.656409969465668e7,8.75175184714585e7,1.131148501138956,0.5596010674523711,1.930616967754249,0.13542978708975753,38.60864968768069,-5102.9579685237195,15.0,1.0,0.4960675720954101,-5102.9579685237195,5113.558122385673,-0.7149988283572384,2.5741432957102006,3.0,0.0,0.5592341991082216,0.5592341991082216
1038,1,0.05799209479877921,0.06398558667062838,0.009244570751301213,1.3160276755434224,0.4299959858459604,7.02633562953529e-9,9.329240215620053e7,9.056815869831455e7,1.0395241380374716,0.4884696977014562,2.4227514880429446,0.11016478459744893,45.65229248454724,-5101.873062746003,7.0,1.0,0.9976625410187996,-5101.873062746003,5106.621966110872,-0.40812881562487746,-0.9373943533146303,3.0,0.0,0.5592341991082216,0.5592341991082216
1039,1,0.057579728317453394,0.05971197090035619,0.00937415479870712,1.367317622481955,0.42887699036208526,7.236492532237049e-9,9.820912532159996e7,8.915997555909076e7,1.0790061854266986,0.5605670353861019,1.8710063314322896,0.14166741397358856,35.287864679765306,-5099.488368657969,7.0,1.0,0.5974330752524055,-5099.488368657969,5106.297366609089,0.34096915114787407,1.153529205018458,3.0,0.0,0.5592341991082216,0.5592341991082216
1040,1,0.05795130166198698,0.06259800804091163,0.00919604250694852,1.3321805760950898,0.4341838884927065,7.127680329766623e-9,9.507069371712755e7,9.254275360170028e7,1.0184677994279179,0.5383524870790691,2.293947577195879,0.10454797349469748,44.333278884361484,-5098.033428452403,7.0,1.0,0.8571908019006208,-5098.033428452403,5106.750828379191,-0.23069739297443448,0.43330393874111905,3.0,0.0,0.5592341991082216,0.5592341991082216
1041,1,0.0580491825789205,0.06312311045513085,0.00920711498316944,1.3423981291855238,0.44010494100144787,7.107474513775384e-9,1.0729010283179826e8,1.0076533497456202e8,1.0139767363564192,0.5563627429794509,2.225695535272637,0.11987410712362327,40.94737960985051,-5097.849853271219,7.0,1.0,0.8641179778173803,-5097.849853271219,5102.601527040637,-0.030121782137030095,3.019495501362144,3.0,0.0,0.5592341991082216,0.5592341991082216
1042,1,0.05797962156671256,0.06506893525074313,0.009468302336837701,1.3617763121522235,0.42242594370724335,7.118590686115238e-9,8.930961966169323e7,9.061963800212006e7,1.113856253204267,0.4815177774008326,2.335753937434391,0.12831848827045672,35.317185702382446,-5099.099744275413,7.0,1.0,0.7771434413191824,-5099.099744275413,5107.275620999205,0.15620968307393923,0.4937926461216193,3.0,0.0,0.5592341991082216,0.5592341991082216
1043,1,0.058403205088383675,0.0649246658659836,0.00941517117342736,1.3525592746294666,0.4280421197280245,7.09142752848526e-9,9.19785404462608e7,9.762136677974305e7,1.1015928419016692,0.5316473741884915,1.7566584889177632,0.12549934456752568,38.306231377328395,-5101.069405730277,7.0,1.0,0.4254547026128191,-5101.069405730277,5112.730881513161,0.07459952424233052,1.8852463029434148,3.0,0.0,0.5592341991082216,0.5592341991082216
1044,1,0.05751560208881594,0.05804432977798283,0.009180226519757514,1.33452287152447,0.437477243594505,7.172430216003537e-9,9.886188751526162e7,9.00265706006681e7,1.0594889560598222,0.5500621735573513,2.2257542378413864,0.1252112928426082,44.96983133664446,-5098.246909820836,7.0,1.0,0.9761146280410239,-5098.246909820836,5107.058549046116,-0.0003956156951971934,-0.18122147377380315,3.0,0.0,0.5592341991082216,0.5592341991082216
1045,1,0.057928378260429764,0.05828009570046991,0.009309378887922989,1.3352810273146192,0.4243698791851497,7.205461990415248e-9,9.262792623116009e7,9.191394129241988e7,1.0818820885294707,0.49863840572880713,2.230536757428101,0.1381993675072693,36.028369602902,-5099.980584254977,7.0,1.0,0.5262697240826404,-5099.980584254977,5108.396526116954,1.1578834019073838,1.6378239767809646,3.0,0.0,0.5592341991082216,0.5592341991082216
1046,1,0.05766872455969408,0.0616304626007374,0.009347010646143072,1.3673901791665592,0.42833006925670414,7.209897499430105e-9,1.0170802977796516e8,8.389478735882622e7,0.9358471451924018,0.5920280315149258,2.311953324411119,0.12547948154036542,37.55404748884215,-5098.131383097241,7.0,1.0,0.9124066177480288,-5098.131383097241,5104.784431104458,-1.7386907895888726,-1.8023804657232176,3.0,0.0,0.5592341991082216,0.5592341991082216
1047,1,0.05766269912201666,0.06060884138734846,0.009329975642557227,1.346345382643643,0.4256039121708083,7.087017539683602e-9,1.019535100727648e8,8.62894964371615e7,0.9692397707397999,0.5067864007057694,2.3041404273270523,0.13995702388372838,44.341245079815515,-5099.548697012701,7.0,1.0,0.7762429596578909,-5099.548697012701,5107.1167330759345,0.22321009047118423,0.7053698966574302,3.0,0.0,0.5592341991082216,0.5592341991082216
1048,1,0.05753270233757242,0.061900354928579225,0.009340962561884238,1.347542971679504,0.42205628484911484,7.1429122574239104e-9,8.489097404987319e7,9.756647049347527e7,1.1948450223886777,0.5389445559544793,1.9441461279664771,0.10944045536243838,37.76735088046551,-5101.087998879785,7.0,1.0,0.9506504171488928,-5101.087998879785,5103.023378863636,0.3396559221810094,0.3396559221810094,3.0,0.0,0.5592341991082216,0.5592341991082216
1049,1,0.05845506943091099,0.05852515717448232,0.009519149635733543,1.337199196581067,0.42911448967142035,7.183449259035486e-9,1.01204797713657e8,8.593329036934134e7,1.0313468475763592,0.5484627046541215,2.209667659208489,0.12693944387056438,40.237045630504184,-5098.039766853366,7.0,1.0,0.9952705881913619,-5098.039766853366,5107.507179633811,-0.32681279595908563,-0.3309039279292847,3.0,0.0,0.5592341991082216,0.5592341991082216
1050,1,0.05759915701648764,0.06456454636591821,0.00934852458319909,1.3486911041738474,0.43261962217319644,7.17300796666191e-9,9.734320280753537e7,8.871110105040345e7,1.2120466573123014,0.5443180681554637,1.9080625995250156,0.12476973039747069,39.796496157293156,-5096.842395104747,7.0,1.0,0.8744575178729735,-5096.842395104747,5106.667627707147,-0.1281948144078342,0.7672574599555446,2.0,0.0,0.5592341991082216,0.5592341991082216
1051,1,0.05741525696650417,0.06129468950057971,0.009291155538904434,1.339839269635559,0.4329288591858895,7.1830769025043474e-9,9.82768930321359e7,8.957849538425426e7,1.09548111588063,0.5256726043004387,2.0365560604268924,0.11908803713880645,39.05359778180532,-5094.537179588676,7.0,1.0,0.8296580588026136,-5094.537179588676,5104.163268616009,-0.3307071915423876,0.5776966362927851,3.0,0.0,0.5592341991082216,0.5592341991082216
1052,1,0.057619932447185246,0.057719570789100616,0.009439513162257943,1.3575285964435992,0.4309543568010998,7.257136134195387e-9,1.0052552083858769e8,1.0070568524972917e8,1.1230010711193081,0.5550576470523602,2.0621344948957434,0.12244911338945144,44.78127951528348,-5097.825921901838,7.0,1.0,0.9010491822693231,-5097.825921901838,5100.80060537871,0.23422829811806878,0.32078617192655656,3.0,0.0,0.5592341991082216,0.5592341991082216
1053,1,0.05804637341482269,0.06439270222264201,0.009246295223967624,1.3462020432414532,0.42770566509393887,7.128342745994487e-9,9.1584452980974e7,8.009938816726613e7,0.9959572424233769,0.5044943465805951,2.2190278755703523,0.12673688197158198,35.63451052856451,-5098.026825952605,7.0,1.0,0.8989038441695111,-5098.026825952605,5101.4187974425895,0.2354905426482219,0.3301623201377879,3.0,0.0,0.5592341991082216,0.5592341991082216
1054,1,0.05787415929785671,0.05404527065160808,0.009592958783497776,1.3492275830394815,0.4209630037664641,7.2332548172469584e-9,9.401889715652171e7,9.421624600632738e7,1.116554661988194,0.5243894308064848,2.266729733170492,0.11084135512529336,43.71955862745285,-5098.882419800586,7.0,1.0,0.9924847102114575,-5098.882419800586,5105.168470661334,-0.023898667782304983,-0.5112095067388509,3.0,0.0,0.5592341991082216,0.5592341991082216
1055,1,0.05797809325933562,0.06587447829048987,0.00916689124270911,1.356114860685749,0.4300764685754703,7.155751610757461e-9,9.273478866602524e7,8.711031605034077e7,1.0057881516837441,0.5349053539837104,1.976671135587793,0.13389799268684535,35.82454545667046,-5098.905639769045,7.0,1.0,0.7362290036067992,-5098.905639769045,5103.506294541413,0.6136616383200817,0.7172478111560849,3.0,0.0,0.5592341991082216,0.5592341991082216
1056,1,0.057740904137204126,0.06303282040453,0.009061901919080843,1.339704815169074,0.4329054114756969,7.1710183720103565e-9,1.0218059458901982e8,9.665832796418011e7,1.0252582216260062,0.5939896023342844,2.102879640227671,0.12853506096880893,45.389902528524914,-5100.546852558018,7.0,1.0,0.9203756188039806,-5100.546852558018,5106.728620263524,0.15228689230480086,-0.6690304191970426,3.0,0.0,0.5592341991082216,0.5592341991082216
1057,1,0.05789487516856327,0.060099066905105705,0.009418443228980507,1.3810508283534924,0.42446407898491895,7.199993364434999e-9,9.649491109354517e7,8.544484330144487e7,1.1839037210135785,0.5071603485254896,2.149117739992601,0.1245388681839787,36.66556409665358,-5097.329312332987,7.0,1.0,1.0,-5097.329312332987,5105.2185179206135,-0.8981558777559258,-0.8981558777559258,3.0,0.0,0.5592341991082216,0.5592341991082216
1058,1,0.05788987891312454,0.06191642761436446,0.009668291627345834,1.357207744531809,0.42442925538932774,7.175923380041803e-9,9.56366028829055e7,8.649365034311545e7,1.0066174517759983,0.4774921625142165,2.209920437711988,0.13184774186649229,38.013002542319406,-5097.418139635633,7.0,1.0,0.8493744561255377,-5097.418139635633,5102.890767954885,0.2610354836042461,-0.4174098951580163,3.0,0.0,0.5592341991082216,0.5592341991082216
1059,1,0.05792740264652147,0.062371794442184325,0.009362517060372312,1.351515683330991,0.4270482949106941,7.196822044200133e-9,9.463222196130155e7,9.233516344448614e7,1.1031038907643926,0.5743252591186282,2.0319243026153186,0.11537290252185638,40.06434374573743,-5094.588088958584,7.0,1.0,1.0,-5094.588088958584,5100.953428858809,-0.613491976880141,-1.0408989156430835,3.0,0.0,0.5592341991082216,0.5592341991082216
1060,1,0.057662825372715304,0.06366844475260378,0.00911082767589801,1.3394141884753243,0.43987499099800004,7.145145743175687e-9,9.985869465560551e7,8.653691635893655e7,1.0025433902507972,0.4959677284851002,2.371726729924775,0.13550013506566724,40.277204047542284,-5097.3822982556885,7.0,1.0,0.5186521589708255,-5097.3822982556885,5104.256956746177,-0.06803840617430978,1.30163552299382,3.0,0.0,0.5592341991082216,0.5592341991082216
1061,1,0.057963637166528165,0.06464730993248315,0.009131325916466433,1.360750641929493,0.4329802843282855,7.1021946071040005e-9,1.000678149414732e8,9.523409289457445e7,1.1015551015995135,0.5477654628187009,2.0680234133895214,0.10958959970248576,40.31489541404762,-5097.598473280525,7.0,1.0,0.6930349529789052,-5097.598473280525,5104.011567632387,0.3422680987050626,0.6699102755819695,3.0,0.0,0.5592341991082216,0.5592341991082216
1062,1,0.05762891470452124,0.05986187389101483,0.009330240566914408,1.3454500805765326,0.43269078272040984,7.190764696832003e-9,9.720221560508215e7,9.235006852188778e7,1.1354126744610253,0.5093507156197477,2.427863956155036,0.13263328895313037,37.129953774386216,-5096.41302124819,7.0,1.0,0.7267001847327498,-5096.41302124819,5105.645583712229,-0.19685294301780232,0.5894521108402841,3.0,0.0,0.5592341991082216,0.5592341991082216
1063,1,0.058136803940176486,0.055979392650382404,0.009555000490335388,1.355075207778784,0.4311872879032378,7.209478176712489e-9,8.97938115989435e7,8.778067242981336e7,1.0704131595171575,0.5996192195255123,1.9052270174066452,0.11809117330015667,38.83064788786153,-5098.050298960871,7.0,1.0,0.8462228140326982,-5098.050298960871,5102.115676757912,0.22439215609665553,0.2636774786542446,3.0,0.0,0.5592341991082216,0.5592341991082216
1064,1,0.05744952575413595,0.06391673534599501,0.00925777476267809,1.3495571823533408,0.42514672202784887,7.141210759591254e-9,9.92998388932922e7,9.201332340354362e7,1.0788498457503835,0.4704954044918016,2.417558927652178,0.12620974377370642,40.5703070831185,-5098.915023572512,7.0,1.0,0.9142587935004197,-5098.915023572512,5102.480275147087,0.1769958159457019,0.25625384318664146,3.0,0.0,0.5592341991082216,0.5592341991082216
1065,1,0.05767045978234017,0.060524843419790815,0.009480178580508303,1.3415715338287113,0.4271893093934336,7.149556886091985e-9,1.0736670330038261e8,9.695527894823018e7,0.965472297094113,0.48473702641542027,2.1014555078348964,0.12959643622875863,45.162464102251654,-5099.452155757883,7.0,1.0,0.6294660176667407,-5099.452155757883,5107.084079810302,0.23426654921695445,1.2985634075157577,3.0,0.0,0.5592341991082216,0.5592341991082216
1066,1,0.05768709791970243,0.06071737603202592,0.009605775009096373,1.372622342803777,0.4295169748166371,7.270365957024603e-9,8.586053002124533e7,8.263854393160208e7,1.1246106893194219,0.5636223312735988,2.1935137090080157,0.11789893793924998,40.961653832178804,-5097.891042091417,7.0,1.0,0.982945077521577,-5097.891042091417,5104.1079904698,-0.17866119055906893,-0.4046355617547306,3.0,0.0,0.5592341991082216,0.5592341991082216
1067,1,0.05827110763533489,0.059250854467678436,0.009534456683266874,1.3432323447478132,0.4305648954372493,7.211670266218766e-9,1.0355175013537608e8,9.73485438377325e7,1.023412021422477,0.4822639473544131,2.0416105767122197,0.13922023555304355,37.89399107715791,-5099.234283857081,7.0,1.0,0.5901455220860693,-5099.234283857081,5105.8692077166015,0.20943410263498663,1.1776282892142262,3.0,0.0,0.5592341991082216,0.5592341991082216
1068,1,0.057387647845758734,0.05818882658124051,0.009609769043288231,1.3698023827844197,0.4237171303286335,7.206146675031532e-9,8.394287193808416e7,8.913680479523203e7,1.119669375250842,0.6004339116851681,2.2834990184734743,0.1137832818461937,41.58019026751682,-5100.705765845636,7.0,1.0,0.9052845307196508,-5100.705765845636,5109.244619401598,0.10284491136917495,-0.3356977941175501,3.0,0.0,0.5592341991082216,0.5592341991082216
1069,1,0.05805814982861195,0.05693059850650071,0.009799539629389915,1.3635560034866865,0.42081655012231256,7.231528308616946e-9,1.1675840515715764e8,9.566864007537822e7,1.0436706915209937,0.46770936525691237,1.9934276619087778,0.1389957748644215,38.57029526492472,-5103.090100823733,7.0,1.0,0.9149392896819369,-5103.090100823733,5110.768574711929,-0.09411099952922086,0.5687946214320618,3.0,0.0,0.5592341991082216,0.5592341991082216
1070,1,0.05796651719632838,0.05707913209160599,0.009737409564731445,1.3698736484829672,0.42235172167972657,7.266402857468643e-9,1.2382488160346186e8,9.180539774113184e7,1.0708014982590561,0.4735415023690318,2.0013942593171614,0.1436788605277697,39.36964541225918,-5105.151653606506,7.0,1.0,0.9941523651473211,-5105.151653606506,5108.092778352288,0.04179480501443322,-0.6539657912053372,3.0,0.0,0.5592341991082216,0.5592341991082216
1071,1,0.05809866643131621,0.0582052539885644,0.00950859290076932,1.3751744096075813,0.42643892288437657,7.108746132941891e-9,8.826102832780819e7,8.413191128454234e7,0.9701735582475964,0.5944136320346424,2.16979927842604,0.1295637776732317,34.63139695592112,-5100.539643598939,7.0,1.0,0.944117999820414,-5100.539643598939,5113.356535294074,-0.17756533804276842,0.2670331546014495,3.0,0.0,0.5592341991082216,0.5592341991082216
1072,1,0.057601270825312405,0.059751826725872925,0.009339200222462568,1.3354427544186322,0.4306457420472549,7.218236821911455e-9,1.0434702467386882e8,9.736735980237605e7,1.1574307013745322,0.49388031398056687,2.0859799472156206,0.11914685976215093,45.67833085307565,-5098.694342980955,7.0,1.0,0.8652427328790324,-5098.694342980955,5108.6518266,-0.16750423962366767,0.3076173247636689,3.0,0.0,0.5592341991082216,0.5592341991082216
1073,1,0.05786153075354061,0.061163544921387376,0.009617158121884843,1.3387469531369662,0.4198752334150005,7.12638281134611e-9,9.720916497767726e7,8.775530441746975e7,1.1824364324940753,0.5229438742315455,2.2115463264363693,0.12154359124018282,43.24713699182321,-5097.54803724842,7.0,1.0,0.8206011496717766,-5097.54803724842,5104.615086644566,0.13545405692093482,0.5704529756330885,3.0,0.0,0.5592341991082216,0.5592341991082216
1074,1,0.05772141124189569,0.058742669622754505,0.00921480284729061,1.3675502396618482,0.42621957408868805,7.132305866020796e-9,9.607234504541083e7,8.975998310982136e7,0.9735805325902724,0.5254863880564168,2.0274320079440677,0.12546707519686148,40.04207017640083,-5098.040388883307,7.0,1.0,0.8916515524968186,-5098.040388883307,5104.087634474143,0.2891098331729154,-0.8228727357573007,3.0,0.0,0.5592341991082216,0.5592341991082216
1075,1,0.0580146186176843,0.05875218119279019,0.009581167185617842,1.3389878499922283,0.42407844165088615,7.229149723507431e-9,9.212399338784882e7,9.043916379829508e7,1.1585128985784288,0.5451002543080803,2.3407463712632817,0.11993679151427983,40.38091216045386,-5095.629312720609,7.0,1.0,0.9346844998328417,-5095.629312720609,5101.73558796903,-1.2061144124845669,-1.2061144124845669,3.0,0.0,0.5592341991082216,0.5592341991082216
1076,1,0.05780208691004092,0.05979212148212722,0.009357870500113923,1.3565497485502869,0.4289959004511065,7.1353561660732344e-9,1.0361500842044161e8,9.05791489409954e7,1.040877407735447,0.49879218831351824,1.9181531843493835,0.12378616206728801,39.452802928377885,-5094.853247926593,7.0,1.0,0.9712446862679049,-5094.853247926593,5098.494710776979,-0.0945138375100214,0.12519376388172532,3.0,0.0,0.5592341991082216,0.5592341991082216
1077,1,0.057787739426720504,0.05939398365391795,0.00933717801985419,1.3931377832614964,0.4313125011763906,7.0844743934424444e-9,9.983343181045602e7,8.202972211540994e7,1.074025874137506,0.48169084313028027,2.095715439433429,0.11794481670269645,39.480698817788216,-5101.1638740055605,7.0,1.0,0.6308351909684413,-5101.1638740055605,5104.351912555567,0.7985162893910456,0.8220722052828933,3.0,0.0,0.5592341991082216,0.5592341991082216
1078,1,0.05774584045632275,0.06413491293570686,0.0093318063292747,1.3123531215444242,0.4317775287635898,7.212241306157019e-9,9.966957686631171e7,9.291152061555257e7,1.029152248119106,0.5759500635350461,2.1808511739113645,0.11704495582907802,39.30744145994574,-5097.349195359613,7.0,1.0,1.0,-5097.349195359613,5104.551822769796,-0.5055785357826608,-0.674466099086203,3.0,0.0,0.5592341991082216,0.5592341991082216
1079,1,0.05766506794841387,0.06259325527591984,0.009177056129095269,1.3309990274071908,0.43588708268021,7.114181972730555e-9,9.8124719276034e7,8.925826360210831e7,1.038178417897456,0.4960618559642385,2.0265568186908802,0.12375539699355875,39.074318560434264,-5094.547492880159,7.0,1.0,0.7532104916747949,-5094.547492880159,5100.754555756408,-0.3362442488232773,0.7172521081101877,3.0,0.0,0.5592341991082216,0.5592341991082216
1080,1,0.0581123395292095,0.06052850488849835,0.009105245590676034,1.3345417712364962,0.44215303417429286,7.061770795790737e-9,9.50074316157962e7,9.516914977831605e7,1.0901157254476046,0.5673300840718021,2.1354971479966887,0.1257799279640615,36.23778907544069,-5097.9156206299185,7.0,1.0,0.5948324541330567,-5097.9156206299185,5101.467011487257,0.21528910302458826,0.967967363992102,3.0,0.0,0.5592341991082216,0.5592341991082216
1081,1,0.05804263064564891,0.06153796141733828,0.009291542129907515,1.3319781424543977,0.4338784481087277,7.131295533514898e-9,9.844242333221483e7,9.308699313817096e7,1.1107566451246011,0.5603750961301835,1.944034212745774,0.1254557606899201,34.04135640510604,-5097.143727477467,7.0,1.0,0.9867816391822657,-5097.143727477467,5101.633449981422,0.026410979164211312,-0.21365520623930934,3.0,0.0,0.5592341991082216,0.5592341991082216
1082,1,0.05784091218016146,0.06103420734973485,0.009566136299313285,1.361192530574164,0.4270533284711264,7.197437036857722e-9,8.955253735443194e7,8.714887201525816e7,1.0148766011292039,0.503963736190942,2.280445210463431,0.11867442557481285,46.57824829828853,-5096.928764436252,7.0,1.0,0.946920393939134,-5096.928764436252,5098.988280868727,0.1505145414685103,-0.3532170304497413,3.0,0.0,0.5592341991082216,0.5592341991082216
1083,1,0.05803150294795128,0.05699078233343632,0.009415034027880523,1.3385831937082202,0.4296667628123857,7.137697860112861e-9,9.532910449639887e7,8.643008955739139e7,1.0518318154311246,0.5050903229001282,2.2092465043710394,0.11436300884666885,44.78507771185915,-5096.4979013639895,7.0,1.0,0.8864280848816042,-5096.4979013639895,5100.814631617739,-0.05864934743021877,-0.34281562171781843,3.0,0.0,0.5592341991082216,0.5592341991082216
1084,1,0.05784737287885759,0.06229058926583712,0.00931675175962024,1.3377854948243673,0.4307846424126138,7.18772310862097e-9,8.444767048922844e7,8.719903401558742e7,1.0037855358140537,0.5978449595330271,2.0632607233649938,0.13476127625225717,43.519936556892596,-5097.629539322755,7.0,1.0,0.879545661371502,-5097.629539322755,5101.970781630117,0.05236230917580542,0.3552004790826686,3.0,0.0,0.5592341991082216,0.5592341991082216
1085,1,0.0579878808469071,0.056915012697920465,0.009588274326639609,1.3697180280977268,0.4211325234474817,7.184153271107921e-9,1.034817108960748e8,9.260322658382729e7,1.122968950732687,0.4697572997203705,2.1124322875389705,0.12300718331188891,37.32940665965599,-5097.086901287854,7.0,1.0,0.8815818135982613,-5097.086901287854,5104.235762163273,-0.027726214885660738,0.343463028786573,3.0,0.0,0.5592341991082216,0.5592341991082216
1086,1,0.05762573853196215,0.05902071923880051,0.009547776247179954,1.3537905264983587,0.42352481779534024,7.272134606000879e-9,9.531600786618547e7,9.417304486982049e7,0.9833385126262901,0.5346193486499803,2.0095092420501723,0.12855349443363306,39.67230770071111,-5095.3733128082185,7.0,1.0,0.8572047497566935,-5095.3733128082185,5104.8312851068085,-0.12612288864784205,0.5074605470026654,3.0,0.0,0.5592341991082216,0.5592341991082216
1087,1,0.05792305147843045,0.057148526745403314,0.009328784561167761,1.3485892857855284,0.43765091636268316,7.077140322766972e-9,8.329923453201531e7,8.684457436508653e7,1.0424262795039392,0.5303143159143977,2.0538773887330053,0.11084456271939915,38.30535035140467,-5099.907171882262,7.0,1.0,0.5827880692000011,-5099.907171882262,5106.997221155209,0.5966976285280907,0.9835138100661425,3.0,0.0,0.5592341991082216,0.5592341991082216
1088,1,0.0579140935698676,0.06317551407392925,0.009220011054540178,1.3519424559661635,0.43760971168916435,7.227722428031883e-9,8.593406978749001e7,9.101370092954475e7,1.1024053419524282,0.5342008573913963,2.0714328507202264,0.11620768343876975,35.81245043507945,-5098.936362296063,7.0,1.0,0.9921538875504403,-5098.936362296063,5104.5896800226255,0.05648864810336818,-0.8084549318109566,3.0,0.0,0.5592341991082216,0.5592341991082216
1089,1,0.05782729259160861,0.06470359585644622,0.00920870495326517,1.3372216185125012,0.4314938987307802,7.09010128553307e-9,9.961270357496208e7,1.0182836670937854e8,1.0235612275275916,0.5173367939768357,2.099465527181998,0.11702933917778272,46.12685606700312,-5098.0815880537875,7.0,1.0,1.0,-5098.0815880537875,5103.356630048945,-0.6340129553173028,-1.0967365899905417,3.0,0.0,0.5592341991082216,0.5592341991082216
1090,1,0.05793085432819922,0.06505406008288718,0.009268908644893797,1.3411828354890802,0.43754365261886863,7.1534646392544e-9,8.953159482443541e7,8.335431773518035e7,1.075680742563523,0.5480252923069968,2.0760184667041557,0.1253303836638061,34.684893588370045,-5096.795492767401,7.0,1.0,0.9358720142081847,-5096.795492767401,5103.531096938443,-0.07470595884387876,0.24346386788602103,3.0,0.0,0.5592341991082216,0.5592341991082216
1091,1,0.05755005673450517,0.05798614074187885,0.009280350731937115,1.356926500257007,0.4338261161768537,7.200888427731216e-9,9.29751086918722e7,9.128514772158207e7,1.0895677723824826,0.542774987151409,2.2019154813380686,0.11430697704419816,38.47250734312772,-5095.428612171203,7.0,1.0,0.9342454529707366,-5095.428612171203,5101.804318821648,-0.08177257769057178,0.24670366387726972,3.0,0.0,0.5592341991082216,0.5592341991082216
1092,1,0.05818573655177534,0.06285143753462784,0.00946261033356667,1.3472742436752692,0.4202833002626381,7.1645159004521265e-9,1.0898944941118161e8,8.462852284422578e7,0.9750050407840781,0.5925801343251648,2.255366401369534,0.14369111128042292,42.375771762530256,-5102.481172665508,7.0,1.0,0.5377102452316986,-5102.481172665508,5106.913958764308,0.8331762318357505,0.8355614312522448,3.0,0.0,0.5592341991082216,0.5592341991082216
1093,1,0.05778326326348134,0.05749044251572503,0.009334573819125863,1.370969228823208,0.4313074703843956,7.2234028825981405e-9,8.152688438597131e7,9.528550174761079e7,1.1421640126499693,0.4923109220639846,2.203689041481304,0.11109652438472437,38.3777734510433,-5100.70700982051,7.0,1.0,0.9406010044287284,-5100.70700982051,5109.806428920166,0.04005967220837192,-0.6607037345465869,3.0,0.0,0.5592341991082216,0.5592341991082216
1094,1,0.0579957292781511,0.06367332399699727,0.0093255869719428,1.3284679643493282,0.417632549896928,7.116197344559596e-9,1.1034765202188624e8,8.530272481442076e7,1.0216832665071478,0.5958114407851895,2.0211160944217377,0.13564942872938207,40.84242728698337,-5102.328240725498,7.0,1.0,0.9497212622405209,-5102.328240725498,5106.553969160328,0.30633764819685894,-0.3800356088759145,3.0,0.0,0.5592341991082216,0.5592341991082216
1095,1,0.05776921372735529,0.06406126117196818,0.009391833645853165,1.3359191526706669,0.4210925661970901,7.098589401135273e-9,1.0956799006325905e8,8.812913440781261e7,1.0090934142315502,0.5930034092116772,1.9963241690542408,0.13265491459951423,42.61163028698286,-5100.282418102501,7.0,1.0,1.0,-5100.282418102501,5104.37762488536,-0.39675378798347083,-0.9411181170999043,3.0,0.0,0.5592341991082216,0.5592341991082216
1096,1,0.05779839283135469,0.06141551513272606,0.00946176307755191,1.3501236725780996,0.4230800926151929,7.148130632236168e-9,1.1260440553280473e8,9.458367557698143e7,1.0403324164449197,0.5276273929726351,2.1362590522811598,0.15385629333163148,41.63573869153547,-5100.45188473354,7.0,1.0,0.7509889259770995,-5100.45188473354,5107.153048533137,-0.10196734961391485,0.9076429384640505,3.0,0.0,0.5592341991082216,0.5592341991082216
1097,1,0.05769952187945598,0.0614549060554139,0.009304522489608096,1.3309336707303578,0.4263772950047595,7.146505912114164e-9,9.456632125970094e7,8.797701035847096e7,0.9838038398175457,0.5136389954049863,2.0458071291692073,0.1007037888844377,38.751063777379365,-5098.456364667271,7.0,1.0,0.9808766259783541,-5098.456364667271,5105.760926218098,0.01415799901860737,-0.3115986613520363,3.0,0.0,0.5592341991082216,0.5592341991082216
1098,1,0.05793306689187649,0.05930412090037389,0.009325606755144059,1.3312087467012284,0.4341283175096178,7.1708025905392194e-9,8.940695855096246e7,8.12919346272422e7,1.0085465068540505,0.5105698878654231,2.0193244705398117,0.12500207753041442,40.88384772879297,-5095.4972363625,7.0,1.0,0.979085630589256,-5095.4972363625,5102.804022148394,-0.36633360300220374,-0.4696132014723844,3.0,0.0,0.5592341991082216,0.5592341991082216
1099,1,0.05772898335955696,0.060767621402224754,0.009451800762306312,1.3679277699034527,0.4278986109261721,7.149455558802564e-9,9.978116957763784e7,9.845976987552924e7,1.1809081581816285,0.5495966658245273,2.2458360027803943,0.11994540528004373,37.02170837839557,-5096.504755421103,7.0,1.0,0.8873095062724337,-5096.504755421103,5100.420338390768,0.20740758438751072,0.2232531003355689,3.0,0.0,0.5592341991082216,0.5592341991082216
1100,1,0.05808723319048461,0.06477337914094373,0.009381907666434992,1.360637594923578,0.43215418398298167,7.127941782042012e-9,1.0033413151347508e8,1.0105537787346876e8,0.9310344299698122,0.5028908964466055,2.0637239901773348,0.10744655285025101,45.12169063185106,-5101.444177962352,7.0,1.0,0.8695247970658408,-5101.444177962352,5105.626559027114,0.2838070506704753,0.322246914034622,3.0,0.0,0.5592341991082216,0.5592341991082216
1101,1,0.057728273171108076,0.059005472642448084,0.00930657964555641,1.328224713628162,0.43005243264428683,7.199819194020891e-9,8.866506926370473e7,8.077991376592271e7,1.1989610083679607,0.5581698461149679,2.127395461733729,0.13896121022262084,34.96427358237247,-5100.918003225187,7.0,1.0,0.8997687640666202,-5100.918003225187,5103.764802688623,0.2721851750775386,0.46824530171306833,3.0,0.0,0.5592341991082216,0.5592341991082216
1102,1,0.05766432193167633,0.06113317402324157,0.009347688808945199,1.3615377661341972,0.43741887643412247,7.160051528094192e-9,9.212287599884702e7,8.663671875559314e7,1.0626995480269943,0.5602527200623115,2.248756112768439,0.11918158811836123,38.247935381964474,-5095.16663560189,7.0,1.0,0.9997961033174603,-5095.16663560189,5104.085222726537,-0.5173731865415903,-0.5648819389907658,3.0,0.0,0.5592341991082216,0.5592341991082216
1103,1,0.05773491988243499,0.060934498664035996,0.009313651532587529,1.3717621750064992,0.4344983625972247,7.253643580355535e-9,9.709142768270986e7,8.2761300843863e7,1.0160525226070884,0.5742085455306352,2.2046286964451824,0.11498242611127045,39.85460575347473,-5097.55336420921,7.0,1.0,0.7348701973485873,-5097.55336420921,5100.100751801235,0.16120213992871868,0.7194066782230948,3.0,0.0,0.5592341991082216,0.5592341991082216
1104,1,0.058110340711172846,0.05748702998854679,0.009374270838362515,1.3311605029566644,0.43104099694919223,7.106237371581507e-9,9.710315306475346e7,1.0413676112736261e8,1.1009292583639045,0.49673682202402486,2.0461834561595547,0.13907486269290437,38.61761293854807,-5098.55261408776,7.0,1.0,0.741243744055042,-5098.55261408776,5108.421617058406,0.09887376430833683,0.5512593059547726,3.0,0.0,0.5592341991082216,0.5592341991082216
1105,1,0.05779783560264849,0.06687200917278263,0.009196381354599353,1.3624875463334682,0.4363961984178538,7.206724519904858e-9,9.930964356866369e7,7.973424711631274e7,1.1015730380598705,0.5562939880654422,2.2412926170331415,0.10850830273966543,39.73091612655007,-5100.445490541921,7.0,1.0,0.846655277637438,-5100.445490541921,5109.114704489172,0.2852764393592224,0.4070997995822836,3.0,0.0,0.5592341991082216,0.5592341991082216
1106,1,0.05779998950701661,0.05725857683302318,0.009371524741307428,1.366085798507186,0.42729601033663805,7.10976738711227e-9,9.166916883916818e7,1.0086395897169082e8,0.8983999407940993,0.540587398555177,2.2614224619352905,0.13232175287515313,39.79913529818827,-5100.253128854848,7.0,1.0,0.9254889292998467,-5100.253128854848,5110.037105241674,-0.10999202625134785,0.410516711695891,3.0,0.0,0.5592341991082216,0.5592341991082216
1107,1,0.05785397695731677,0.06124989448343557,0.009571575112083855,1.3436419233926502,0.4233418678409378,7.2448954005784e-9,9.536442090588573e7,8.026869004869086e7,1.3103908474050763,0.5152953289738842,1.993203034716339,0.11591257643124636,39.28703580702056,-5099.868341705165,7.0,1.0,0.9976390519808686,-5099.868341705165,5102.739565087839,-0.1522899527781192,-0.6236903697717935,3.0,0.0,0.5592341991082216,0.5592341991082216
1108,1,0.057728348936679226,0.060619851422674065,0.009613054663831281,1.3453807879456416,0.4283679696139932,7.24628296334921e-9,9.717950405897096e7,8.298850426636316e7,1.3296796026908881,0.4837469003025776,2.002345571097826,0.1182491840360505,37.756611639338345,-5101.060962468019,7.0,1.0,0.9257136495741424,-5101.060962468019,5104.241738755094,0.3481861617874529,-0.39304701243509044,3.0,0.0,0.5592341991082216,0.5592341991082216
1109,1,0.057927679608019776,0.061653992412997106,0.00929802289056677,1.341512793553267,0.4277299506386457,7.061183953603606e-9,9.823835716475433e7,8.749344206877576e7,1.1280079275418464,0.5341096896654968,1.9254875886928027,0.12051559373948852,41.945797958729116,-5096.095917881875,7.0,1.0,1.0,-5096.095917881875,5104.991800786653,-0.6405509349087879,-0.6405509349087879,3.0,0.0,0.5592341991082216,0.5592341991082216
1110,1,0.05793191278297965,0.059232598060533624,0.009609893513176142,1.3525701618228791,0.42725926578632895,7.268355283978908e-9,9.463701535970838e7,8.842000443255045e7,1.0368067960317118,0.5354676667613653,2.1603758206927566,0.12046195329832603,36.007172822612915,-5095.504501456315,7.0,1.0,0.9141831940463954,-5095.504501456315,5100.27833986704,-0.02122673406756803,0.3741877192105676,3.0,0.0,0.5592341991082216,0.5592341991082216
1111,1,0.05769187191943513,0.0589871319469247,0.009486728868497624,1.3567781878120586,0.42004481777359864,7.102681597886732e-9,9.331632334964092e7,9.082896282416831e7,1.0920781015522503,0.5200886925925499,1.9907530617287765,0.13983985276400313,43.54388364826017,-5097.957167393361,7.0,1.0,0.7187736448082861,-5097.957167393361,5104.711974541954,0.31629009770040284,0.6467524519412109,3.0,0.0,0.5592341991082216,0.5592341991082216
1112,1,0.05775117381829992,0.05851026785457535,0.00940077500936011,1.3480138936959103,0.43503084735826114,7.27171166836495e-9,9.091776762825677e7,9.794825961648904e7,1.1420892460041336,0.5732347109658198,2.1968268399017217,0.13647563366646073,35.908564898023236,-5099.861654588303,7.0,1.0,0.9225755473083866,-5099.861654588303,5104.014137621727,0.193676775647873,-0.2262370998860206,3.0,0.0,0.5592341991082216,0.5592341991082216
1113,1,0.05831516521900633,0.06004889661385775,0.009688993773289429,1.381862736039404,0.41776899629957087,7.127878356983328e-9,9.580660521325512e7,9.386852166484524e7,1.1331456696954993,0.5286652169896422,2.024081489544853,0.13318540283908187,37.218464305417655,-5099.36252542739,7.0,1.0,0.9856815829624832,-5099.36252542739,5106.841331674478,-0.505390868664108,-0.505390868664108,3.0,0.0,0.5592341991082216,0.5592341991082216
1114,1,0.057851927117985605,0.05883760032313103,0.009530310216156974,1.3231319214089357,0.42588331302593435,7.218249084942021e-9,9.416480989485253e7,9.22657131588853e7,1.137020472053083,0.5381890117576117,2.2153877006145017,0.11290835420392292,41.17525810271704,-5095.991448283436,7.0,1.0,0.8995986556001938,-5095.991448283436,5104.479287995428,-0.24125426423415774,0.31732851065135037,3.0,0.0,0.5592341991082216,0.5592341991082216
1115,1,0.0578569945874837,0.06240685560903139,0.009351048706938644,1.3765989336424254,0.43393169464990194,7.1568847067854135e-9,8.709303749961422e7,9.843886421362942e7,0.9297305733959246,0.6058574522292537,2.0690905555062886,0.13461940563334415,39.84751481261994,-5100.279208441902,7.0,1.0,0.8267798943648508,-5100.279208441902,5104.198604167403,0.33526684019943787,0.39041938307036617,3.0,0.0,0.5592341991082216,0.5592341991082216
1116,1,0.05793409071143453,0.0582683498451994,0.009440385204318464,1.3319047967673907,0.42479749140928114,7.219659331582134e-9,1.0326034593788403e8,1.015991866520305e8,1.0885934047520038,0.5043976668482096,2.0767583993508905,0.1456997818396292,38.12648377498745,-5099.954677760636,7.0,1.0,0.8412658220565621,-5099.954677760636,5106.785261429782,0.25376872045762866,0.4131752047151167,3.0,0.0,0.5592341991082216,0.5592341991082216
1117,1,0.057668066258004906,0.06024462308308122,0.009555461254694485,1.338110991184315,0.42810830660713156,7.21884429882213e-9,1.0968072368957616e8,1.0014416570162994e8,1.0382343230071707,0.5544057383991556,2.1489892596180424,0.12213024260500184,39.34044289129723,-5097.640578807261,7.0,1.0,1.0,-5097.640578807261,5103.789313686154,-0.3190009275540433,-0.5441383246370606,3.0,0.0,0.5592341991082216,0.5592341991082216
1118,1,0.05768846399260984,0.0638732037528721,0.009119371170225966,1.3504665210953897,0.4370819156903579,7.1212230096769706e-9,8.75979795455402e7,8.43879214124788e7,0.9836429090477266,0.48345371268130655,2.3762866391369974,0.1329872251700185,37.72120869568511,-5098.7541040037295,7.0,1.0,0.5143724911125741,-5098.7541040037295,5108.81410208308,-0.4222235404040475,2.1823904230068365,3.0,0.0,0.5592341991082216,0.5592341991082216
1119,1,0.05770368705260443,0.06412410624130707,0.009337775168297344,1.372667447113638,0.4314063765733487,7.161581676283799e-9,9.3790153460834e7,8.24805117019206e7,1.0160967984713583,0.5216689668553322,2.2745545268346294,0.13233364842950085,37.42375424526487,-5096.3081701223,7.0,1.0,0.9395572776355378,-5096.3081701223,5101.849811572364,-0.15118519624775217,-0.23598620970278716,2.0,0.0,0.5592341991082216,0.5592341991082216
1120,1,0.05803412398153982,0.05747669635297669,0.009722478164625396,1.3353850997917238,0.42648405178209825,7.21049826584775e-9,9.408142335202673e7,9.754438104312079e7,1.0995170518426862,0.5356375096225182,2.0142626462017583,0.11654774739798153,42.99301166685465,-5098.052078749376,7.0,1.0,0.744031578996336,-5098.052078749376,5100.255140157243,0.6634649989864556,0.7665558503795182,3.0,0.0,0.5592341991082216,0.5592341991082216
1121,1,0.05747717564354648,0.06900616549494405,0.008929464169174603,1.3498876137307898,0.4400116546964904,7.028270864020545e-9,9.555068558876862e7,8.464600676815736e7,1.0080033714301058,0.5380158571735116,2.445580530978705,0.12612429815342432,37.04857294786542,-5103.8762746538405,7.0,1.0,0.8165717057617662,-5103.8762746538405,5112.610524001015,-0.08811771643468091,0.6792598372212524,3.0,0.0,0.5592341991082216,0.5592341991082216
1122,1,0.05823034006322106,0.05664196577959087,0.009471818232116506,1.3370042303410266,0.4257554383532562,7.21204481429862e-9,9.522703571372755e7,9.578067876679938e7,1.0991010408049133,0.5254824111740569,1.9037503991810363,0.12722879873707074,42.238919241567295,-5098.5489468392725,7.0,1.0,0.9731382569851936,-5098.5489468392725,5109.017483580721,-0.19184479392060894,-0.7670487343975765,3.0,0.0,0.5592341991082216,0.5592341991082216
1123,1,0.057875624308939534,0.05688508710660009,0.009600599835651518,1.3607774965043198,0.4236278926413869,7.139530868367479e-9,9.558417398533198e7,9.088089591576852e7,1.0475200459860137,0.5986870327748096,2.1214524088393953,0.12511163760638383,38.16924000002201,-5095.890619551373,7.0,1.0,0.9914289787146588,-5095.890619551373,5101.650814121653,-0.6614381867557313,-0.6614381867557313,3.0,0.0,0.5592341991082216,0.5592341991082216
1124,1,0.057925124624308835,0.0639579344623721,0.009478243966070232,1.3443419153843355,0.43456437401504955,7.25273154904884e-9,9.145820620098698e7,8.819722043586728e7,1.0606397730708816,0.4855476305106556,2.038366920775121,0.12271569115525602,41.62086223693764,-5097.294693280623,7.0,1.0,0.7967008255989155,-5097.294693280623,5102.692179964333,0.24288517406057508,0.5256328342366032,3.0,0.0,0.5592341991082216,0.5592341991082216
1125,1,0.057874390637823486,0.058265955756826714,0.009300948421255343,1.3522706572486871,0.4314369182693176,7.1191273632168e-9,9.344452148926137e7,9.354603989731343e7,1.0050647834003679,0.5162904024446225,2.2081254856427868,0.12854329026758687,36.992828283998435,-5094.898760080077,7.0,1.0,0.9588940003967864,-5094.898760080077,5100.73747092239,-0.4534727156114968,-0.5476888400871758,3.0,0.0,0.5592341991082216,0.5592341991082216
1126,1,0.05777812763325647,0.06289545054013765,0.009435219346994102,1.3573151648435193,0.42773872394005696,7.190829537413592e-9,9.528944580508307e7,9.196455175262737e7,1.1421789274064988,0.5262289064071406,2.0401761473670197,0.11604234468207235,43.22327127752934,-5094.425101945484,7.0,1.0,0.8947553377319303,-5094.425101945484,5100.115517396278,-0.09092289175168844,0.24104626220560021,3.0,0.0,0.5592341991082216,0.5592341991082216
1127,1,0.05792535508398628,0.05657723983330847,0.009624250203213912,1.337416997382339,0.4207698775036677,7.2031921949170174e-9,9.5474497327547e7,8.720017903057128e7,1.141640790290602,0.6049827478273067,2.0903956826668924,0.13031823568326395,37.23225567531289,-5097.245708634085,7.0,1.0,0.5888278509386363,-5097.245708634085,5105.7262525543365,0.24384381982326886,0.9764829859959718,3.0,0.0,0.5592341991082216,0.5592341991082216
1128,1,0.057648042831440045,0.0634489155084515,0.009318979263306056,1.3902441802045784,0.4302450065940141,7.188126466398021e-9,8.185228889013855e7,9.046555377998485e7,0.9760301808110956,0.4733667245449837,2.2269274642759407,0.11999666629832023,41.57515883010048,-5101.521874744404,7.0,1.0,0.454741955131374,-5101.521874744404,5111.109803633569,0.48260235167072096,1.2650452876187046,3.0,0.0,0.5592341991082216,0.5592341991082216
1129,1,0.05776174472293711,0.06140304533105518,0.009406476132844357,1.3644480214506347,0.4344853295962384,7.205849051383097e-9,8.920204400847863e7,9.015936726272419e7,1.0636225877137637,0.5024518442325725,2.253084666821625,0.12868636386996327,37.23525374089509,-5094.8805108782335,3.0,1.0,1.0,-5094.8805108782335,5102.800301183904,-0.5631973666868362,-0.5631973666868362,2.0,0.0,0.5592341991082216,0.5592341991082216
1130,1,0.05779618068268979,0.060518815186964135,0.009495267207001057,1.3592900455370862,0.4296847554701761,7.154140519004843e-9,9.613813338631909e7,9.005981799064137e7,1.060878498621214,0.5030314797374241,2.1643631704835924,0.12451270584652853,37.34957251795515,-5093.711121398423,3.0,1.0,0.693821000680118,-5093.711121398423,5099.460026786497,0.22439730098358268,0.6070381575573265,2.0,0.0,0.5592341991082216,0.5592341991082216
1131,1,0.05786103064260636,0.05994437989052311,0.00940553869180014,1.3461803071851823,0.4277698540851186,7.188542241913459e-9,9.2678521537589e7,8.808746627535835e7,1.0437161448583578,0.5582682286446593,1.9904390565815988,0.12500831967949697,41.5447511245555,-5093.21529589734,7.0,1.0,0.8802842274183619,-5093.21529589734,5096.953265012286,-0.2379177581933618,0.30622114238303766,3.0,0.0,0.5592341991082216,0.5592341991082216
1132,1,0.05769862618320078,0.061428428130349225,0.009457912433704727,1.3537300176516593,0.422461401819755,7.097474386342104e-9,9.356675492859781e7,8.816691173802042e7,1.1667299967921512,0.5282926796538783,2.3174735769809582,0.12803099062615966,37.13356915273285,-5097.512278344632,7.0,1.0,0.6227928717481449,-5097.512278344632,5100.985388019662,0.5944972825736841,0.7666454323289145,2.0,0.0,0.5592341991082216,0.5592341991082216
1133,1,0.05785003790176142,0.05901747952840735,0.009367866692780488,1.3640025115326182,0.42869580983405176,7.1326235105976e-9,9.220934439497933e7,9.556103232249722e7,1.0257317169298006,0.48699426740610957,2.105623464383955,0.12250498643929819,39.55977837825118,-5094.471809906238,7.0,1.0,0.9846876360333118,-5094.471809906238,5101.550200381344,-0.5909812824220353,-0.5909812824220353,3.0,0.0,0.5592341991082216,0.5592341991082216
1134,1,0.05801802868010071,0.062309000140405905,0.00953037253619821,1.350113455736061,0.4211310611047246,7.198058218564324e-9,8.788400973413429e7,8.449562512503277e7,1.1518024901316817,0.5579300328360776,1.90395882799046,0.12632794463832153,40.221243794235875,-5096.739633362764,7.0,1.0,0.9051002180487647,-5096.739633362764,5098.6026066459735,0.1775814337825068,0.29295126694978535,3.0,0.0,0.5592341991082216,0.5592341991082216
1135,1,0.057700850017774676,0.05794314790922789,0.009475079247675326,1.3641731012957377,0.42558847390179916,7.193292416721241e-9,9.216960437278877e7,9.481181229413697e7,0.9643521698223783,0.5331431562715792,2.3890295069982685,0.1358167327159656,40.370955648521814,-5096.749837841942,7.0,1.0,0.954343750885246,-5096.749837841942,5102.072329328208,-0.08781334293598775,0.12176805035687721,3.0,0.0,0.5592341991082216,0.5592341991082216
1136,1,0.05796824273364415,0.061452335524452034,0.009453366746539103,1.3373315395141072,0.4270688733745789,7.132037745569457e-9,9.475567476573773e7,8.811118171326551e7,1.1728075451507811,0.5220377246371218,2.0514391972343127,0.10963008301601937,40.836611931949655,-5095.252857212758,7.0,1.0,0.8545560367368168,-5095.252857212758,5102.9121522577225,-0.25679079183646536,0.2586285010493157,3.0,0.0,0.5592341991082216,0.5592341991082216
1137,1,0.058074027098351605,0.05976188455771021,0.009451672248950032,1.357632939378732,0.43269216543768413,7.132767829226111e-9,9.021377799477151e7,9.051774207680917e7,0.9797767293280425,0.5698654048571525,2.076835271975082,0.12891395569540468,39.158962928118754,-5094.830181615921,7.0,1.0,0.9141470981619596,-5094.830181615921,5099.40770584315,0.011847809864775627,0.19119827755184815,3.0,0.0,0.5592341991082216,0.5592341991082216
1138,1,0.05762486387900458,0.060128519059677206,0.009509065571624023,1.3504528662360298,0.4202789093448628,7.233992576620921e-9,9.706241098626612e7,8.830287559273675e7,1.138363165512709,0.4904072761987416,2.174284707541744,0.12150778705303802,39.586552691654916,-5095.049897915087,7.0,1.0,0.8594916006795265,-5095.049897915087,5098.893321913325,0.06814826670506591,0.32188313199640106,3.0,0.0,0.5592341991082216,0.5592341991082216
1139,1,0.057788699947502624,0.05960052263808235,0.00931363702633788,1.358693206184436,0.4321585766769457,7.206530596594216e-9,1.0012696951566572e8,8.327846580236532e7,1.0068658000813469,0.5890800188991185,2.0640435369349133,0.10765925121565914,43.579075199104295,-5098.122305765513,7.0,1.0,0.8193145542792901,-5098.122305765513,5104.466980141503,0.2621891655053332,0.5534742706067846,3.0,0.0,0.5592341991082216,0.5592341991082216
1140,1,0.057973724209005414,0.06405229515769296,0.009231866720715496,1.3308993596854968,0.42718130731168313,7.081663218658816e-9,8.923036304178856e7,9.43443312153334e7,1.0943403428644416,0.5071155307412027,2.007531756793334,0.13213630170228943,36.203113656372565,-5096.942785810624,7.0,1.0,0.9128743944215211,-5096.942785810624,5102.477210579619,-0.07667214498633257,0.39544981805647694,3.0,0.0,0.5592341991082216,0.5592341991082216
1141,1,0.057918829432123425,0.059595433371834934,0.009377062566826216,1.3452519263313134,0.43403617762239777,7.201493812574108e-9,9.756569854845326e7,8.569734050921933e7,0.9928303385377777,0.5937531755509425,2.150633218208304,0.11210554762350385,38.65381797847202,-5095.802403071012,7.0,1.0,0.6577962312657414,-5095.802403071012,5104.1716538466535,-0.005068894557552994,0.9268734597544608,3.0,0.0,0.5592341991082216,0.5592341991082216
1142,1,0.057512467933827346,0.06142568642799029,0.009395585910892297,1.35440166305869,0.42467474651135256,7.189328087233958e-9,1.0106273966841109e8,9.819326804564096e7,1.0410992565915105,0.45746705714092695,2.2567200866437696,0.12395136802627342,40.47899391177932,-5097.661513470441,7.0,1.0,0.8811840460484437,-5097.661513470441,5102.1231825006535,0.143192779481069,0.26539823914026783,3.0,0.0,0.5592341991082216,0.5592341991082216
1143,1,0.057469279152135594,0.06273766975148012,0.009469521265470779,1.3455149150033112,0.42249535517721976,7.253041423344081e-9,1.0166090993452495e8,9.415426369937001e7,1.122190143365314,0.4816083754985146,2.162281171411264,0.1258219359976152,37.42962105754224,-5097.52042266958,7.0,1.0,0.7925660251498685,-5097.52042266958,5105.496892498796,-0.1239659703514917,2.1576070287392213,3.0,0.0,0.5592341991082216,0.5592341991082216
1144,1,0.05841734989126929,0.06130782516128045,0.009220487044205052,1.3342057097781452,0.44060060248199523,7.048448845753947e-9,9.102897408110109e7,8.944495936113101e7,1.00556088566008,0.5823764174613362,2.260569817531419,0.122474741557127,41.68606314263375,-5099.63028418172,7.0,1.0,0.8551761446713607,-5099.63028418172,5105.5867068886855,0.03748067247852305,0.4293485235193657,3.0,0.0,0.5592341991082216,0.5592341991082216
1145,1,0.057991746339706315,0.05920779096334538,0.009311386633927034,1.3341246552447161,0.42996102270924186,7.099848311260302e-9,9.853538565259868e7,9.449203583327238e7,1.0442401059159274,0.5153496960241091,2.2664790152455607,0.12858196686748272,38.817484950299026,-5094.819392126387,7.0,1.0,0.9806014823107622,-5094.819392126387,5102.1411475164905,-0.30240035846054525,-0.30240035846054525,3.0,0.0,0.5592341991082216,0.5592341991082216
1146,1,0.057571886245740576,0.0671965954300151,0.009257340290594388,1.3454276834997747,0.4328339297057735,7.131185286611144e-9,9.342307276420216e7,8.581644878543904e7,1.1266291883240107,0.5403027567674061,1.9764282873759749,0.11819907518392399,40.174820144488756,-5096.645157504639,7.0,1.0,0.8071863735283925,-5096.645157504639,5100.170332073761,0.3224919171570946,0.3224919171570946,3.0,0.0,0.5592341991082216,0.5592341991082216
1147,1,0.05783828112439637,0.05844585784476221,0.009380486880516105,1.3291653211994867,0.4374323696065807,7.168890777568751e-9,1.0273397060684049e8,8.936499817464711e7,0.9581555605924147,0.5257224782081001,2.2150346326975243,0.11246920103700607,39.30349740043092,-5097.636734476751,7.0,1.0,0.8446574682114838,-5097.636734476751,5105.457176716354,0.10254603273097018,0.46940187912514375,3.0,0.0,0.5592341991082216,0.5592341991082216
1148,1,0.05774295280422708,0.07218661659904983,0.00900840189417201,1.3449387721275294,0.43904036383856604,7.071019569584934e-9,9.791040471351519e7,9.257959466089894e7,1.1590966545154304,0.538046251909597,2.1129501706371348,0.1316215015881658,39.28389852094777,-5100.226821970315,7.0,1.0,0.9413127065710347,-5100.226821970315,5108.052657295537,-0.3383376002102523,-0.35917512663672824,3.0,0.0,0.5592341991082216,0.5592341991082216
1149,1,0.057925715580697444,0.05690733453140952,0.009367250439348954,1.3347539634023522,0.4292712366286724,7.186453914151436e-9,9.623501746220948e7,8.94404523840264e7,1.048604767527186,0.5224651796392377,2.019257185589738,0.11377857045367505,40.171611823472496,-5095.305720488661,7.0,1.0,0.5864587082818268,-5095.305720488661,5107.550000498649,-0.2697266898931048,0.8293532504631003,3.0,0.0,0.5592341991082216,0.5592341991082216
1150,1,0.05814759846147598,0.0641074535360439,0.009433130432599884,1.3579091161634094,0.422803652070539,7.096770900428231e-9,9.761963665058932e7,9.385363332426512e7,0.9453752977029761,0.4969902658284326,1.968171204886294,0.12820704666931376,41.19366677491685,-5098.0803576293965,7.0,1.0,0.9147653609232533,-5098.0803576293965,5100.597635789313,0.028386852040966915,0.27989494382291014,3.0,0.0,0.5592341991082216,0.5592341991082216
1151,1,0.057408772079283875,0.06116150113058966,0.009537543468289125,1.3400546796378103,0.4271288729297115,7.228497217634306e-9,9.06775747252829e7,8.896816705607025e7,1.196604220935786,0.5809974643727892,2.2820350571474126,0.11846295322757053,38.771511635768626,-5098.416517904353,7.0,1.0,0.7338610968122224,-5098.416517904353,5103.037339353293,0.26275088782313105,0.7750827003746963,3.0,0.0,0.5592341991082216,0.5592341991082216
1152,1,0.057843820159121845,0.0633799330475448,0.009199760238062252,1.35581001038672,0.4307775202058054,7.175888989877824e-9,1.0381634636928105e8,1.0653119917520556e8,1.0770642203273724,0.5293314765689636,2.0479142709211513,0.12169085412329105,43.69480707552766,-5099.155307954837,7.0,1.0,0.9247369786675556,-5099.155307954837,5107.670971415419,0.17221407915894815,-0.34940685216315615,3.0,0.0,0.5592341991082216,0.5592341991082216
1153,1,0.05781390001707067,0.05925356553342036,0.009231408376689846,1.331671782005433,0.4298830895643795,7.137486638558914e-9,8.582720409873937e7,8.15081398960771e7,1.0259716728621608,0.5173611699004701,2.1883172237808517,0.12493530879787557,35.80016493820154,-5097.736287561857,7.0,1.0,0.641238863532608,-5097.736287561857,5104.7914554938925,-0.8489627324870526,1.4679965212499155,3.0,0.0,0.5592341991082216,0.5592341991082216
1154,1,0.057581329760503314,0.05840389606327106,0.009834640936725016,1.3697492442370578,0.4150538410654916,7.161031866942303e-9,9.619896987771092e7,1.0611477272026287e8,1.1167844836081544,0.4942480466034444,2.0402305340622524,0.1250672496801928,43.76444607727128,-5104.044148602626,7.0,1.0,0.682318629316157,-5104.044148602626,5108.7473925695,1.0466307746874008,1.0466307746874008,3.0,0.0,0.5592341991082216,0.5592341991082216
1155,1,0.05792992581839265,0.05863687100328096,0.009615625778638448,1.358712473093203,0.4303674220839723,7.267398109386178e-9,9.389900915854944e7,7.71158509588309e7,1.0389519727098775,0.5649861105501971,2.19647666417971,0.1266223231201467,36.33822526734636,-5098.714664639597,7.0,1.0,0.8275450112090323,-5098.714664639597,5107.704448747693,-1.5234180720799486,-1.6687461188766974,3.0,0.0,0.5592341991082216,0.5592341991082216
1156,1,0.05787969389919151,0.06515724882725127,0.009270080450980309,1.3386235216252307,0.4279392178833891,7.1029472669775914e-9,9.410393752257201e7,1.053126997813589e8,1.066848596024942,0.5037107138053463,2.095908479314851,0.12602832459981914,42.90380305669111,-5097.173983561975,7.0,1.0,0.9780698453387277,-5097.173983561975,5102.860292646524,-0.15192410227609798,-0.3669106007355367,3.0,0.0,0.5592341991082216,0.5592341991082216
1157,1,0.0581328317856944,0.05467810081352115,0.009650049166279075,1.355345156294282,0.423685337605733,7.232259443474179e-9,9.154120852364194e7,8.059653578454258e7,1.0478065836270414,0.5360009411151898,2.054917283497053,0.11369908721112157,38.74169862355449,-5098.168113830798,15.0,1.0,0.8232785085636782,-5098.168113830798,5103.175324914718,0.07107702702978713,0.6471616426561013,3.0,0.0,0.5592341991082216,0.5592341991082216
1158,1,0.057882590609179656,0.06599940876680284,0.009182391961459792,1.3470014058681252,0.4269720189482045,7.112098250964511e-9,9.82641552975256e7,1.0213563545145611e8,1.1264653492294079,0.529241624884206,2.0495116242540763,0.13512226609829717,42.804442225546055,-5098.8301266572735,7.0,1.0,0.8230846074730509,-5098.8301266572735,5109.073052021675,0.28445957807161903,0.4113315107870221,3.0,0.0,0.5592341991082216,0.5592341991082216
1159,1,0.05783077857106332,0.0625864147713692,0.009345343562345773,1.351762523352624,0.4323566473759161,7.206093079812072e-9,8.951885449544777e7,8.688808497293192e7,1.0465312347554132,0.5268970675828475,2.2313491513458623,0.10963010062461698,36.50696611326612,-5095.370823120995,7.0,1.0,0.8753427514586599,-5095.370823120995,5106.9017656273745,-0.8037171567020778,-0.8037171567020778,3.0,0.0,0.5592341991082216,0.5592341991082216
1160,1,0.05795587638237925,0.0611902155218403,0.009210338778569409,1.342534186933267,0.42530930757498164,7.097917957925322e-9,1.001964350512575e8,9.65161888048454e7,1.1252574105951758,0.5292961720513539,2.034568175014542,0.1366296432269498,43.91033691193276,-5098.6864790447125,7.0,1.0,0.47946752787248903,-5098.6864790447125,5102.669366675159,0.977577519701299,1.4778310088240687,3.0,0.0,0.5592341991082216,0.5592341991082216
1161,1,0.05787630855313509,0.06360728791149946,0.009342488356071599,1.3444657211631141,0.43847021163563077,7.156900828710177e-9,9.258105330676402e7,9.63489697850028e7,1.098824236862214,0.5270630721061302,2.1505085774389996,0.13280123134959626,35.004625836148385,-5096.776162404998,7.0,1.0,0.8353074296058812,-5096.776162404998,5103.032901843416,-0.5333475289671696,7.795057536706736,3.0,0.0,0.5592341991082216,0.5592341991082216
1162,1,0.05766512476359459,0.057752761004789266,0.009666020170433883,1.3602668705777308,0.42354239227174517,7.1824262443921915e-9,1.0388492247119297e8,8.84375788803585e7,1.0334929296115452,0.49530400398293717,2.0559942982386135,0.1112030810766142,42.438684175050454,-5097.571621025418,7.0,1.0,0.9269061557947099,-5097.571621025418,5102.822249644296,-0.01624996300233761,-0.4162643183817636,3.0,0.0,0.5592341991082216,0.5592341991082216
1163,1,0.058089483529378386,0.06236723895368229,0.009335853233624528,1.36474365736283,0.427361483206696,7.138996101274634e-9,9.44604362310342e7,8.766237405434383e7,1.054197703356572,0.46665490100473095,1.7967416432204726,0.12179874783297438,40.286247331049466,-5099.3438011747485,7.0,1.0,0.9387935051592994,-5099.3438011747485,5105.626554784797,0.10594954638600029,-0.3097738822480096,3.0,0.0,0.5592341991082216,0.5592341991082216
1164,1,0.05790017989439685,0.05971521853563565,0.009465563094343439,1.3510547797832946,0.43131885121838065,7.146920705400438e-9,1.0165179271918367e8,9.89444658798174e7,0.9876202261687412,0.6433897372732882,2.5176229057546076,0.11615201326435612,44.69909666472851,-5102.87797915218,7.0,1.0,0.9268738899482949,-5102.87797915218,5108.408025624014,0.29576380125581636,0.29576380125581636,3.0,0.0,0.5592341991082216,0.5592341991082216
1165,1,0.05740807235569543,0.060650891970293275,0.009204269555865157,1.363717485385435,0.4319773582046547,7.194566767080789e-9,1.1473477890104838e8,8.749273425915895e7,1.064356106498213,0.5472375392823671,2.0446631735904064,0.12247701158969168,44.31337674327686,-5099.958161310473,7.0,1.0,0.9970398597735064,-5099.958161310473,5110.052697982686,-0.2704537646541212,-0.6088526957528302,3.0,0.0,0.5592341991082216,0.5592341991082216
1166,1,0.05825780646054111,0.06271324862041781,0.009451073237912944,1.3267452772847435,0.4307542801866534,7.1239961113172744e-9,8.006579209919226e7,9.284527710471494e7,1.073606442902966,0.512736766188279,2.109696984705873,0.12281584283051447,35.88886504236132,-5098.81723587034,7.0,1.0,0.7190334770358541,-5098.81723587034,5105.811992165226,-0.2927422324883082,0.8875601232075496,3.0,0.0,0.5592341991082216,0.5592341991082216
1167,1,0.05845083952976197,0.062447351659118536,0.00928981427956969,1.350577159723353,0.428708992137548,7.117646105536703e-9,9.74935661507507e7,1.0012771926969948e8,1.1250089101300236,0.5389149693919438,1.8794468810317408,0.1256011327242392,44.39071624693516,-5101.458180629422,7.0,1.0,0.6473897746181638,-5101.458180629422,5107.553715973967,0.8238794125791173,0.9489785163077613,3.0,0.0,0.5592341991082216,0.5592341991082216
1168,1,0.05768069883039633,0.06333693178050938,0.009260845454190727,1.3298772904244247,0.43362637644248286,7.03345687034137e-9,1.0197400523310977e8,9.548291998434813e7,1.0317471712350654,0.517617676822045,2.1227061375749634,0.11278893354155538,45.1303307803781,-5100.104602720116,7.0,1.0,1.0,-5100.104602720116,5106.378948616452,-0.21262654639212997,-0.9212233872158322,3.0,0.0,0.5592341991082216,0.5592341991082216
1169,1,0.05808906284016378,0.060723818421848555,0.009055959194395228,1.3218923291361389,0.4444328887886041,7.110225145950346e-9,8.591871933691236e7,1.015973437379117e8,1.2006618749945295,0.4934642075247659,2.2267676451062623,0.12833142580114515,38.78463869205571,-5102.13439674994,7.0,1.0,0.9659030272882193,-5102.13439674994,5107.888482774038,-0.2167190286645564,-0.3857716286693176,3.0,0.0,0.5592341991082216,0.5592341991082216
1170,1,0.05760865180149857,0.06323137259886263,0.009384015385693802,1.3384662943077983,0.42012640828492226,7.195188151644754e-9,1.0152152979513688e8,8.199831358705145e7,0.9778658726273797,0.5988019723726925,2.4871771337602784,0.11567320017501574,42.627841006189044,-5102.0678253546375,7.0,1.0,0.963704460088559,-5102.0678253546375,5108.393198516137,0.2573851445713444,-0.3690543816765057,3.0,0.0,0.5592341991082216,0.5592341991082216
1171,1,0.05815142417473155,0.060177407197933505,0.00943352792482928,1.3752859155131127,0.4317781024193715,7.143630836217855e-9,1.0141887501566996e8,9.853347752735645e7,1.0888880240892354,0.6311375543699999,1.95686440408084,0.12364800999006104,33.5629254480629,-5102.956774088773,7.0,1.0,0.9795497003421048,-5102.956774088773,5110.643096859749,-0.30373833776957326,-0.704042063873203,3.0,0.0,0.5592341991082216,0.5592341991082216
1172,1,0.05809229425262473,0.05744199687389208,0.009518656484725371,1.3599913309526634,0.428401305939244,7.145117996384495e-9,9.548069357623444e7,8.863546931559704e7,1.2031826952683122,0.5727548852915764,2.190234604466994,0.13790717894202548,39.483408371052555,-5096.932378630093,7.0,1.0,0.9798712215972769,-5096.932378630093,5107.60617866776,-0.512025974037897,-0.5745473047409178,3.0,0.0,0.5592341991082216,0.5592341991082216
1173,1,0.057762301129311064,0.05999099552563183,0.009543039931375587,1.3558989724620525,0.42612142314479035,7.24758265842343e-9,9.572044964492086e7,7.79873006877032e7,1.049778714143713,0.5378387323480358,2.0185049691026005,0.12921568065355538,37.19043513078696,-5095.932761735147,7.0,1.0,0.9841575200079993,-5095.932761735147,5100.925061610791,-0.06075850617253309,-0.19207010688205628,3.0,0.0,0.5592341991082216,0.5592341991082216
1174,1,0.05779949990392736,0.06385680693400948,0.00914306949879242,1.3603172313724945,0.43772406525664803,7.100437417817128e-9,9.698678048130503e7,1.019270798467244e8,1.0482367793451526,0.5100988399586707,2.1527668745163697,0.11664416896287934,39.73701820365057,-5096.626055753918,7.0,1.0,0.5549780693619947,-5096.626055753918,5104.341427299056,0.1576985077435893,1.1146558430400546,3.0,0.0,0.5592341991082216,0.5592341991082216
1175,1,0.057923165083520585,0.05680640970420049,0.009505317363082674,1.3394838307801318,0.42747852058977964,7.187602473787378e-9,9.41758961706846e7,8.143584395492089e7,1.1330305689352518,0.5531518074361632,2.1298405067439363,0.1280947926977891,42.33585779381688,-5095.805613398261,7.0,1.0,0.8533882016463235,-5095.805613398261,5102.937753064409,0.024070476627457538,0.3483087684990096,3.0,0.0,0.5592341991082216,0.5592341991082216
1176,1,0.057974064419494736,0.06844714317980141,0.009145239936841448,1.3491290143719126,0.449770214046727,7.1452928560605815e-9,9.425865001738836e7,1.0143384901521543e8,0.9826541828223756,0.49947169008765957,2.1160173866959333,0.12373686708149856,37.83456243687649,-5102.835942691192,7.0,1.0,0.5893174611984803,-5102.835942691192,5107.537899633874,0.8690024559473386,0.8690024559473386,3.0,0.0,0.5592341991082216,0.5592341991082216
1177,1,0.05740528105537861,0.06524123110458138,0.00916783282790301,1.3565215857414996,0.429158562338216,7.1829657997503895e-9,9.70651663426426e7,8.377297494038194e7,1.07611312271684,0.521560026516096,2.0608439743640807,0.12272398241051824,37.268563751740245,-5096.8560750466695,7.0,1.0,1.0,-5096.8560750466695,5107.959185702228,-0.7699986510442614,-0.7699986510442614,3.0,0.0,0.5592341991082216,0.5592341991082216
1178,1,0.05837818739379345,0.061955213347631856,0.009697486700802619,1.346431979464377,0.4242376014172852,7.217708967469897e-9,9.01173290520481e7,1.0477267306975603e8,1.0665655089754293,0.5229953504667061,2.1969093304534777,0.12431966648779841,43.56061461683133,-5100.112117375699,7.0,1.0,0.7982846680594644,-5100.112117375699,5105.290114168096,0.3538588105220697,0.5040292026660609,3.0,0.0,0.5592341991082216,0.5592341991082216
1179,1,0.057488482763564934,0.05801315172530738,0.009563046667617616,1.3695602593612697,0.42625865257615186,7.219602371320032e-9,9.640339446430852e7,7.981149609012328e7,1.0862392754692685,0.5328746101302404,1.994595341720013,0.12264459617283008,35.982481285341784,-5097.033055019439,7.0,1.0,0.9958160993558217,-5097.033055019439,5103.112757810264,-0.3791976721113315,-0.4439508498944633,3.0,0.0,0.5592341991082216,0.5592341991082216
1180,1,0.05765016460870625,0.05401733158117744,0.009722401838538428,1.37072514799673,0.4273629134281124,7.257661117957288e-9,1.0163786513497269e8,8.303582779732159e7,1.0461393453432724,0.5068619877114499,2.0429105795669296,0.12370705092187705,39.30859664166053,-5098.49053635449,7.0,1.0,0.6781115379464292,-5098.49053635449,5107.704029204092,0.14342798113193567,0.687431852697955,3.0,0.0,0.5592341991082216,0.5592341991082216
1181,1,0.058121212916829805,0.06368050581465978,0.009523617273608204,1.3310843071407272,0.42820002659169853,7.142909201571291e-9,9.264395389250863e7,9.8920762129563e7,1.0690136481237011,0.5618111350534619,2.2314129311159543,0.1265404839088447,40.41330957177577,-5096.413495691932,7.0,1.0,0.6258362605257636,-5096.413495691932,5107.0971855849675,0.12458547341793746,1.4383003987313714,3.0,0.0,0.5592341991082216,0.5592341991082216
1182,1,0.05771124776190921,0.06558195842544277,0.009346134050542135,1.3627796313428142,0.42032409706376983,7.238139377958527e-9,9.894729729772216e7,8.565878354421079e7,1.0383369247910388,0.49535054904394044,2.007997565608076,0.12021420098039273,38.54421731878722,-5099.704777911316,7.0,1.0,0.8323011138579611,-5099.704777911316,5103.736162189064,0.6292962822708432,-0.9058608750156054,3.0,0.0,0.5592341991082216,0.5592341991082216
1183,1,0.057755684570792436,0.06331224975534085,0.009367340221782913,1.326233527819019,0.4345434173693017,7.130038658304873e-9,9.995601287546465e7,9.566603562575623e7,1.0494438298144304,0.5680861883545991,2.037866804379097,0.1371290500915328,39.80369799019903,-5097.290288318769,7.0,1.0,1.0,-5097.290288318769,5103.053632166492,-0.634881353322271,-1.2531022751836645,3.0,0.0,0.5592341991082216,0.5592341991082216
1184,1,0.05786090942287552,0.06051503716697073,0.009424070532648245,1.3664229170781332,0.431511393536811,7.1954352039189334e-9,8.972296382626842e7,8.484078076702125e7,1.0826610491602244,0.4943087381581398,2.195464688378496,0.11079984102806988,38.910167259355234,-5094.9443269303665,7.0,1.0,0.8487736171664123,-5094.9443269303665,5103.83878470971,-0.9161138896379271,-0.9161138896379271,3.0,0.0,0.5592341991082216,0.5592341991082216
1185,1,0.05765044835176509,0.059240950620677454,0.009503223263842942,1.3758814998332418,0.42769371881132373,7.259977813221795e-9,9.545625410077107e7,9.715481969129662e7,1.0415606368588881,0.5648031182353286,2.240970185186423,0.12307089805068253,43.38065857512707,-5096.412535641843,7.0,1.0,0.8514243058973232,-5096.412535641843,5100.003362751712,0.11514566417190508,0.2634965820398065,3.0,0.0,0.5592341991082216,0.5592341991082216
1186,1,0.05804843806644905,0.0547412684041661,0.009677933991404097,1.3773714498450942,0.42976327033801465,7.243528476209785e-9,1.054816904153076e8,9.153805645760863e7,1.0524123811087747,0.5023816299076642,2.01234396630188,0.12101548372819391,40.94019110753212,-5098.9474690062,7.0,1.0,0.8262293610360543,-5098.9474690062,5103.479373321817,0.27321913437026524,0.3618295692040192,3.0,0.0,0.5592341991082216,0.5592341991082216
1187,1,0.05773800593942031,0.062141256301117595,0.009534461766608496,1.3356128272031615,0.4146480985894259,7.156993857544606e-9,9.770065656322606e7,8.186792647811992e7,1.024728472180835,0.5364316910148504,2.047141116044889,0.12499748404789064,39.03511181455065,-5097.606325912474,7.0,1.0,0.984993234779021,-5097.606325912474,5104.722397515599,-0.07895296247443184,-0.24935634475787083,3.0,0.0,0.5592341991082216,0.5592341991082216
1188,1,0.05829253459077125,0.052914473863143414,0.009693701092076325,1.3728523893004518,0.4269477568671832,7.167560929234889e-9,1.1067664522429758e8,8.763011807344776e7,1.0422775438461227,0.4978025524162505,2.255531088829377,0.10993806497515227,43.195667805216125,-5104.979671033028,7.0,1.0,0.7314159044507252,-5104.979671033028,5110.618934201466,0.5113001719537351,0.5364347816475856,3.0,0.0,0.5592341991082216,0.5592341991082216
1189,1,0.05767795307160639,0.058878833766674944,0.009551120767550849,1.3507379983481747,0.4215814491929871,7.19396740267488e-9,9.76347418838792e7,8.684563068923213e7,1.1338770463481518,0.48117151741074354,2.060415758219758,0.10958854880521617,41.3588038938093,-5096.180152449229,7.0,1.0,1.0,-5096.180152449229,5108.402801347931,-0.8939112189227671,-0.8939112189227671,3.0,0.0,0.5592341991082216,0.5592341991082216
1190,1,0.057727321132551135,0.057361320158363475,0.00958997873754025,1.368373917742393,0.423117615030423,7.211552875365216e-9,9.366355273745385e7,8.577480620302117e7,1.1707934930981994,0.5222068352851349,1.9415023330034658,0.13087425889441257,38.41825266756653,-5095.514257669961,7.0,1.0,0.9682072423431729,-5095.514257669961,5100.011855012597,-0.09339965724939248,0.1252561772334957,3.0,0.0,0.5592341991082216,0.5592341991082216
1191,1,0.05774331971839372,0.060077776685338286,0.009446675399039033,1.3539740492579988,0.4295180306100685,7.250651587289373e-9,9.02257043037218e7,9.136133464174715e7,0.9279081208846781,0.5622951811325712,2.155690067834915,0.12504870705074583,41.85239079193987,-5096.101483784014,7.0,1.0,0.7869556005473465,-5096.101483784014,5101.508242497747,0.13435476217637188,0.3581311476737028,3.0,0.0,0.5592341991082216,0.5592341991082216
1192,1,0.05772882452372804,0.06565592446308254,0.009177926362140557,1.356261941470541,0.4311654286051393,7.113492197694403e-9,9.805489481011687e7,9.227601488106784e7,1.1176800024297195,0.5130096181218793,2.440636965723255,0.12356935205130153,36.25244743474493,-5097.620447728519,7.0,1.0,0.9324069826332206,-5097.620447728519,5102.795498035043,0.05670095082314219,0.14031614994019037,3.0,0.0,0.5592341991082216,0.5592341991082216
1193,1,0.05774377510882044,0.06131814414456655,0.009285521683163815,1.3376685541851625,0.43219696666418955,7.144224109072829e-9,1.0017386923392414e8,8.961942539974576e7,1.0533451885673575,0.4918341422513714,2.324481792579076,0.11869431549383892,39.12131744224779,-5094.316420036987,7.0,1.0,0.8572233666713875,-5094.316420036987,5099.6532888240135,-0.28201095141503174,0.34578760814019915,3.0,0.0,0.5592341991082216,0.5592341991082216
1194,1,0.05767981808086705,0.05773759742464261,0.009652808270223686,1.3582574763227218,0.42267147202676997,7.201380359813301e-9,8.751988417333551e7,8.287255611308868e7,1.1357696170083411,0.49255917762757584,1.9295998447965461,0.1360317056545542,39.81266357247284,-5097.639126566343,7.0,1.0,0.6252770201354527,-5097.639126566343,5102.722639506573,0.4463114525515266,0.8769208856620025,3.0,0.0,0.5592341991082216,0.5592341991082216
1195,1,0.05795005258710315,0.0649539852042118,0.009345138955838994,1.3490778851106573,0.4317168415917947,7.256559539146635e-9,8.638290240277077e7,9.060831472064573e7,0.97963351155881,0.5667363478955837,2.261633917970729,0.11131778846404342,41.26235953982089,-5099.649268027291,7.0,1.0,0.6579613522809706,-5099.649268027291,5110.636532118995,0.493313959619627,0.8556445237090884,3.0,0.0,0.5592341991082216,0.5592341991082216
1196,1,0.05803483732819763,0.05935924276291632,0.009250426295318841,1.3467319943551872,0.4321224948075899,7.1428415509139715e-9,1.0756701583138166e8,8.951352600721751e7,1.1367111540189323,0.4969707610642273,1.9340877613116552,0.13183051865073542,40.3341771486915,-5097.985148324499,7.0,1.0,0.8777653469586173,-5097.985148324499,5105.743418190451,-0.11705609237287717,0.4716916879569908,3.0,0.0,0.5592341991082216,0.5592341991082216
1197,1,0.05762892717819065,0.062134713881036835,0.009613652414484489,1.3414890631061882,0.4225927826682968,7.215957145778528e-9,8.4691242626773e7,8.896643435990451e7,1.026927654238791,0.5563688058516053,2.357296907650093,0.11563236095026275,38.649944089807555,-5098.062342731624,7.0,1.0,1.0,-5098.062342731624,5101.548086794988,-0.13538041583797167,-0.4590028561942745,3.0,0.0,0.5592341991082216,0.5592341991082216
1198,1,0.057873760528771565,0.059640044337131534,0.009322510030024173,1.3536449160356854,0.43751961461128563,7.052669581928506e-9,1.0472450678405492e8,9.063469940166844e7,1.0792264283226731,0.5054813994335356,1.9318315757893978,0.13045846164211414,40.65193368485169,-5099.278564921792,7.0,1.0,0.8789441995415412,-5099.278564921792,5101.133541140979,0.536474035887295,0.536474035887295,3.0,0.0,0.5592341991082216,0.5592341991082216
1199,1,0.05772023360222613,0.05868063449660314,0.00945224066675748,1.3495024539965064,0.41991784258516185,7.197209546080575e-9,9.087386880896425e7,9.276473808981001e7,1.0467725935016965,0.5780004824973791,2.398343242329578,0.11538046998743298,39.44270143703019,-5097.161019618653,7.0,1.0,0.9857823099391372,-5097.161019618653,5104.299866053686,-0.3729416637970644,-0.9305295596332144,3.0,0.0,0.5592341991082216,0.5592341991082216
1200,1,0.05821330226863546,0.06203781110676952,0.009411992958887411,1.3400808073215291,0.4289769636631594,7.165216745038708e-9,8.83439760198114e7,8.993981144110014e7,0.9819324814845937,0.48525892579186325,1.92625520253588,0.14208832574942518,41.15664551075121,-5098.3641874069635,7.0,1.0,0.8549605098585064,-5098.3641874069635,5105.6954349561265,-0.18404039883444057,0.5325626889434716,3.0,0.0,0.5592341991082216,0.5592341991082216
1201,1,0.05746405779901138,0.059240389870585254,0.009418629726972338,1.3601241123000698,0.4272030480005116,7.160337489522974e-9,9.99865020276202e7,9.098847599042259e7,1.142313679310167,0.5876192819616481,2.2504014631730507,0.1113546460019369,37.83363802963862,-5097.430768221675,7.0,1.0,0.816718786024724,-5097.430768221675,5104.95463790189,-0.04469303831410798,0.5245969469788179,3.0,0.0,0.5592341991082216,0.5592341991082216
1202,1,0.05787644054526257,0.061195460353162486,0.009638683736080737,1.3362901552724469,0.4174061684712225,7.2812301157346856e-9,9.258164395865142e7,7.87166647217458e7,1.104546242363053,0.5952475131263022,2.0190219062374863,0.1259766428610319,37.9069382760241,-5101.100639917553,7.0,1.0,0.8742414908891634,-5101.100639917553,5105.917898285662,0.46005787978810986,0.46005787978810986,3.0,0.0,0.5592341991082216,0.5592341991082216
1203,1,0.057473143924791456,0.06032638643530969,0.009566246278719638,1.3774326905653034,0.41615300942387107,7.155264962665987e-9,9.636058786764541e7,1.0213472235602425e8,1.0588349478719636,0.4604562315882311,2.199569195011987,0.12280048042442648,38.247589667055024,-5101.6855550470855,7.0,1.0,0.9865334400939737,-5101.6855550470855,5108.5064567483905,0.0039645219658268616,-0.5014307502278825,3.0,0.0,0.5592341991082216,0.5592341991082216
1204,1,0.05795403551429714,0.05810188748398941,0.009558027190369404,1.3541041110248804,0.42804197861581317,7.185791123848351e-9,9.099363115581912e7,8.906407633946261e7,1.0800264459637796,0.6201493173582265,2.0363779617325837,0.1251571636767854,42.94251957255301,-5095.968312979988,7.0,1.0,0.6464155604865345,-5095.968312979988,5109.0117447324055,-0.6509189399184834,1.2844183217448517,3.0,0.0,0.5592341991082216,0.5592341991082216
1205,1,0.057837566784922315,0.06311178496314862,0.009431916895564385,1.3449523687449019,0.4298939969379361,7.225728379943078e-9,1.0037585240190104e8,8.736325944173428e7,1.0305699577345482,0.4479316954559815,2.2354321391699936,0.12345229601514895,36.570163511412545,-5098.08939826785,7.0,1.0,0.8402109589253605,-5098.08939826785,5104.484800775674,0.240869159218164,0.45491605778170197,3.0,0.0,0.5592341991082216,0.5592341991082216
1206,1,0.05799582803293268,0.06084367755817971,0.009280676442047869,1.3431679305254765,0.43390362563136264,7.090911150531751e-9,1.0568329104891467e8,8.880184726348066e7,1.1272792065487138,0.47773967817596114,2.183939623675312,0.13133554835316877,42.17281322898284,-5097.045654153337,7.0,1.0,0.9908556761733457,-5097.045654153337,5103.410844081306,-0.1747551140970245,-0.19738238955051202,3.0,0.0,0.5592341991082216,0.5592341991082216
1207,1,0.0579348834732079,0.06465027571333024,0.00937667668572061,1.3397097878338424,0.4290594027040343,7.157044543791736e-9,8.854620046423435e7,8.029760383442189e7,1.0086488085148089,0.5746255021287361,2.074361787319103,0.10982144034337826,43.56837910063095,-5098.079248771636,7.0,1.0,0.9022165339604685,-5098.079248771636,5102.378778604591,0.1485365446724245,0.23368205652877805,3.0,0.0,0.5592341991082216,0.5592341991082216
1208,1,0.05751791392406258,0.05327314681963792,0.009707105889173184,1.376034918857243,0.4208333236763956,7.211869356740174e-9,9.844996998489961e7,1.0090871630435121e8,1.1298594737578662,0.48808028022491634,2.1428044250099876,0.1371285265970703,37.88207071047155,-5101.5150290798565,7.0,1.0,0.8703022392398303,-5101.5150290798565,5105.116073042522,0.31697564985097415,0.31697564985097415,3.0,0.0,0.5592341991082216,0.5592341991082216
1209,1,0.05811588887905232,0.06340654969059391,0.009756188908391396,1.374087859282075,0.42329174318449714,7.217275323028665e-9,9.104862528215757e7,9.00696470400858e7,1.0593401634360984,0.5460698251412215,2.0875559757515845,0.11534299201457648,42.81324963862464,-5099.2448265497915,7.0,1.0,0.9401430887065431,-5099.2448265497915,5106.066602898464,0.2036876836555166,-0.5697047776911859,3.0,0.0,0.5592341991082216,0.5592341991082216
1210,1,0.05753417070890827,0.057413319559730086,0.009381825257119135,1.3490588546425366,0.43679631946957964,7.2281366409276294e-9,1.0495100032277496e8,8.87233941970575e7,1.0852177054237446,0.5263721637362947,2.2892019911220527,0.1338922787372285,36.52091869320879,-5098.1014585876055,7.0,1.0,0.9729026594917636,-5098.1014585876055,5106.335589937547,-0.46629835067687964,-0.5169191568384122,3.0,0.0,0.5592341991082216,0.5592341991082216
1211,1,0.05743555068999494,0.05964744765032672,0.009381710918018062,1.3337275441570384,0.4257703162308583,7.192272502522323e-9,1.0076114526458076e8,8.57337274116952e7,1.0018306971167659,0.5313382710265684,2.084472879911833,0.13236745246177387,37.034302400424835,-5096.392479438392,7.0,1.0,0.7891280524603916,-5096.392479438392,5101.980892796761,-0.1727023514404209,0.5635823996453837,3.0,0.0,0.5592341991082216,0.5592341991082216
1212,1,0.05761602192469658,0.058820977298258116,0.009518524778410642,1.3770896074555865,0.43650961316923936,7.303326170104065e-9,1.0476891625098482e8,8.519448121332838e7,1.0382545922164532,0.5215882866369257,2.1569142662239513,0.11253963647377938,46.06716420489933,-5102.186181331173,7.0,1.0,0.6808408229193652,-5102.186181331173,5105.976681934079,0.7599321593161221,0.7599321593161221,3.0,0.0,0.5592341991082216,0.5592341991082216
1213,1,0.05775716701587838,0.05859361153548338,0.009348314064588466,1.3773447199579265,0.4310894339437964,7.255691853477284e-9,9.874577183933294e7,8.96416042847038e7,1.0992851377881154,0.4848361106731578,2.299800614810937,0.10276397741175099,46.36775675661096,-5103.199037040147,7.0,1.0,0.9476768292852272,-5103.199037040147,5108.916584789299,0.09938255817723984,-0.5269971928528321,3.0,0.0,0.5592341991082216,0.5592341991082216
1214,1,0.05747427973866452,0.059168643831914745,0.009490004287520757,1.3588269960097923,0.43124246987223536,7.235103806859006e-9,9.567358784084329e7,9.515540937404834e7,1.0626527308795124,0.49015831193361725,2.1655407308964842,0.10532911048018022,45.334717703555945,-5099.591972038905,3.0,1.0,1.0,-5099.591972038905,5105.708284540459,-0.40582340586661303,-0.8245591142567719,2.0,0.0,0.5592341991082216,0.5592341991082216
1215,1,0.058271523248821795,0.05851696341544151,0.009643091452678328,1.3639878722388998,0.4214730945485074,7.169844992226892e-9,9.350460966907322e7,8.603492717660928e7,1.0781805577977341,0.554059795514213,2.0612324842787118,0.1472888568741615,34.09995362477416,-5100.071119634316,7.0,1.0,1.0,-5100.071119634316,5105.739086756339,-0.20480383148151304,-0.3707242060763747,3.0,0.0,0.5592341991082216,0.5592341991082216
1216,1,0.05766811739329701,0.06509000077248761,0.00907670735431116,1.3242286310157245,0.4360521177683704,7.1214383938806374e-9,9.572104155786136e7,9.506251709174642e7,1.1166692676789387,0.556249942681582,2.0684386893764435,0.11591722428184068,44.741554481631695,-5097.70373279852,7.0,1.0,1.0,-5097.70373279852,5105.000994077009,-0.21580470757271542,-0.28522671955488477,3.0,0.0,0.5592341991082216,0.5592341991082216
1217,1,0.05782700581673116,0.06759043343411285,0.009088676818818635,1.3245649720006853,0.4299985394547583,7.122762874250143e-9,9.3068933924649e7,8.913530745069824e7,1.156571044463092,0.558537194924497,2.199324166472599,0.11594504758044008,44.11300843597816,-5099.635015430651,7.0,1.0,0.6974001691577694,-5099.635015430651,5105.128784206688,0.5678013841152278,0.8441354059450532,3.0,0.0,0.5592341991082216,0.5592341991082216
1218,1,0.05795706680444677,0.060904580191627776,0.009267038611454132,1.3569809152767964,0.4294467854703029,7.180338794550913e-9,9.144446576199454e7,9.557558195922366e7,0.9598770604659734,0.5875533054009578,2.108744376463006,0.1216723879614673,40.26961024350129,-5096.813856293655,7.0,1.0,0.9471778593740231,-5096.813856293655,5105.180141363507,-0.11997380536286073,-0.6527860792393767,3.0,0.0,0.5592341991082216,0.5592341991082216
1219,1,0.05770392728326033,0.05950785572757443,0.009395676270000958,1.3678018749351912,0.4348102111599975,7.117230883078953e-9,9.725702142666234e7,9.416130953816341e7,0.8429273921339515,0.5753072127011102,2.1178925895078073,0.11783102151775529,37.72428166533294,-5103.027654938411,3.0,1.0,0.8520505980450911,-5103.027654938411,5104.744798025668,0.5867140109576212,0.5867140109576212,2.0,0.0,0.5592341991082216,0.5592341991082216
1220,1,0.05799650805730515,0.06546305585699032,0.009319125981280658,1.3172761096058658,0.43622221537285055,7.119299952768615e-9,8.59292844696206e7,8.192606299080308e7,1.388752217046499,0.47425150457626464,2.1069591216803127,0.13895654959423287,41.64063936233167,-5107.394114201733,7.0,1.0,0.994534053574544,-5107.394114201733,5110.786500529484,-0.010871263263652509,-1.4165268183860462,3.0,0.0,0.5592341991082216,0.5592341991082216
1221,1,0.057712194618723664,0.05970538684192673,0.009287764232280588,1.3577209469897207,0.4277514879289181,7.121215094525036e-9,8.916351226681153e7,9.10534784655218e7,1.1703665367517602,0.5056227307373213,1.989671891220279,0.12034389250119248,38.47758798102289,-5095.916324301508,7.0,1.0,1.0,-5095.916324301508,5110.293715404549,-1.125884937929186,-1.125884937929186,3.0,0.0,0.5592341991082216,0.5592341991082216
1222,1,0.058180628922466275,0.06060854346091894,0.009572203562489025,1.357896847354782,0.4248907460943416,7.12299704497431e-9,9.523189416867593e7,8.300814286812647e7,1.1946295717695952,0.5645223886359644,2.060730166458384,0.12855629759632575,40.02258388149529,-5096.662676504963,7.0,1.0,0.9183631533021656,-5096.662676504963,5100.968892747213,0.08246904084899143,0.2324082975346755,3.0,0.0,0.5592341991082216,0.5592341991082216
1223,1,0.05781066754519704,0.059986842518169346,0.009492806854049948,1.3543498995648258,0.4220425835540704,7.211364342767838e-9,9.936045453560635e7,8.939701968034574e7,0.9572522382064642,0.4641278136304506,2.1519801754247068,0.12311562396896242,37.34510155795945,-5096.545152421586,7.0,1.0,0.968269996272158,-5096.545152421586,5100.364113127877,-0.10565965588830295,-0.12524843580104061,3.0,0.0,0.5592341991082216,0.5592341991082216
1224,1,0.05804179481676857,0.06004173808700172,0.009307643437895249,1.348828101490695,0.42970007710650293,7.143369882963724e-9,9.52308207665444e7,8.547963082762364e7,1.1069382262070275,0.5579721126442828,1.8236908725119294,0.10968885644274191,39.27570176177604,-5097.57565431567,7.0,1.0,0.5757530912482223,-5097.57565431567,5108.860445048276,0.22950727846819063,1.0398252696086274,3.0,0.0,0.5592341991082216,0.5592341991082216
1225,1,0.057638491183218975,0.06737164172095754,0.00919245332168532,1.3372333694240264,0.4286816122733055,7.187953404880152e-9,8.902145001219778e7,9.49812426463845e7,1.0877739775873587,0.4936030380528585,2.2983447193690085,0.13579500361500957,39.577749883158205,-5098.975062425275,7.0,1.0,0.9166737414592282,-5098.975062425275,5103.619704819529,0.240352957261166,0.240352957261166,3.0,0.0,0.5592341991082216,0.5592341991082216
1226,1,0.057703193865889034,0.05855438109974694,0.009262911801515953,1.3699240661174317,0.43322788972193943,7.1961166244412154e-9,9.683882720945776e7,8.072052925039496e7,0.9896833887182181,0.6098507395679074,2.0585248867590162,0.12496973646688232,38.856877278552446,-5098.982204058806,7.0,1.0,0.9109526138446807,-5098.982204058806,5106.810270018809,0.10931854888622183,0.40313641318152804,3.0,0.0,0.5592341991082216,0.5592341991082216
1227,1,0.05796881509310374,0.06332871966492185,0.009558911890437734,1.3329752096339011,0.4278516894286276,7.138309881717093e-9,9.337059009962203e7,1.0082874581687589e8,1.121080941688489,0.4628752999392023,2.2334396892214117,0.12377113450338117,41.035761202398035,-5099.2200599985135,7.0,1.0,0.48153662752935483,-5099.2200599985135,5105.326699443083,0.47019053057920246,2.2965969831348048,3.0,0.0,0.5592341991082216,0.5592341991082216
1228,1,0.057761077722942825,0.06152841975279243,0.009326692194906356,1.354012490791331,0.4356893185208824,7.144344516471799e-9,9.686216141307421e7,8.219159060141027e7,0.9987191682242854,0.6129186352513112,1.9415544811974812,0.1249000740229155,38.33646138174947,-5096.90203309195,7.0,1.0,0.9667566516964061,-5096.90203309195,5101.581112751935,-0.9414153480320238,-0.9414153480320238,3.0,0.0,0.5592341991082216,0.5592341991082216
1229,1,0.05768755971030531,0.05963614128185434,0.009452383074541673,1.3526258120929822,0.4278395416952425,7.229237040847506e-9,9.105138931590949e7,8.779242532880294e7,1.0763847971126044,0.5377378821187497,2.1037073288760353,0.12241310612340472,38.8084403719378,-5092.836597501344,7.0,1.0,1.0,-5092.836597501344,5097.934619526889,-0.4291395329082661,-0.4291395329082661,3.0,0.0,0.5592341991082216,0.5592341991082216
1230,1,0.05776311227567481,0.06054964438281156,0.009460703362274978,1.3548959481228042,0.4300713233201449,7.20143100272719e-9,8.836706527362262e7,8.780472283643572e7,1.0229378109914573,0.5161445873066149,2.116086014352546,0.1263601022671445,40.810569649332805,-5093.128296461747,7.0,1.0,0.8872148488322961,-5093.128296461747,5096.046338588719,0.042070027888257755,0.24458960748143,2.0,0.0,0.5592341991082216,0.5592341991082216
1231,1,0.05793402091139102,0.06191052905964056,0.009388489669994681,1.3468768599277876,0.42586920597539585,7.161967393908761e-9,9.137711167689829e7,7.638371610241637e7,1.0731577550689806,0.5519050775277263,2.0961370067169023,0.12693788594888672,38.294341259728,-5095.8471279520345,7.0,1.0,0.8023198599723044,-5095.8471279520345,5098.0200842604545,0.2867574915653677,0.3711345222709497,3.0,0.0,0.5592341991082216,0.5592341991082216
1232,1,0.057713375516878995,0.05985309772613706,0.009401674316733145,1.3652991906151382,0.4276917265413462,7.169879372912186e-9,9.720672329111914e7,8.184836992204298e7,1.09401087478976,0.47842397725206576,1.9743404522622674,0.1203304922059061,41.40657337095415,-5095.6088815026,7.0,1.0,0.8648747684344185,-5095.6088815026,5101.52270378127,-0.045765352869238995,0.38453642999502335,3.0,0.0,0.5592341991082216,0.5592341991082216
1233,1,0.05808601342391579,0.061297979127192655,0.009513576415532552,1.346984937209311,0.42577290335547324,7.2021061541557964e-9,1.0047480634341136e8,8.776660805861475e7,1.1511529893968544,0.5645287801836963,1.8768931872406758,0.1299399096256254,35.38679670551937,-5098.080205393564,7.0,1.0,0.8463428192514513,-5098.080205393564,5101.5528180214615,0.2956897086760364,0.2956897086760364,3.0,0.0,0.5592341991082216,0.5592341991082216
1234,1,0.05787128891648025,0.06153465066185046,0.009295944676727362,1.3559334523341433,0.42405538928965747,7.094983826460009e-9,9.075752438259482e7,9.268096543290533e7,0.952213944967647,0.4881800738736635,2.3246532442215284,0.13602735581558445,48.989341521279755,-5102.589716810566,7.0,1.0,0.6627541661705286,-5102.589716810566,5106.222377834045,0.7211981543832735,0.846053890631083,3.0,0.0,0.5592341991082216,0.5592341991082216
1235,1,0.057780269113071554,0.061572179166083665,0.009343446046850268,1.3479718539421013,0.42153657242531845,7.080929103004937e-9,9.643469555972102e7,9.198280779602963e7,0.9974285385811079,0.48872743386146555,2.3303384856888547,0.1336627020997794,48.46470134450982,-5101.409892439791,7.0,1.0,1.0,-5101.409892439791,5105.329204173348,-0.20446607196754485,-0.8121960649086759,3.0,0.0,0.5592341991082216,0.5592341991082216
1236,1,0.05799601447967963,0.06441651165576684,0.00940108635375889,1.3361057405429932,0.4363838718336286,7.197640701296969e-9,1.0067054054607126e8,8.773395331802298e7,1.1284446081888324,0.5707674519640555,2.0007993058453293,0.11640317569498468,34.7796542338156,-5099.239733849463,7.0,1.0,0.7893250671579036,-5099.239733849463,5106.178321257221,-0.11424587527653784,-0.5286954505336325,3.0,0.0,0.5592341991082216,0.5592341991082216
1237,1,0.05786109388915842,0.06341191211765901,0.009358020748441363,1.366368536422288,0.4312994459242727,7.10393650299144e-9,8.807133483269092e7,9.168565288601659e7,1.0196160614765117,0.5254351546432076,2.28498189099744,0.12845683991421877,45.5786267485625,-5097.38992218997,7.0,1.0,0.9943187189590719,-5097.38992218997,5106.005719538865,-0.32748763648123713,-0.32748763648123713,3.0,0.0,0.5592341991082216,0.5592341991082216
1238,1,0.05770757666301974,0.062124181339954405,0.00927700801957632,1.37796893754394,0.43118245021927243,7.14024452177058e-9,8.977533202676773e7,9.402353446963063e7,1.0082682588037286,0.5014406839857691,2.315822799023999,0.11615074448949961,45.474218864615494,-5098.629442517076,7.0,1.0,0.9144888561387862,-5098.629442517076,5104.307604342724,0.03087705091729731,0.2683081187715288,3.0,0.0,0.5592341991082216,0.5592341991082216
1239,1,0.05794320266218104,0.05676472436446877,0.009477223662445564,1.3391687177177671,0.42218685551979696,7.167125347249831e-9,9.793349280762464e7,8.717147279423203e7,1.109148040495601,0.5499018848090023,1.9773516898636436,0.13070385579291022,35.54643807710897,-5096.937120268007,7.0,1.0,0.703374322429769,-5096.937120268007,5102.356685038852,-0.07814830448205612,0.8503016893428139,3.0,0.0,0.5592341991082216,0.5592341991082216
1240,1,0.05755390211657583,0.06360368559457892,0.009381263147473316,1.3832901663756598,0.4303591277092084,7.2218437143445186e-9,9.26475559418085e7,9.569707213275415e7,1.0066670982661485,0.5106762129589525,2.390773024459627,0.11338391405489011,44.15015923602171,-5099.446218491207,7.0,1.0,0.856960130006053,-5099.446218491207,5103.856170449731,0.10835346003659652,0.39740768065621523,3.0,0.0,0.5592341991082216,0.5592341991082216
1241,1,0.05803137042897917,0.061259137790048136,0.009421397624055028,1.3282895872394904,0.426199747935547,7.137626568848824e-9,9.676488708236831e7,8.896727653083178e7,1.135009970738907,0.49246417455228364,2.0292994457893667,0.12490836345704032,37.259918828520156,-5095.004001739882,7.0,1.0,0.9019451230532441,-5095.004001739882,5105.504123984117,-0.37719809272493876,-0.37719809272493876,3.0,0.0,0.5592341991082216,0.5592341991082216
1242,1,0.05768558362974473,0.05947923863365311,0.009399535576427444,1.3744960440856424,0.4303759568274786,7.2180935787513254e-9,8.942345768656005e7,8.74865614959562e7,0.933564373749679,0.5794593434873347,2.112290601731419,0.1124896679305317,41.60425355150057,-5097.569298414845,7.0,1.0,0.6825789838851478,-5097.569298414845,5099.527624247248,0.21904144265045034,0.7567743170602625,3.0,0.0,0.5592341991082216,0.5592341991082216
1243,1,0.05752718010723715,0.06131007945308853,0.009418754591869815,1.351789535954317,0.42899751322879087,7.2121585222887815e-9,8.902405626804532e7,8.439662949012622e7,1.0497980916746386,0.4979599995475672,2.053043915075144,0.11704292564183261,37.32016514384094,-5094.747777824214,7.0,1.0,0.9768293637932582,-5094.747777824214,5100.592864588504,-0.27849391194831696,-0.27849391194831696,3.0,0.0,0.5592341991082216,0.5592341991082216
1244,1,0.05807874640410525,0.06327784292583173,0.009435250018665218,1.3489464005945355,0.4279197383868981,7.116493115590204e-9,9.952123919514154e7,9.548775455904111e7,1.019153385441587,0.5418838480018368,2.2874198359560216,0.12118852417651546,41.5649937899217,-5095.071260330211,7.0,1.0,0.8440680456779904,-5095.071260330211,5098.896856662862,0.09540941046452645,0.2935385860509996,3.0,0.0,0.5592341991082216,0.5592341991082216
1245,1,0.05806824523665609,0.061941249061044916,0.009318192444458792,1.3398414549786104,0.4344269003772392,7.16687245771427e-9,1.0441714731461668e8,8.629875471739605e7,1.093428527734248,0.48288258152876345,2.2483359112156998,0.1205270372200513,37.79541613037984,-5096.058042752609,7.0,1.0,0.8855958447360895,-5096.058042752609,5099.367570870831,0.08200841045800189,0.2432236244494561,3.0,0.0,0.5592341991082216,0.5592341991082216
1246,1,0.057600192623988695,0.06012182259866297,0.009324030149235572,1.352384893188909,0.4284723271620079,7.142909352876451e-9,9.245686172678259e7,8.821738829889381e7,1.0194527995928286,0.573818449590756,2.0894661591440378,0.11102067744355767,34.53619442604904,-5096.855886639869,7.0,1.0,0.9787409572393374,-5096.855886639869,5100.572732817046,0.051419528517726576,-0.12068391834327485,3.0,0.0,0.5592341991082216,0.5592341991082216
1247,1,0.058106352029094095,0.062433743217048594,0.00926946522607413,1.3457613533669408,0.42830999173412443,7.214271366265221e-9,1.000042471867065e8,9.090844633751047e7,1.0868163868173624,0.49006755636956795,2.134891534152813,0.13499115620526206,46.203316896802875,-5100.48093886606,7.0,1.0,0.4152568580143942,-5100.48093886606,5103.690034963649,1.7227095125072083,2.511354167456375,3.0,0.0,0.5592341991082216,0.5592341991082216
1248,1,0.057961984865395055,0.055405780594547045,0.009561514809178301,1.3659247673200643,0.41880683605729757,7.241651712476209e-9,8.730162220107053e7,9.235841177476598e7,1.050776748763538,0.5698806889218639,2.2082522899804244,0.11292587932238785,34.89857153067548,-5100.9349891838065,7.0,1.0,1.0,-5100.9349891838065,5106.958725501137,-0.2493373017077829,-1.018192975936472,3.0,0.0,0.5592341991082216,0.5592341991082216
1249,1,0.05759274599439727,0.06427250922299739,0.009061561770180446,1.3478228762537179,0.4316863782446925,7.186016938378484e-9,1.0170387170864664e8,8.082566371298584e7,1.0082344069996512,0.47226062651139133,2.154936041128758,0.12447954757905302,44.108696560929694,-5101.355182577743,7.0,1.0,0.8621500524255582,-5101.355182577743,5109.632279592838,0.15650525717592245,-0.6662658433360775,3.0,0.0,0.5592341991082216,0.5592341991082216
1250,1,0.05759853824185566,0.06466946305484983,0.00920548556012164,1.3448824210661634,0.43631477016914366,7.149565750241678e-9,1.0382512696558063e8,8.293598539969946e7,1.0565625737310025,0.4646377282039265,2.3012421422875198,0.1279119430737308,43.31466140586171,-5098.823136265015,7.0,1.0,0.993792015189244,-5098.823136265015,5104.263018847976,-0.9509284311216106,-1.1786844741473033,3.0,0.0,0.5592341991082216,0.5592341991082216
1251,1,0.05815629199558155,0.06199941008614515,0.0095181381057339,1.3476601732476619,0.4307827348316937,7.24610848325758e-9,9.041208748462299e7,9.6378101374719e7,1.1201936294373875,0.6120375096607098,1.9940875927642276,0.12428684306032378,36.33661704897172,-5099.799628625401,7.0,1.0,0.5939703949859501,-5099.799628625401,5109.629456143704,0.5658305072956864,0.8332975813245866,3.0,0.0,0.5592341991082216,0.5592341991082216
1252,1,0.05761952370666653,0.06404345610750828,0.009275134149827571,1.3397690697809528,0.43677557985264376,7.082220705567686e-9,1.032393661533268e8,8.515524046462816e7,1.01747900397986,0.4631140597915376,2.2477081781743204,0.1269031327251473,43.192409389795515,-5099.5452011587095,7.0,1.0,0.5789768135443923,-5099.5452011587095,5105.832311179229,-0.30910973613208625,1.637130190987591,3.0,0.0,0.5592341991082216,0.5592341991082216
1253,1,0.05758127538374436,0.05719594414924271,0.00967782027177827,1.3797385201279266,0.4235792189947157,7.175221187852767e-9,8.741532105199438e7,9.554869926953639e7,1.103071434961688,0.6109408696269991,2.1930846418029812,0.11842169822674355,37.0795245731942,-5100.778760772019,7.0,1.0,0.4200903932264657,-5100.778760772019,5113.5543109603595,0.5358434600675537,1.226863286094158,3.0,0.0,0.5592341991082216,0.5592341991082216
1254,1,0.05809354677877206,0.0643446175724013,0.009378385353104642,1.3248952406339884,0.4302642970630377,7.1370833961634525e-9,1.0262039305848968e8,8.758701907845917e7,1.0136277248306829,0.46173820749282307,2.020659502860844,0.14072288048137518,42.65435774422932,-5099.989172011455,7.0,1.0,0.8977973787506581,-5099.989172011455,5109.128085684629,-0.8177099530912528,-0.914592333490873,3.0,0.0,0.5592341991082216,0.5592341991082216
1255,1,0.05803086479100373,0.061850432639813734,0.009422143284672727,1.3375924525958611,0.42742486085785725,7.124625227461173e-9,9.719296175048597e7,9.711666278729832e7,0.967050393340105,0.47742759082107744,2.1169414914352385,0.13173755086152888,44.27851735624893,-5097.295191512266,7.0,1.0,0.9615836573716968,-5097.295191512266,5103.26709955794,-0.25505150003300514,-0.3838396548089804,3.0,0.0,0.5592341991082216,0.5592341991082216
1256,1,0.057430664061620534,0.059788440886704985,0.00959020316657535,1.3711531681204663,0.42732709391681234,7.239634403888594e-9,9.595462826855613e7,8.284495430290954e7,1.1018330846472686,0.5799721386800123,2.1001039999655804,0.11671587708948575,35.32143706100301,-5098.335897971362,7.0,1.0,0.575076587108024,-5098.335897971362,5103.628345413094,0.011635196184215602,1.3507336948196098,3.0,0.0,0.5592341991082216,0.5592341991082216
1257,1,0.05830316756818315,0.06383812327913423,0.009265512138000326,1.331839767100827,0.42816318493860567,7.106269753482134e-9,9.187811134221464e7,9.632763995954129e7,1.045899941435741,0.4846871124675706,2.129505549998442,0.12817088561410192,44.76559944105582,-5098.737467202186,7.0,1.0,0.9852603127045177,-5098.737467202186,5100.727523437298,0.10889766518903343,-0.4907806134715429,3.0,0.0,0.5592341991082216,0.5592341991082216
1258,1,0.057922458383086836,0.06605822827292925,0.009253256012708662,1.3642586918037676,0.42462622165277647,7.111351738189357e-9,9.422467319726934e7,8.707609441037865e7,1.092387491604257,0.5715499239709162,2.137971261526126,0.1274402482297039,34.81531090129421,-5098.711619820574,7.0,1.0,0.7371230072373282,-5098.711619820574,5104.638146854682,-0.6819944297603797,0.9387442727174857,3.0,0.0,0.5592341991082216,0.5592341991082216
1259,1,0.057611432613689575,0.057622597967314615,0.009121727309684816,1.3103196254080818,0.4392618525155632,7.212547037998584e-9,9.975170532435514e7,9.21803665831567e7,0.9737291463584248,0.5068527638656318,2.161206479302666,0.11225511693073788,45.06777354169544,-5103.704443622189,7.0,1.0,0.8797208994103591,-5103.704443622189,5106.257105187277,0.28033336775479256,-0.7174619634643022,3.0,0.0,0.5592341991082216,0.5592341991082216
1260,1,0.05763957691126009,0.05767614037747051,0.009160701898117265,1.319017423363432,0.4367780310670371,7.1692571395585285e-9,1.0312044455641745e8,9.600210249760103e7,0.9979932194951734,0.5276251297354543,2.2161631277419938,0.11400657739111413,46.47050871198152,-5101.552019002511,7.0,1.0,1.0,-5101.552019002511,5106.603673778149,-0.40079214315210265,-0.9002497564733858,3.0,0.0,0.5592341991082216,0.5592341991082216
1261,1,0.05823476164113582,0.06701668364866993,0.009380550438895942,1.3700464480472747,0.42887350030281574,7.137595679228596e-9,9.017579416650717e7,8.583198016615081e7,1.128399679914045,0.5380255330400493,2.0539467434106258,0.13345584635884214,35.48733810274465,-5100.4444847009145,7.0,1.0,0.6196445616416228,-5100.4444847009145,5106.785535391041,-0.23190596214772086,1.6993739529079903,3.0,0.0,0.5592341991082216,0.5592341991082216
1262,1,0.05737236179669311,0.06067458236759733,0.009128222013061509,1.3248642667966681,0.4346077895847313,7.171844258466483e-9,1.0427213819415312e8,1.0376287558160026e8,0.9768807890303622,0.5563647648394547,1.9691038321570058,0.12004297170926999,43.24716896822293,-5101.699463126318,7.0,1.0,0.9807336288950378,-5101.699463126318,5106.103588723477,-0.054405967291131674,-0.3970494703462464,3.0,0.0,0.5592341991082216,0.5592341991082216
1263,1,0.0579820990492609,0.06073148446471384,0.009591620197878212,1.3525006119157534,0.4123216461688449,7.1141776742522205e-9,8.907275998199478e7,8.184168699141122e7,1.1875729965737531,0.5313655800875566,2.3845656707552814,0.13042407412969173,35.53506215528046,-5102.056656688476,7.0,1.0,0.9095963164689224,-5102.056656688476,5113.080643880739,0.12269834489870846,0.24904985434568516,3.0,0.0,0.5592341991082216,0.5592341991082216
1264,1,0.05759051997733078,0.05698951215600499,0.009475826902449632,1.3606496407939754,0.43604536635597385,7.261546665372705e-9,1.0000753536627775e8,9.95115020147125e7,0.9562396458288951,0.5255687045368479,1.8669418490482115,0.11869567865495056,44.75105315393756,-5101.9018683775475,7.0,1.0,0.9108108574155472,-5101.9018683775475,5106.622368584882,0.2768616436942466,-0.4365770739823347,3.0,0.0,0.5592341991082216,0.5592341991082216
1265,1,0.05783762467560632,0.06382285544996176,0.009299917141003242,1.33104027115573,0.42350961153799205,7.10691579227424e-9,9.599643277768776e7,8.485170248049054e7,1.143934077154303,0.5288295958698663,2.5651510372144,0.11841375635614529,42.0332816986577,-5099.654912652545,7.0,1.0,0.9601454365014337,-5099.654912652545,5108.220234836628,-0.17378303074474388,-0.48608274693651765,3.0,0.0,0.5592341991082216,0.5592341991082216
1266,1,0.05771941298134091,0.06034870208448908,0.009422224500002012,1.3319101579381794,0.4314151715454193,7.16644604514157e-9,1.043480092859545e8,8.30273996976983e7,1.0644810788067938,0.4771006429726822,2.3989259482408967,0.12030138586981329,47.41811569865642,-5100.505181609696,7.0,1.0,0.9941586187131731,-5100.505181609696,5105.663023228136,0.04174916275769647,-0.28048721016057243,3.0,0.0,0.5592341991082216,0.5592341991082216
1267,1,0.05797069354893338,0.05925264549197247,0.00971178190271147,1.381927019666739,0.4228342610716351,7.209583838421151e-9,8.889064491904932e7,9.157633498003492e7,1.0194902629973324,0.5494418741228676,2.0195149811656656,0.12581642345687452,37.94916455789758,-5096.08167338292,11.0,1.0,0.9707511108465208,-5096.08167338292,5105.032329336363,-0.37793839727055456,-0.5907492775904757,3.0,0.0,0.5592341991082216,0.5592341991082216
1268,1,0.057644711992935804,0.06287322141020492,0.009066632922284424,1.3109285604650163,0.4364222782053392,7.091632853504262e-9,1.0519486213579467e8,8.729080389823292e7,1.0950738497842667,0.5125148564229136,2.2354010942781417,0.12005079753342263,41.012185081500824,-5097.914616336951,7.0,1.0,0.9438484687733134,-5097.914616336951,5100.11382327409,0.049725557212696,0.1614639810877634,3.0,0.0,0.5592341991082216,0.5592341991082216
1269,1,0.057798243966543476,0.06208879402139212,0.009063361299042949,1.3250587638045526,0.44329557538117376,7.095375188042816e-9,1.1049230446748136e8,1.0066156299292289e8,1.153243288676505,0.5719214285736539,2.084629406524736,0.12018953162710931,42.69404343064215,-5100.96386908062,7.0,1.0,0.8492867551674583,-5100.96386908062,5104.364632417412,0.2340422942315854,0.27855838139294065,3.0,0.0,0.5592341991082216,0.5592341991082216
1270,1,0.058095099963176716,0.06647416421346147,0.00913919060441623,1.3347787773242932,0.43647320164401804,7.1179418684234796e-9,1.0788967241734083e8,9.762620780587105e7,1.0415152392727733,0.5845662922569169,2.0325480751092084,0.14384420062339998,36.09064384349067,-5101.339388174747,7.0,1.0,0.8125725338663907,-5101.339388174747,5107.919232314189,0.22438111492829194,1.783560995989319,3.0,0.0,0.5592341991082216,0.5592341991082216
1271,1,0.05773024768719436,0.06420611242750912,0.009265991143905947,1.3453104710222221,0.4372878310513908,7.202222737374224e-9,8.639164455870694e7,8.34986840720358e7,1.057216923887832,0.48621615157180154,2.191685594101408,0.10470245060607557,44.093632824577206,-5100.108019465519,7.0,1.0,0.8580840333152244,-5100.108019465519,5110.227734263614,-0.05766681910972693,0.5242262343917901,3.0,0.0,0.5592341991082216,0.5592341991082216
1272,1,0.057933410363618515,0.0599387033552183,0.009545405407530464,1.3375467011207194,0.4234035892995872,7.240433916093521e-9,1.0746792357294232e8,8.490018162821954e7,0.9544976271529204,0.5107859198322483,2.0865350295625626,0.1318067234641079,41.759966470990484,-5098.101353850101,7.0,1.0,0.7534992744030742,-5098.101353850101,5110.98568798642,0.06729221100977156,0.6057378484410947,3.0,0.0,0.5592341991082216,0.5592341991082216
1273,1,0.05752891003279877,0.05962280752425022,0.009366925176291212,1.362654239157857,0.42782576654137044,7.184239640335719e-9,9.153101264905153e7,8.88546297076637e7,1.150875287292226,0.5261146919960138,2.3381450721931825,0.11323610650444985,38.43941857196875,-5095.810347435007,7.0,1.0,1.0,-5095.810347435007,5101.069407345856,-0.21649558969511418,-0.35947072820636095,3.0,0.0,0.5592341991082216,0.5592341991082216
1274,1,0.057705610731773896,0.06142202042156376,0.00940083217713002,1.3328125644610298,0.4333046858469675,7.218016828612194e-9,9.938229068337022e7,8.509836554469877e7,1.023281842454239,0.48640981347640627,2.3847731762564095,0.10391014918641339,35.515244856253034,-5100.2783327888255,7.0,1.0,0.47110183899646974,-5100.2783327888255,5104.891357949522,0.2276553554529528,1.5864725537176128,3.0,0.0,0.5592341991082216,0.5592341991082216
1275,1,0.057681378642342886,0.062364532135037,0.009413738969985555,1.3519859212210599,0.413813973398969,7.152335352991484e-9,8.779710603749143e7,9.810209232612853e7,1.0634737970672492,0.5375892865154867,2.240392649907312,0.12638763690794333,47.99903371535562,-5102.877094373288,7.0,1.0,0.3359230634520437,-5102.877094373288,5111.164477988257,1.3405721005610758,1.3405721005610758,3.0,0.0,0.5592341991082216,0.5592341991082216
1276,1,0.05762483230066019,0.05785472698780303,0.009398613095101174,1.3290895033996375,0.43964732729051353,7.265289239089834e-9,1.0038209091421954e8,9.111595043841456e7,1.126559604353068,0.5146354235114096,2.159359393839606,0.12232785199050232,37.70870339146067,-5099.02346854609,7.0,1.0,0.9594688426355255,-5099.02346854609,5106.335760746711,-0.8975050070594079,-1.20514628912224,3.0,0.0,0.5592341991082216,0.5592341991082216
1277,1,0.05758690181714143,0.0579194852350075,0.009396663797468507,1.3507860686176916,0.4350723104768525,7.242067306009193e-9,1.0262330241111813e8,8.942252898987134e7,1.148923458018485,0.5648679611778907,2.2138715228901527,0.13552207722329876,40.16592687494095,-5097.214123416941,7.0,1.0,0.997330536866964,-5097.214123416941,5102.42400855068,-0.3263285223320054,-0.5142423798724849,3.0,0.0,0.5592341991082216,0.5592341991082216
1278,1,0.058031942336544025,0.0633967779711528,0.009467773570955854,1.3403762238411068,0.42325301889432343,7.1293453532803565e-9,8.66989469619132e7,9.062621411945601e7,0.9743864397064467,0.504890348629034,2.027542944679338,0.11895190640316704,39.49924338301032,-5095.631845817021,7.0,1.0,0.9251637309599312,-5095.631845817021,5100.550371847102,-0.11186230932253238,0.21490295099738432,3.0,0.0,0.5592341991082216,0.5592341991082216
1279,1,0.058102827925237285,0.058017645905899605,0.009370762493990107,1.3408009336354048,0.4332019478994491,7.145418527079585e-9,8.282185172651461e7,9.521616449440555e7,1.1247392194401131,0.5635114991702723,2.0508922326705177,0.13567052185583076,39.77553021327141,-5097.357859030439,7.0,1.0,0.7446207351058975,-5097.357859030439,5102.1686730770725,0.21857988418742025,0.47138129556969943,3.0,0.0,0.5592341991082216,0.5592341991082216
1280,1,0.05739852042011464,0.06350471313436384,0.009391672746961722,1.3694891786935377,0.42723020696083686,7.220317116061874e-9,1.1278696121870634e8,9.010618567439494e7,1.076204019198222,0.5653736082964594,2.1476975506975644,0.12422016698688386,45.04276439429263,-5099.786573354742,7.0,1.0,0.7948878640242066,-5099.786573354742,5106.223110589314,0.14283708248058247,0.35294881972367875,3.0,0.0,0.5592341991082216,0.5592341991082216
1281,1,0.05839733998907312,0.05779855902647941,0.009513616848588154,1.3450012199804233,0.4282212802202103,7.1501307801418286e-9,7.70182727047907e7,9.87905571985111e7,0.9994028350322884,0.4928551346935207,2.0957673917174016,0.125260666092862,35.52480486355936,-5102.4318120143,7.0,1.0,0.8705205966784175,-5102.4318120143,5105.787171668915,0.2650856229938654,-0.4749885617166001,3.0,0.0,0.5592341991082216,0.5592341991082216
1282,1,0.05778920074120709,0.06334049604139129,0.009386892679710195,1.3247971735560424,0.428370858572703,7.146131562122967e-9,8.383190756245619e7,8.975494642269808e7,0.9910690828653209,0.536492118560545,2.123191614861796,0.11252399793025038,38.81225324171187,-5096.435119878068,7.0,1.0,0.6608805592382545,-5096.435119878068,5108.517114320207,-0.5092823249897265,1.0671913480728108,3.0,0.0,0.5592341991082216,0.5592341991082216
1283,1,0.058073612946735104,0.06242743500095426,0.009126600652315419,1.3355075930477585,0.4408588353852135,7.0669404315590775e-9,1.0454896362167816e8,9.460795768347917e7,1.1688457647433022,0.5356703080387084,2.083161859958092,0.12891319222125586,38.61650459545709,-5097.453764074557,7.0,1.0,0.9583827268377972,-5097.453764074557,5101.206931200617,-0.0433812196524741,0.17573710918350116,3.0,0.0,0.5592341991082216,0.5592341991082216
1284,1,0.057593935585543723,0.06168121576419791,0.009509863496227015,1.3513029567053578,0.4222273492225725,7.204250949580785e-9,8.512641589677438e7,8.551779270556852e7,0.9959755871750561,0.5250136804233773,2.218863679073006,0.11863764504470255,40.25104143372813,-5095.67523414405,7.0,1.0,0.9886202822309202,-5095.67523414405,5099.950902392666,-0.05551049168479949,-0.19462188805664482,3.0,0.0,0.5592341991082216,0.5592341991082216
1285,1,0.05823690614369083,0.05957764734980454,0.009402579374690228,1.3553027344260529,0.43019713518713415,7.1245051037383025e-9,1.0014658911697729e8,8.830017986212413e7,1.0774444698458987,0.5421180876259444,2.0074143676651883,0.12787695968094834,39.65580888418954,-5094.780340748894,7.0,1.0,0.5024664377329603,-5094.780340748894,5101.177820988069,0.05148927131358505,1.774391767263296,3.0,0.0,0.5592341991082216,0.5592341991082216
1286,1,0.05763303212739682,0.06375613528479247,0.009004581422568374,1.3328745978805574,0.4361858648237708,7.168895023795627e-9,9.556375407583153e7,1.016790794453927e8,1.0263418129269348,0.5651610296111168,2.194531303172818,0.13307550451979036,39.58665599244377,-5099.5401027123735,7.0,1.0,0.40644589212132487,-5099.5401027123735,5103.962521259043,1.0424915341000087,1.4001516560183518,3.0,0.0,0.5592341991082216,0.5592341991082216
1287,1,0.05772903487404886,0.059964601314836816,0.009316422122014268,1.3162922260804255,0.43369153045529435,7.181725385263011e-9,1.0990336501258528e8,8.57252145895961e7,1.0799226702967615,0.541295190639319,2.2365707796248953,0.1278734080579699,42.43597604327311,-5097.923154761657,7.0,1.0,0.8704370002651076,-5097.923154761657,5104.549299834217,-0.7153029401415552,-0.9440711278812159,3.0,0.0,0.5592341991082216,0.5592341991082216
1288,1,0.05768031146217855,0.06659869441110776,0.009152894218325602,1.3358022890115513,0.4305707277035256,7.054092766658266e-9,9.247215241670258e7,8.324665758042757e7,1.0522816965021438,0.5288269438960279,1.9992701778968733,0.11820554710591272,40.508084160777756,-5097.451049303532,7.0,1.0,0.8750970843269646,-5097.451049303532,5103.53394396009,-0.0008779001882430748,0.3975792128048852,3.0,0.0,0.5592341991082216,0.5592341991082216
1289,1,0.05806842347794956,0.05687870371327986,0.0095869435827549,1.350705284262087,0.4265270887333067,7.211721620821119e-9,9.398063475661694e7,9.88148940114129e7,1.0864058214953316,0.5287766064529914,2.2242640321678318,0.13040782930372566,38.755986956575796,-5095.056116643076,7.0,1.0,0.8816070527494756,-5095.056116643076,5103.09774412145,-0.158448449048592,0.39162898292488535,3.0,0.0,0.5592341991082216,0.5592341991082216
1290,1,0.05760512344748667,0.06289312051581135,0.009273607941803,1.346099529197637,0.4281976731018115,7.170495821022634e-9,9.583815548543619e7,8.085862768937543e7,0.9636867821374979,0.5212669955784978,2.1370016738462434,0.10891182995677347,43.76437637813047,-5097.639304163937,7.0,1.0,0.7754030484170343,-5097.639304163937,5100.591994976237,0.264030679741154,0.44542786129295564,3.0,0.0,0.5592341991082216,0.5592341991082216
1291,1,0.05821346586241827,0.05845107299059765,0.009492374008686136,1.3511067029841064,0.43225226784165743,7.132403212444279e-9,9.215066407776557e7,1.0257005630859362e8,1.1701474553101479,0.539104905460264,2.0820151216306906,0.13934240014941654,36.61674268849962,-5098.530971509466,7.0,1.0,0.6589277305855779,-5098.530971509466,5103.757432350296,0.15504337962465797,1.0143851866969271,3.0,0.0,0.5592341991082216,0.5592341991082216
1292,1,0.05840032705179251,0.06263070281176543,0.009353021177091192,1.34042063205112,0.430521806504548,7.063063643485504e-9,8.829243277691483e7,9.19894418921424e7,0.9746989539948445,0.5042411467022223,2.189192487358572,0.14268005135733047,38.65315903495242,-5099.206942068742,7.0,1.0,0.9721500193526592,-5099.206942068742,5104.951523856386,-0.07579719665136508,-0.31860464321471227,3.0,0.0,0.5592341991082216,0.5592341991082216
1293,1,0.05808471587285702,0.06063653884190178,0.009329867271730692,1.3233881285243072,0.43293812102682006,7.152103396019783e-9,9.833822395323071e7,1.0801668783556859e8,1.026973545050294,0.5225779055077203,1.9358492679579713,0.1158119682011759,40.270906454741386,-5098.622014717436,7.0,1.0,0.7798372205654225,-5098.622014717436,5105.086585310542,0.21137051155074005,1.3302026459195986,3.0,0.0,0.5592341991082216,0.5592341991082216
1294,1,0.05767904391521628,0.0623665709745523,0.009393719441513394,1.370885507455024,0.42550487207911486,7.1265733427464015e-9,8.852791482762453e7,7.806744816844167e7,1.0886296371585018,0.5400956308997032,2.348309829517053,0.1396769130715078,38.41869057483513,-5099.462506463317,7.0,1.0,0.8448178721299163,-5099.462506463317,5103.991980605451,0.22699612407359382,0.4394628058998933,3.0,0.0,0.5592341991082216,0.5592341991082216
1295,1,0.05799782609282113,0.05651523625500445,0.009620544851484964,1.3368252852564864,0.42762337427942854,7.278649561038259e-9,8.861612181287496e7,9.860086730081202e7,0.9846456446298509,0.5289381060428987,1.9616445571286354,0.10888003381048751,41.510989277963745,-5100.418886573851,7.0,1.0,0.7589787568939083,-5100.418886573851,5107.615521452328,0.11829989651778305,0.5112185749085256,3.0,0.0,0.5592341991082216,0.5592341991082216
1296,1,0.057823573777620735,0.057728187332314884,0.009598893175051776,1.3546405049131196,0.4258563979944077,7.26426010984019e-9,9.05054899588292e7,9.102040396026586e7,0.9563669276326917,0.5573414467881247,1.9288964357894287,0.11575203345146687,41.23787202609419,-5096.722754088742,7.0,1.0,0.9785987162014388,-5096.722754088742,5105.365658064906,-0.443243242243625,-0.45349281651851925,3.0,0.0,0.5592341991082216,0.5592341991082216
1297,1,0.05776165481132804,0.06508026892451826,0.009300230642384916,1.3589035688468414,0.43282339375187895,7.137637908174208e-9,8.891940880825505e7,8.724825353565374e7,1.2390437445443112,0.5536033514256499,2.429126452442757,0.13240004217557572,37.83771444429288,-5099.2938491325895,7.0,1.0,0.680787459423087,-5099.2938491325895,5103.979658370599,0.339323293882444,0.7951946730590862,3.0,0.0,0.5592341991082216,0.5592341991082216
1298,1,0.057690538527854864,0.06284289807285508,0.009155155616570328,1.3547514665622575,0.4342313256119777,7.1476866481639e-9,8.793536721975423e7,9.81707803497617e7,1.0442511371472636,0.5482543479161799,2.2509239379341905,0.12252518904097597,38.78873600471878,-5095.903191739729,7.0,1.0,0.9305498518394718,-5095.903191739729,5102.7180395601345,-0.11635831696003152,0.32088903008479974,3.0,0.0,0.5592341991082216,0.5592341991082216
1299,1,0.057698051429263035,0.06451802784071932,0.009232099784105212,1.3559471627649107,0.43253219797384795,7.185616077064015e-9,1.0878321486777556e8,8.018088334884803e7,0.9909684480189338,0.49327030056367416,1.9273887539043792,0.11903494937724841,39.082034364752005,-5098.733875120344,7.0,1.0,0.8727810851483804,-5098.733875120344,5101.6108624959,0.1141457130361232,0.405431374060754,3.0,0.0,0.5592341991082216,0.5592341991082216
1300,1,0.057395984690443685,0.06440218619688692,0.009036760967085371,1.3458809143734451,0.4390018863810462,7.15168753193472e-9,9.124110865802905e7,9.192683356829087e7,0.9161664978573947,0.4783776042282771,2.6371457162729666,0.13125705470042962,41.64689313719255,-5105.174921208734,7.0,1.0,0.6334107216997696,-5105.174921208734,5113.246016536218,0.4034669413431402,0.7274620993557619,3.0,0.0,0.5592341991082216,0.5592341991082216
1301,1,0.0582697994228367,0.0653734143308637,0.009174600558709459,1.3514916778098336,0.4360178333584281,7.1141236023044695e-9,1.0004567462161942e8,8.390556635820705e7,1.0699453205700864,0.5416530342515612,2.4144831127518867,0.12422666009256883,35.14519047267162,-5100.472783821227,7.0,1.0,0.9557764822145857,-5100.472783821227,5110.2002272037225,-0.03536956088919396,-0.46165571665824245,3.0,0.0,0.5592341991082216,0.5592341991082216
1302,1,0.05776007502015308,0.05737539612074972,0.009461782433767971,1.3501221377184591,0.437578213804874,7.282540269592531e-9,9.176491878223492e7,9.733187155339006e7,1.0504211317964027,0.5142435492847316,1.8890476111979126,0.12501386545809787,45.97417682151516,-5100.773212133865,7.0,1.0,0.9360809874678055,-5100.773212133865,5106.085312966554,0.0288979550705335,0.5316500188382633,3.0,0.0,0.5592341991082216,0.5592341991082216
1303,1,0.05806875342208742,0.06327124765556812,0.009430462497374878,1.3591781466361375,0.4224536745730734,7.154981616494702e-9,9.691106988533704e7,8.342041708625664e7,1.081385378731207,0.5657092376394335,2.289631075823801,0.12371925063173954,34.40624734353746,-5098.092750125995,7.0,1.0,0.8391776246990515,-5098.092750125995,5107.591834573624,-0.29199006687122164,0.4620870113349156,3.0,0.0,0.5592341991082216,0.5592341991082216
1304,1,0.05774611178449703,0.05852252030342027,0.00926910751153985,1.358688331521218,0.4360329031297947,7.165491019304554e-9,9.20642080177219e7,9.180830384293337e7,1.1142056010421064,0.5543115016221777,2.095440463455661,0.1298198868131733,48.16109861659988,-5098.692955178313,7.0,1.0,0.9941407582049004,-5098.692955178313,5104.024790025204,0.00831537956946704,-0.15690379900115659,3.0,0.0,0.5592341991082216,0.5592341991082216
1305,1,0.05746570376476325,0.065524513773194,0.009344545181968058,1.3390057824870445,0.42833394853131534,7.261714232999564e-9,9.393455101524463e7,8.529137335476887e7,0.9804742560733216,0.503733656421878,1.9625232006301676,0.11184046706037735,37.24906280619093,-5098.710706317653,7.0,1.0,0.9063735695866953,-5098.710706317653,5107.756479557521,-0.9518841736817194,-0.9518841736817194,3.0,0.0,0.5592341991082216,0.5592341991082216
1306,1,0.05756643755913114,0.06803224719984598,0.009090539909056186,1.36750325584224,0.4450673924596832,7.184321607408304e-9,8.996634516485804e7,8.635563197765237e7,0.9864361526658445,0.611033709898943,2.066928326406389,0.121704698078885,38.49075107751776,-5102.539288391917,7.0,1.0,0.2964588121328408,-5102.539288391917,5111.1827422167,1.1554104677697978,1.256460588921982,3.0,0.0,0.5592341991082216,0.5592341991082216
1307,1,0.057484000379767,0.06600032477180509,0.009123437216241596,1.352740078192062,0.437568905356909,7.187678893651479e-9,1.0383326316383997e8,9.225600207192998e7,1.0413259296916817,0.6288686995929939,2.2817581963179756,0.11438281283020282,37.32061102508289,-5100.096098230687,7.0,1.0,0.9735611109564548,-5100.096098230687,5107.413782001122,-0.25941254107783607,-0.3642954807246497,3.0,0.0,0.5592341991082216,0.5592341991082216
1308,1,0.05760957577051056,0.063521929617783,0.009045393853377489,1.3305506925282629,0.4391812376706802,7.069831347879276e-9,1.0469828431161116e8,8.096673108303362e7,1.0200297918458407,0.5926567045771507,2.2732069125796195,0.12547491764675253,37.08911410856757,-5099.814701834358,7.0,1.0,0.7835450144596106,-5099.814701834358,5105.990525956857,-0.004239903634697839,0.655564928093554,3.0,0.0,0.5592341991082216,0.5592341991082216
1309,1,0.058199446884055345,0.0636980958125426,0.009570337413888321,1.3618751639331048,0.4207271697399512,7.2325230242394735e-9,8.730420122250254e7,1.0273262674280982e8,1.0836508663981972,0.4922680977319217,1.98827171781674,0.12091944998585576,43.503456776105935,-5100.527941180354,7.0,1.0,0.742279667282168,-5100.527941180354,5108.022302765224,0.4640928920398437,0.6800971051461602,3.0,0.0,0.5592341991082216,0.5592341991082216
1310,1,0.05787370297143426,0.06266048021377255,0.009862809935325758,1.364328664998202,0.4159190685796102,7.259188017091877e-9,8.933061455819343e7,9.405077032419914e7,1.159148274859918,0.5738224402529634,2.1358107619101543,0.10392510445347009,39.759763554782865,-5103.482923288034,7.0,1.0,0.9260135838614304,-5103.482923288034,5110.440476729552,0.2977592039433148,-0.35158319737001875,3.0,0.0,0.5592341991082216,0.5592341991082216
1311,1,0.05744867351020799,0.05849967076449159,0.009372968861830578,1.3345410017146362,0.43025778406944604,7.209362179355522e-9,1.0275372111627917e8,8.950220896416923e7,1.1537883978272103,0.5223033348692544,2.318016275761801,0.14887601831373057,41.91382424460325,-5100.265897264433,7.0,1.0,0.9607943344724539,-5100.265897264433,5110.137705877216,-0.3188448603159486,-0.40731715142010216,3.0,0.0,0.5592341991082216,0.5592341991082216
1312,1,0.058227516785929814,0.061127521716021024,0.009611304079351134,1.3685443363747942,0.42312014154645955,7.140106508122841e-9,8.48497401629358e7,9.051276411484689e7,0.9986172310980993,0.5425390743365041,1.8643572552274217,0.10910231686219031,37.01216661585383,-5100.225635827169,7.0,1.0,0.9940273967773327,-5100.225635827169,5105.0733988843485,-0.033190848069352796,-0.34597460882014275,3.0,0.0,0.5592341991082216,0.5592341991082216
1313,1,0.057688627240491834,0.06097868201545997,0.009289061044832257,1.3283610240302732,0.4351834906625002,7.14856856297299e-9,9.944490867060311e7,9.00517659544688e7,1.163826981164122,0.5600202945511482,2.362887490347948,0.13574597829859064,39.62535835342605,-5096.949342413001,7.0,1.0,0.8594655730048512,-5096.949342413001,5103.779566996233,-0.10512754790579493,0.45581825794579345,3.0,0.0,0.5592341991082216,0.5592341991082216
1314,1,0.0579433543572128,0.06250358230485316,0.00937317612422589,1.3444722841578658,0.42956354428754606,7.148604943864268e-9,9.1974470184986e7,8.319674372908531e7,1.028679830322384,0.510335167839641,2.0515089037080747,0.1091090818260956,41.30149968630773,-5094.657821486316,7.0,1.0,0.9802703033097924,-5094.657821486316,5099.548724746083,-0.23006372892086802,-0.23006372892086802,3.0,0.0,0.5592341991082216,0.5592341991082216
1315,1,0.058014716228837346,0.06033062276483132,0.009278375679389116,1.335893419932763,0.43435057395458077,7.099944768503547e-9,1.0267343296767105e8,9.608046181058596e7,1.1432288848277705,0.5131064771578914,2.328365641308617,0.1309579555859836,39.27453739719169,-5096.499400227754,7.0,1.0,0.8296240028946925,-5096.499400227754,5100.418731556689,0.12596695754018583,0.25348795394984336,3.0,0.0,0.5592341991082216,0.5592341991082216
1316,1,0.057516642894677845,0.059291791552953485,0.009401313092542433,1.350252089300228,0.42224204175792435,7.226819786071741e-9,8.628731143143801e7,8.690396605036852e7,0.9796641904126078,0.5453777048328743,1.98012740432421,0.12106435979923477,39.344343628884815,-5096.933524749933,7.0,1.0,0.6199085801946858,-5096.933524749933,5104.217250886893,0.27168144211373146,0.8076981905260254,3.0,0.0,0.5592341991082216,0.5592341991082216
1317,1,0.057709536973488434,0.06111599889565864,0.009338198622812679,1.3650007084279263,0.43006986800545677,7.203704664030325e-9,8.607741990356638e7,9.50761675724239e7,1.1363009884426114,0.5076883164627948,2.211951019662561,0.1060667325976882,35.81733006889254,-5098.4694111360695,7.0,1.0,0.37809024230472127,-5098.4694111360695,5105.617304012788,-0.10187474281883624,61.40253305308215,3.0,0.0,0.5592341991082216,0.5592341991082216
1318,1,0.0580056514736997,0.06374516314332064,0.009557074182066215,1.3285468367610813,0.42641315642267597,7.165176014726417e-9,9.492952754996838e7,9.111115733528267e7,1.0251535971979795,0.5482226659139633,1.8659536847513252,0.1447396037793764,39.12278654648154,-5099.961373978254,7.0,1.0,0.8034709247003501,-5099.961373978254,5105.997041755386,0.4284698258379649,0.6711879014337683,3.0,0.0,0.5592341991082216,0.5592341991082216
1319,1,0.057896866086863674,0.060067011971504866,0.009269320532997557,1.3619218327532883,0.43713307725494394,7.092817127979083e-9,9.446683199286738e7,9.181487019693673e7,1.189826471248066,0.4839289705456912,2.3734567405905005,0.10227454589576644,39.674616376587885,-5101.679623199208,7.0,1.0,0.9289364571778257,-5101.679623199208,5104.87755725209,-0.20635268627484038,-0.6395205713261021,3.0,0.0,0.5592341991082216,0.5592341991082216
1320,1,0.057814696398682225,0.06200355018927718,0.00925610975543226,1.3417315796215885,0.4254063549092203,7.200099074724853e-9,9.789426868742318e7,9.401028870973578e7,1.082478014806277,0.49412221413633445,2.4328851239800318,0.12104298811525323,43.36168812882896,-5098.993797469828,3.0,1.0,0.5304253307228086,-5098.993797469828,5108.6173095619715,0.9072521253028754,1.6388964198622489,2.0,0.0,0.5592341991082216,0.5592341991082216
1321,1,0.05815528957699371,0.05892265376312466,0.009529769537226018,1.3653661229895635,0.4261458382120135,7.245245178028927e-9,9.09390134844482e7,8.68109271857592e7,1.069863484484187,0.5875046917133194,1.935107693947109,0.13531786214295458,37.435255554016905,-5098.842127556851,7.0,1.0,0.8984691881120747,-5098.842127556851,5107.020531143596,-0.7317046020853013,-0.8720280391125925,3.0,0.0,0.5592341991082216,0.5592341991082216
1322,1,0.05750662814669173,0.06448736068958909,0.009294014307550134,1.3561185509990492,0.43628337264182476,7.1964523566967995e-9,1.0225302117701599e8,9.281067362310266e7,1.097081143184974,0.5671153086653014,2.3101723821292066,0.12111532626971591,38.321849885346985,-5096.587052181182,7.0,1.0,0.9789124507723275,-5096.587052181182,5106.196841538175,-0.7349565937638545,-0.7518422643070153,3.0,0.0,0.5592341991082216,0.5592341991082216
1323,1,0.0576844839037454,0.06127437244185349,0.009012235945867721,1.3401590152145189,0.4389497805046896,7.113237414364042e-9,8.813165611167637e7,9.788656580872488e7,1.1038122651083249,0.5207519603607125,2.0945188146883376,0.12332338925600451,38.69785834964238,-5097.812825908928,7.0,1.0,0.808999830250553,-5097.812825908928,5103.289759616114,0.26232504781364696,0.4618451830438062,3.0,0.0,0.5592341991082216,0.5592341991082216
1324,1,0.05784716595778828,0.0576264898220706,0.009642232566523697,1.3588435578242641,0.42297339938468553,7.162774500695093e-9,1.0094805736447442e8,8.477790786690342e7,1.0077747467177265,0.5645028827564312,2.162689123715431,0.13223602802132245,41.14254717818158,-5095.947716293556,7.0,1.0,0.926028661343726,-5095.947716293556,5103.706184974776,-0.2453683859839657,-0.289934475433256,3.0,0.0,0.5592341991082216,0.5592341991082216
1325,1,0.057705076237359806,0.06044786340789767,0.009489719271610828,1.3707518852495595,0.4307084647101296,7.2374213270368764e-9,8.829348233622743e7,9.953474387475476e7,1.087923848299678,0.48859138186548523,1.9550100687929866,0.10721722919426674,38.03039767954275,-5098.644139846903,7.0,1.0,0.5303028808580125,-5098.644139846903,5103.978753681441,-0.23220446051982435,2.191051747028723,3.0,0.0,0.5592341991082216,0.5592341991082216
1326,1,0.05792410081063283,0.06094773065235093,0.009182074335465945,1.3227732244519517,0.4257639150370223,7.0650478234224994e-9,1.0157118560412486e8,8.099994328589666e7,1.0132068296527759,0.573239824159497,2.2357262475500335,0.13799344844879619,41.55836515550322,-5100.815273511699,7.0,1.0,0.708008954522733,-5100.815273511699,5105.394443627487,0.6641418574281488,0.8461976898943249,3.0,0.0,0.5592341991082216,0.5592341991082216
1327,1,0.057543573281290616,0.06038271191808474,0.009529109579634185,1.3625085057441473,0.4309522167777754,7.222578899395786e-9,8.758938880352983e7,9.965805094212462e7,1.0974590373891147,0.4989931360749267,2.037158295220698,0.11443144814909223,39.45176450094357,-5097.263587530752,7.0,1.0,0.9412391458743461,-5097.263587530752,5105.04978653885,-0.17141048396752012,-0.968973429484322,3.0,0.0,0.5592341991082216,0.5592341991082216
1328,1,0.05788830394955064,0.05894645320888547,0.009679804343612552,1.3526145613129459,0.4218536398748127,7.1703181031775774e-9,1.0282358854441518e8,9.467227830376698e7,1.054742669726852,0.5850606350017143,2.176265871976237,0.12174110467144185,40.19897838770189,-5096.237343073652,7.0,1.0,0.9506658444180113,-5096.237343073652,5102.441028672788,-0.16031828283394134,-0.5071221259886443,3.0,0.0,0.5592341991082216,0.5592341991082216
1329,1,0.05811859747562217,0.058484006562741074,0.009499338020617032,1.3576430783365234,0.41607278250024626,7.1868718403181965e-9,1.0558723167107578e8,8.930194396232776e7,1.047982109953353,0.5768376164706184,2.2870603404861605,0.11792900737241577,39.30616557584011,-5100.121663050787,7.0,1.0,0.5027124939859577,-5100.121663050787,5103.347862228588,1.1565491180444951,1.6783748403822756,3.0,0.0,0.5592341991082216,0.5592341991082216
1330,1,0.05791129924396128,0.05932523810407796,0.009578500357175546,1.3561364425298565,0.4174360640085152,7.114596282226475e-9,1.0066092276202565e8,8.454703881525126e7,1.0534972416813555,0.545064634658854,2.2702355276698003,0.11788322969505097,37.9922997868919,-5096.909472570022,7.0,1.0,0.9620376166681374,-5096.909472570022,5103.093909626813,-1.5572460806934032,-1.5572460806934032,3.0,0.0,0.5592341991082216,0.5592341991082216
1331,1,0.05793351532066408,0.05755116805227567,0.009603057865065073,1.3468576395227105,0.4294741979117381,7.269693485447246e-9,9.474039196029681e7,9.689714985251264e7,0.9967103197115246,0.5472700620655887,2.007692433143194,0.12231075707922824,42.51667506323442,-5096.682444337869,7.0,1.0,0.8228290555237302,-5096.682444337869,5103.054651266889,-0.01552968912255892,0.5124740405062767,3.0,0.0,0.5592341991082216,0.5592341991082216
1332,1,0.0578264401334146,0.05444150466021829,0.009556952294466594,1.3441215850476038,0.4247138356214797,7.2148141006188915e-9,7.722780877802739e7,9.33364332801365e7,1.1227972511739235,0.5344296143244802,2.1717436768691107,0.12595666751650053,45.61980963365924,-5102.196175032507,7.0,1.0,0.7624036652427384,-5102.196175032507,5106.145401745951,0.5054528965756617,0.5054528965756617,3.0,0.0,0.5592341991082216,0.5592341991082216
1333,1,0.058052506386994246,0.06148228679038523,0.009445696645762988,1.3567735698671664,0.42210519049877004,7.195677780914919e-9,9.314592128061637e7,9.214115990257297e7,1.125132740223138,0.5457798237817302,1.9180475074960222,0.11601599689542622,39.412562150253656,-5096.182734441151,7.0,1.0,0.8614016697820189,-5096.182734441151,5105.726098302856,-0.1600913626007241,-0.7776081439751579,3.0,0.0,0.5592341991082216,0.5592341991082216
1334,1,0.05748455236173853,0.05755143941504379,0.009468312076017948,1.3542751325066118,0.4281775478742396,7.187697897952143e-9,9.59175506756359e7,9.399818143078043e7,1.0008066256991872,0.5364123008768683,2.082594975670578,0.12239563128941626,39.19554206417251,-5094.853185041102,7.0,1.0,0.9870263085843742,-5094.853185041102,5097.92944358794,-0.5381167615505547,-0.7998303603608292,3.0,0.0,0.5592341991082216,0.5592341991082216
1335,1,0.05847267497261653,0.06301373807874007,0.009453037053777178,1.3578327059526372,0.4324777063390834,7.0955923619936526e-9,1.0471305762156767e8,8.823291937567593e7,1.0857255672316037,0.5082953778675103,2.3570430551959163,0.13346455641660923,40.92932782098169,-5100.227325599372,7.0,1.0,0.7746033919702154,-5100.227325599372,5103.556995958396,0.4084232472259828,0.5761670576630422,3.0,0.0,0.5592341991082216,0.5592341991082216
1336,1,0.05755844896759333,0.06532925471315709,0.009066036089063131,1.3173279144551486,0.4363616521187147,7.143835688734059e-9,9.601318971724279e7,9.741190597382967e7,1.1527405463484484,0.6182442250648981,1.9267351892126239,0.15384226955169425,42.32219156874361,-5105.536496276182,7.0,1.0,0.8925379037019223,-5105.536496276182,5111.890935314144,0.17648816157634428,0.37880604015663266,3.0,0.0,0.5592341991082216,0.5592341991082216
1337,1,0.05804290959471776,0.06121046541427672,0.009335591612686808,1.3615533128314345,0.4325024428648834,7.159886116509426e-9,1.026038149141808e8,8.187722421152145e7,0.9642085041396172,0.46931567965391874,2.459104247330113,0.11112592128810195,37.38843440855846,-5100.669973835352,7.0,1.0,0.9170348848733946,-5100.669973835352,5112.836513688267,-0.5996255828667927,-0.5996255828667927,3.0,0.0,0.5592341991082216,0.5592341991082216
1338,1,0.05762521154873611,0.05648408754645824,0.009504318437350806,1.3569224980201142,0.4282708705870587,7.157646628847734e-9,1.0708619920870773e8,1.1136794844831136e8,1.1800381035813652,0.5824228332354356,2.0383061680205814,0.12808022233892372,39.770720941239006,-5102.45191082922,7.0,1.0,0.781523373954782,-5102.45191082922,5109.79174738157,0.3664660502126935,0.7733223308732704,3.0,0.0,0.5592341991082216,0.5592341991082216
1339,1,0.05761886413297154,0.057723994531699456,0.009847655196609684,1.3678686524988009,0.42895637517897117,7.3682921265117125e-9,9.520358531366456e7,9.268305385560775e7,1.0005217808822982,0.557719066617666,2.25373129822401,0.11461326726873305,44.47635891808504,-5105.394163664414,7.0,1.0,0.28522809871988575,-5105.394163664414,5114.987458348621,1.169123794987172,2.605643554481503,3.0,0.0,0.5592341991082216,0.5592341991082216
1340,1,0.05827396962058356,0.06273549560093515,0.009149264955166589,1.3361767829985673,0.43011277657738106,7.084918847401967e-9,9.382146425152956e7,8.442338630024172e7,1.109300367770469,0.4991851728283671,1.9917885250374163,0.13462947988387816,38.46740519133547,-5099.131487175781,7.0,1.0,1.0,-5099.131487175781,5106.705903832913,-0.9702494059984019,-1.7064266102743204,3.0,0.0,0.5592341991082216,0.5592341991082216
1341,1,0.05790947311130893,0.06435680450325777,0.00927913006878556,1.338389309348643,0.4396448127060263,7.091149116249921e-9,8.701472106909399e7,9.799568770947023e7,1.1303089686198196,0.5057313403417161,2.029258286227641,0.12173933176086586,37.469504827152505,-5097.982467441821,7.0,1.0,0.9895400186370635,-5097.982467441821,5102.328015782312,-0.25457574247047887,-0.9963569701840242,3.0,0.0,0.5592341991082216,0.5592341991082216
1342,1,0.057506144921877785,0.065155250819706,0.009331486009888538,1.351661656503892,0.4357391593211898,7.1873054527747135e-9,1.0752665418553947e8,8.812528503992674e7,1.1486248050951393,0.5284484595343323,2.1511199650997748,0.1189434021160292,41.155923383897466,-5096.544848062554,7.0,1.0,0.7092826403367406,-5096.544848062554,5102.555556187414,-1.183559625855196,1.2221434945295186,3.0,0.0,0.5592341991082216,0.5592341991082216
1343,1,0.05820668469781976,0.061861759908931835,0.009474074039946961,1.3473111591547464,0.41972504299269925,7.094536717594139e-9,8.744495473882262e7,8.987012577760163e7,0.9712157727036849,0.5294367898851049,2.1050547488053994,0.12833594774337648,38.824331308937154,-5096.702705042745,7.0,1.0,0.37593464411334043,-5096.702705042745,5106.626816898758,0.5240948422915608,1.501060006514308,3.0,0.0,0.5592341991082216,0.5592341991082216
1344,1,0.05797670341221525,0.05942436643811577,0.009326161818081883,1.3373145968386708,0.4345102337027901,7.175020271365235e-9,1.0663859586605985e8,9.697033355882873e7,1.18375365721309,0.5304021473765189,2.2314263475546374,0.11729184739681142,42.823579878842644,-5097.662647764711,7.0,1.0,0.9494436129772775,-5097.662647764711,5101.7256799483375,0.061810872028218,0.14979152126943518,3.0,0.0,0.5592341991082216,0.5592341991082216
1345,1,0.05756727395507581,0.06021737229855362,0.009382830379140363,1.3665776861726517,0.4203192859353559,7.155098501393982e-9,9.472362614343531e7,9.009665104157165e7,0.9622744175887247,0.5604873992410525,1.9075719447739954,0.11785618658376278,43.1596342001239,-5098.892060416058,7.0,1.0,0.6878627520416943,-5098.892060416058,5104.200847348277,0.46148921672011056,0.8731896293247701,3.0,0.0,0.5592341991082216,0.5592341991082216
1346,1,0.058069844420901344,0.058717453597165514,0.009699427367277094,1.3455311971051565,0.42560245149816023,7.194415329250427e-9,8.55077342812135e7,9.465502680786422e7,1.0437012719764698,0.494009009985458,2.182926596392539,0.12585248405150357,42.761251419034856,-5096.823022241993,7.0,1.0,0.877504503212716,-5096.823022241993,5105.050235449712,-0.1502540795463574,0.5376705414337266,3.0,0.0,0.5592341991082216,0.5592341991082216
1347,1,0.05758757582624023,0.057057506477388775,0.009220697344206094,1.3203254454060618,0.4420006968276441,7.288142800979475e-9,1.0078346670006865e8,8.471986541980462e7,1.1037396229990786,0.5195893172792508,2.1685024119059557,0.1252052611775205,36.17361081214992,-5104.955610544577,7.0,1.0,0.6817956911079214,-5104.955610544577,5108.804921918928,1.2534582707485242,1.2534582707485242,3.0,0.0,0.5592341991082216,0.5592341991082216
1348,1,0.05763287128924133,0.06021245809738444,0.00920969097983958,1.3162983379291917,0.44318323878211063,7.244376338147646e-9,9.684980954512553e7,8.87777062609468e7,1.1114982869996932,0.5341853536768003,2.2385416902463566,0.1230067228296937,39.91948861111821,-5099.329206461681,7.0,1.0,1.0,-5099.329206461681,5108.843792750592,-1.240109158593441,-1.7268341534409046,3.0,0.0,0.5592341991082216,0.5592341991082216
1349,1,0.057802724170372556,0.06493781363574812,0.009325039934556047,1.3789596481912947,0.4298735220368738,7.037717520295342e-9,8.128619819335844e7,1.0315128269638973e8,1.092165894713583,0.5351270966565097,1.9552140249943453,0.11294440745443761,38.21606438424057,-5106.050867220438,7.0,1.0,0.73270935657743,-5106.050867220438,5110.505353677341,0.8847907397985182,0.8847907397985182,3.0,0.0,0.5592341991082216,0.5592341991082216
1350,1,0.057982982619450146,0.06642461819194558,0.009272661060142975,1.3648897349457938,0.4285590059215202,7.143072849962004e-9,1.0414293518819427e8,9.704791348002566e7,1.1575169957079978,0.5543706365862783,2.4034340270722807,0.12320325021080474,43.86153468207693,-5100.31225238828,7.0,1.0,1.0,-5100.31225238828,5114.3731863033145,-0.677541377606758,-0.9840837869760435,3.0,0.0,0.5592341991082216,0.5592341991082216
1351,1,0.05766124748515163,0.06094622219563175,0.009262114372647925,1.3233426293261537,0.4350498022557635,7.0970075964866965e-9,8.7751090151156e7,8.696473222896993e7,0.9589668535833191,0.5055188755500034,1.9013628343642353,0.12298892225521178,34.918789267304376,-5100.540340379913,7.0,1.0,0.9584000250190609,-5100.540340379913,5105.861541683606,0.24914534833260404,-0.5874431784568515,3.0,0.0,0.5592341991082216,0.5592341991082216
1352,1,0.05766668701935831,0.0674127436969552,0.008906651297528094,1.3099421331229772,0.44094920825258915,7.152716057240512e-9,1.0130770173359962e8,8.0525358859936e7,1.0605422859553288,0.45903075799789084,2.2784313206491547,0.13072005174687445,40.32239935706723,-5104.302648729857,7.0,1.0,0.8088170379312208,-5104.302648729857,5113.886773149731,0.19671241264859418,0.522494914980598,3.0,0.0,0.5592341991082216,0.5592341991082216
1353,1,0.057938526851662946,0.0637932064306009,0.009184306774218942,1.311608141892789,0.43424774598989857,7.083535418214343e-9,8.491357423198818e7,8.642565172081718e7,1.050444270221891,0.46900165496944735,2.2530854732666494,0.11131250431222994,41.88385519989315,-5099.830418485018,7.0,1.0,0.8965401761687384,-5099.830418485018,5113.792718596674,-0.6806737381748462,-0.6806737381748462,3.0,0.0,0.5592341991082216,0.5592341991082216
1354,1,0.057527725531675934,0.06480023184221545,0.009372490002134175,1.3747164957351472,0.43177842683243645,7.162086795229367e-9,1.1046200841788113e8,9.778889180391924e7,1.0593161185282365,0.6030524694602378,1.9847420630411632,0.13132916091678037,37.15158232500145,-5101.551292151992,7.0,1.0,0.7555160554375002,-5101.551292151992,5107.030126533764,0.5786609436581784,0.5786609436581784,3.0,0.0,0.5592341991082216,0.5592341991082216
1355,1,0.057909572926651824,0.05975371139152937,0.00943915202110868,1.3270314201462166,0.42847161843153375,7.142967578170639e-9,1.0217323596919592e8,8.806954949373762e7,1.0386115240543052,0.5620062408976075,2.0462248038762643,0.11925850441734577,37.85466092454251,-5094.781757119847,7.0,1.0,0.9755226198575679,-5094.781757119847,5103.52577767191,-0.7665752718194199,-0.7665752718194199,3.0,0.0,0.5592341991082216,0.5592341991082216
1356,1,0.05782156266248048,0.06135262142161918,0.009413394389110832,1.341126062318455,0.42220698624781566,7.160273146272269e-9,9.137083363512956e7,8.654934902231197e7,1.050461570461766,0.5254351341857523,1.9294349277219947,0.1235870340603943,34.842004269147495,-5095.912055729423,7.0,1.0,0.936227444567611,-5095.912055729423,5098.798391259013,0.12632793905322615,0.13102115001674974,3.0,0.0,0.5592341991082216,0.5592341991082216
1357,1,0.05787901859409349,0.060478365900546685,0.009346436016442684,1.349805818653753,0.4397560932507802,7.1566900619097825e-9,1.006820482022526e8,9.24708080795181e7,1.0570939001665316,0.5338936095875744,2.335263568253044,0.12115889211918757,45.44206409945198,-5097.621061841006,7.0,1.0,0.6964078022884935,-5097.621061841006,5099.542817155339,0.5004171361251792,0.7885839892851436,3.0,0.0,0.5592341991082216,0.5592341991082216
1358,1,0.05808234688808019,0.059066430678483,0.009346987081485875,1.355225055482632,0.4306863982047955,7.215873680942545e-9,1.014489428267635e8,9.277320595050208e7,1.0496891787126847,0.5500159571975543,2.3469662354420224,0.11608600633350719,48.34527861056872,-5100.553761633995,7.0,1.0,0.6722453518812036,-5100.553761633995,5105.917756877768,0.3555016893469656,1.0573412405155977,3.0,0.0,0.5592341991082216,0.5592341991082216
1359,1,0.05800957422729281,0.05984208400479875,0.009425921966035165,1.3683858185469033,0.43295643079629603,7.18711244472686e-9,1.0165069048034897e8,9.69621937724738e7,1.0440835996222697,0.5385598213535013,2.2558619468631167,0.11694372094926937,45.641544611851444,-5097.386319759373,7.0,1.0,1.0,-5097.386319759373,5102.918228744785,-0.6150335054771858,-0.7397038115905161,3.0,0.0,0.5592341991082216,0.5592341991082216
1360,1,0.05769140670268445,0.06396968495314583,0.009204745311284346,1.3245807027555998,0.42764186706798235,7.117993965657813e-9,8.961161039217097e7,8.526653838355505e7,1.073927917788351,0.5203249134523557,1.9605413594033372,0.12882179847970124,34.69287138673331,-5098.10044863269,7.0,1.0,0.9886927159897273,-5098.10044863269,5099.950871318182,0.009434923273147433,-0.35619124963250215,3.0,0.0,0.5592341991082216,0.5592341991082216
1361,1,0.05802245704424819,0.061639095373435836,0.00924901228624268,1.3591780280738603,0.44030553331366495,7.188405133682982e-9,9.474905659383878e7,8.775564652228291e7,1.0006758261400994,0.5262098380449683,2.286970457022801,0.10986085603549985,43.642162656181725,-5098.578520131093,7.0,1.0,0.684015228501863,-5098.578520131093,5104.887286102314,0.37829827837686025,0.7843312302502454,3.0,0.0,0.5592341991082216,0.5592341991082216
1362,1,0.05778321324230317,0.06332686464589443,0.00931176889263147,1.3323676693315463,0.42373680752962506,7.1244931062669385e-9,9.51946116058019e7,9.256664743982609e7,1.1115126099848043,0.5351920809015004,1.8634484477696607,0.13718848105345127,35.682603712230645,-5098.3816386367935,7.0,1.0,0.9779013173867241,-5098.3816386367935,5102.68773365515,-0.17182664566007588,-0.5851126408570053,3.0,0.0,0.5592341991082216,0.5592341991082216
1363,1,0.05763956246985023,0.06155624895519559,0.009199065114412288,1.3658006472445812,0.4389344137821686,7.214200740042734e-9,1.037872968729432e8,9.013128294633235e7,0.9633706037978254,0.5372497218516743,2.351858070942599,0.10867397894318692,42.545102961840776,-5100.033111817375,7.0,1.0,0.9655762878701383,-5100.033111817375,5103.312723838629,0.016802625660602644,-0.31644757261619816,3.0,0.0,0.5592341991082216,0.5592341991082216
1364,1,0.05831975463289523,0.06130598530778889,0.009465908484878775,1.3260864682072069,0.4216323170883063,7.152690578244288e-9,8.482679709413572e7,8.870485086912857e7,1.1525247149593059,0.5199950161308264,1.9506315965829097,0.13969649295299927,37.13649338208245,-5100.500654005663,7.0,1.0,0.9587716044896968,-5100.500654005663,5104.803254794943,0.18041803779306065,-0.36409246092534886,3.0,0.0,0.5592341991082216,0.5592341991082216
1365,1,0.05758298962209826,0.05691912278158029,0.009463952472503947,1.3557081313777586,0.42628594935728104,7.220764989993484e-9,9.386142207652134e7,8.562138786556132e7,1.0187686312899975,0.5318951838542594,2.3976735600177896,0.11849570533302205,40.68064164462842,-5095.875950142186,7.0,1.0,0.7746385120286973,-5095.875950142186,5106.661884554074,-0.44687355670430406,0.9933542009048324,3.0,0.0,0.5592341991082216,0.5592341991082216
1366,1,0.05812961269138569,0.06479254133287662,0.009276403367536913,1.3621554978125112,0.423564631254267,7.181003317882497e-9,9.53801167803416e7,9.710382779383063e7,1.1553928269159426,0.5291815270650677,2.025893937039495,0.1262466037373279,41.0451410212193,-5100.240987737861,7.0,1.0,0.22698833420161724,-5100.240987737861,5109.373177049886,2.272907859708539,3.660312310408699,3.0,0.0,0.5592341991082216,0.5592341991082216
1367,1,0.05783035994683515,0.0607923601990006,0.009465318002470274,1.3395574556550898,0.4303197172516286,7.256409634878579e-9,9.26671668000292e7,8.466856737892295e7,0.9648897242537062,0.5290794713008709,2.3269688461897577,0.1162532322266986,39.36619717945884,-5096.372797377711,7.0,1.0,0.9672351966608248,-5096.372797377711,5106.274137175094,-1.7386780048336732,-2.07115157721546,3.0,0.0,0.5592341991082216,0.5592341991082216
1368,1,0.05797790621790378,0.060209017125411546,0.00937828582137197,1.359294175349769,0.4251004918179365,7.111212803362439e-9,9.386595187370633e7,9.412787295559184e7,1.1514723830386326,0.5362193751171703,1.9044288787235786,0.1310663466286707,39.98047244229392,-5096.050389494972,7.0,1.0,0.9473708767165986,-5096.050389494972,5101.258571494123,-0.06244239070929325,-0.18424331475398503,3.0,0.0,0.5592341991082216,0.5592341991082216
1369,1,0.05778063603209802,0.06036654571930069,0.00942284656242711,1.3187446727454,0.42953844630409643,7.2349453709693775e-9,9.959312377023192e7,8.8480121453388e7,1.0175610259056083,0.518672246884063,2.376797256852565,0.12605875485063645,36.647642571638194,-5097.3458238566545,7.0,1.0,0.790563334393077,-5097.3458238566545,5102.161679142067,0.1472822141704455,0.3923028122599135,3.0,0.0,0.5592341991082216,0.5592341991082216
1370,1,0.05813496330290758,0.06137798277676954,0.00946300031565998,1.3723657361858534,0.43138357989100345,7.15418816587254e-9,9.192803566973646e7,9.297475859005453e7,1.081057976059337,0.526355311106001,1.9274074662452385,0.11835708338882868,41.56852173140514,-5095.964870643851,7.0,1.0,0.9317055956365883,-5095.964870643851,5102.007314039765,-0.1366499980676963,0.19199439518342842,3.0,0.0,0.5592341991082216,0.5592341991082216
1371,1,0.057691288875755725,0.05913590221391853,0.009591221387128809,1.334675216168926,0.4185886375784226,7.243948546089359e-9,9.669276649257112e7,8.630207971455364e7,1.071873902757192,0.5298387757211491,2.263585197740571,0.13514061433146957,37.59785168940023,-5096.482940940901,7.0,1.0,0.9300207122483278,-5096.482940940901,5101.6860460778225,-0.004737836779895588,0.2692844231169147,3.0,0.0,0.5592341991082216,0.5592341991082216
1372,1,0.057668624874189466,0.06361111664576134,0.009418604656184472,1.3442280513436728,0.4248350561230795,7.209956220401508e-9,1.0203499415438019e8,9.484164079232857e7,0.9904194431146309,0.5531777651950973,2.102885541686746,0.10626189037706714,44.92482661411249,-5098.7472943783905,7.0,1.0,0.7361263503304458,-5098.7472943783905,5104.42657762108,0.2745363892017849,0.42814802606153535,3.0,0.0,0.5592341991082216,0.5592341991082216
1373,1,0.05785266208140732,0.06026573224564473,0.009391902246610774,1.348480036876509,0.43266643147092154,7.185563363396047e-9,9.247044597498696e7,8.832649910121673e7,1.0642478522968135,0.5601116405190504,2.0357910712273903,0.11843053142805957,36.616490006576555,-5093.405074994049,7.0,1.0,1.0,-5093.405074994049,5099.82843829515,-0.4969501751338612,-0.4969501751338612,3.0,0.0,0.5592341991082216,0.5592341991082216
1374,1,0.05785742308388379,0.06145637661852357,0.00953490845733445,1.3646343518274942,0.41598589374909944,7.142131436397637e-9,1.0222641231084855e8,9.10891687883002e7,1.0412194134242947,0.4966999258674223,2.202949622413721,0.1308894852998995,41.83212146841214,-5096.928462116391,7.0,1.0,0.5813791081935185,-5096.928462116391,5101.638696382645,0.5327061539810529,0.6934381001019574,3.0,0.0,0.5592341991082216,0.5592341991082216
1375,1,0.057779050325800704,0.059682461160163604,0.009159461097540091,1.3438553228387264,0.44159534370018183,7.129040877346012e-9,8.656382281962502e7,9.063493588786352e7,1.058086735669428,0.5501826092156933,2.0605448844701253,0.11668161265639977,36.23670555712171,-5097.120504906558,7.0,1.0,0.9435053285234962,-5097.120504906558,5103.9265068186605,-0.1404471418745743,0.17736124519160512,3.0,0.0,0.5592341991082216,0.5592341991082216
1376,1,0.057936766101703216,0.0630469043594457,0.009209973008529763,1.336005257568035,0.43271944962889713,7.101744175306566e-9,9.010182565169048e7,9.989544024499023e7,1.057784493495075,0.5098023621097425,2.1701420306163697,0.10951734521355763,34.99831852952595,-5097.493352755635,7.0,1.0,0.9973871947667526,-5097.493352755635,5101.420135994719,-0.013361153957703209,-0.16392771797109162,3.0,0.0,0.5592341991082216,0.5592341991082216
1377,1,0.05764472322986838,0.06243972832889795,0.009412211527959347,1.3513201120324494,0.4279579455172957,7.2674539265441545e-9,9.343199708743714e7,8.781122499783283e7,1.0123179545080467,0.5318079276208674,2.004666770350187,0.12395372493733549,43.58584780698002,-5095.62324723817,7.0,1.0,0.7086957735741837,-5095.62324723817,5104.026009121921,0.06881901110136823,0.701772236189754,3.0,0.0,0.5592341991082216,0.5592341991082216
1378,1,0.05791755429448659,0.06338571247514484,0.009616277299634775,1.3595677001634106,0.42205195389801115,7.205569869628012e-9,8.808469942589569e7,8.345737288455078e7,1.0275454774053514,0.49765494474706706,1.8792314039725992,0.11503468186247419,37.002389673371596,-5098.392182554083,7.0,1.0,0.8664751304324595,-5098.392182554083,5102.71562866881,0.22083555175140646,0.2889927976721083,3.0,0.0,0.5592341991082216,0.5592341991082216
1379,1,0.05741748399729088,0.05554738293519025,0.009338792131749783,1.3570172850685494,0.43023398667165175,7.209627878365323e-9,9.62873836390891e7,9.293336865090464e7,0.9996351460680126,0.6195229343375102,1.9178167746608499,0.11235759582011606,36.08794680653185,-5101.863287512754,7.0,1.0,0.7714438644005808,-5101.863287512754,5107.887113940418,0.41671075303474936,0.489967610507847,3.0,0.0,0.5592341991082216,0.5592341991082216
1380,1,0.05783308705772793,0.05832974515284269,0.009647003471510998,1.3373354324394202,0.42535519254619547,7.242408409368233e-9,9.950033480515972e7,9.412115672630565e7,1.1185075861446032,0.5712162192507584,2.051791037454254,0.11495460845609352,38.22350074167971,-5096.465878668934,7.0,1.0,1.0,-5096.465878668934,5104.927177650085,-0.4596888287769616,-0.5526311470239307,3.0,0.0,0.5592341991082216,0.5592341991082216
1381,1,0.05777689130042582,0.06155014596546019,0.009243648261302594,1.3607325847656746,0.433807348228019,7.165076703874796e-9,8.97745204271964e7,8.623115854008038e7,0.9837738171072251,0.5638044006712165,2.123761221737126,0.1268499174955477,38.410413385071614,-5094.724147891035,7.0,1.0,0.9970033495550524,-5094.724147891035,5100.221020684384,-0.1729418492896002,-0.18344939002690808,3.0,0.0,0.5592341991082216,0.5592341991082216
1382,1,0.05797922020842827,0.06538107289853669,0.00932399151781304,1.3379263630532983,0.42829583008654254,7.126922682196767e-9,1.0145338712083651e8,9.287597144798619e7,1.1115812837688834,0.57034652921617,2.1822294852083908,0.12109778907235681,40.13196735158161,-5095.141310314321,7.0,1.0,0.7450717881880919,-5095.141310314321,5100.776578359862,-0.032654022212227574,0.43275680160968477,3.0,0.0,0.5592341991082216,0.5592341991082216
1383,1,0.057850008214647336,0.059222412561266785,0.009330544740950585,1.346842671408474,0.4371432843278562,7.1948008254312405e-9,9.289373639351518e7,8.515637576032095e7,1.008169251598891,0.4922353480531083,2.070688837349464,0.12333485516221455,41.02912461707009,-5094.776094432456,7.0,1.0,0.9107452712359091,-5094.776094432456,5099.681713296246,0.026228800570606836,0.1911084987095819,3.0,0.0,0.5592341991082216,0.5592341991082216
1384,1,0.05779692846124709,0.06368389579185318,0.009394998842347287,1.354544994624416,0.4210600693995333,7.1598457123052345e-9,9.612388992314395e7,9.354176708927819e7,1.1008046316716633,0.570126716059013,2.211333811089264,0.12808297916951816,37.83307358344418,-5095.414850316937,7.0,1.0,0.9133990900122338,-5095.414850316937,5098.365179166834,0.12530611935926572,0.253964991947214,3.0,0.0,0.5592341991082216,0.5592341991082216
1385,1,0.057838207164697224,0.06526481878359351,0.009340278119351446,1.3334150804753488,0.4325795811143021,7.175269469637621e-9,8.713756528044412e7,8.787453849521485e7,1.2515040552374204,0.49354400692159345,2.105251747012061,0.12702070528391166,43.565215033659214,-5098.900886725687,7.0,1.0,0.9458784248784335,-5098.900886725687,5101.897821321668,0.1750864176910909,0.2179135563892487,3.0,0.0,0.5592341991082216,0.5592341991082216
1386,1,0.05802663966897734,0.06219916359845771,0.009539940394904533,1.3718622741344753,0.42637063155635857,7.20578488475782e-9,1.0180146204152861e8,9.635627597998114e7,1.033802643594455,0.5517036637584795,2.162627020832817,0.11765696219185942,35.04966837996833,-5097.198209648207,7.0,1.0,0.8300394020191254,-5097.198209648207,5109.044103378842,-0.2760169831844905,0.836685619178752,3.0,0.0,0.5592341991082216,0.5592341991082216
1387,1,0.05779625566221545,0.06009948151672234,0.009172848205804891,1.3143502890768004,0.43346610221969323,7.112941042146387e-9,8.97765429105314e7,7.935515637623033e7,1.1234784785769123,0.5334870814995317,2.1444038141316324,0.13628298316072116,44.37132656953861,-5100.46115257901,7.0,1.0,0.49412886793605537,-5100.46115257901,5104.822798898169,0.4643938630051707,1.561598967296959,3.0,0.0,0.5592341991082216,0.5592341991082216
1388,1,0.057882355654561124,0.05967904307945242,0.009569808499363806,1.3511003653905005,0.4216049314756996,7.275390171826739e-9,9.30002344897683e7,9.44962746729087e7,1.0818922445248635,0.5547541868829649,2.3405626799592567,0.11782399063356214,37.24567722626954,-5097.178520269267,7.0,1.0,0.9069853766833879,-5097.178520269267,5107.653198827508,-0.04182823734663543,-0.5888171813267036,3.0,0.0,0.5592341991082216,0.5592341991082216
1389,1,0.05782397204678815,0.06052749008668455,0.009603164495345758,1.3703174942436553,0.4268258831004198,7.244361802466075e-9,9.228224782496776e7,1.0428560338433306e8,1.0722840702497325,0.5089399545352361,2.317679671571805,0.11735955024291007,36.441630309502095,-5097.881387036058,7.0,1.0,0.9021909750950731,-5097.881387036058,5105.452841194032,-0.43335075681352464,-0.5675181110909762,3.0,0.0,0.5592341991082216,0.5592341991082216
1390,1,0.05802954747393982,0.05769187664557315,0.009378448751218883,1.3552807047714701,0.4304076193478317,7.123004595628866e-9,9.364491855112094e7,7.998456305085573e7,1.0835020476701755,0.4957430876303301,2.038858445725989,0.1454462759607728,40.08715335214262,-5098.575947885846,7.0,1.0,0.9213901119445312,-5098.575947885846,5103.4957806755665,0.15980173203206505,-0.2057183384658856,3.0,0.0,0.5592341991082216,0.5592341991082216
1391,1,0.05784660620579567,0.06050112498783807,0.009438554762505654,1.3516655813362382,0.42320547181178125,7.133976417501655e-9,9.664889659700711e7,8.814081782335833e7,1.0580863833594387,0.5116719668939096,2.1762269482370526,0.1269009625052631,39.58507887674928,-5093.171404454257,7.0,1.0,0.636304697706038,-5093.171404454257,5101.624085596065,-0.5094997035848792,1.2673261835243466,2.0,0.0,0.5592341991082216,0.5592341991082216
1392,1,0.05791493624652362,0.06513451583304343,0.009174306895388066,1.332212865690056,0.4374420108323588,7.163904577022357e-9,9.487502458220793e7,8.953241177406664e7,1.045894595337201,0.5483672404136557,2.0570139571931327,0.1204417073186564,38.97426220340657,-5094.495551172817,7.0,1.0,0.8436140286084292,-5094.495551172817,5097.37296644911,0.06078491469816072,0.35342734729692893,3.0,0.0,0.5592341991082216,0.5592341991082216
1393,1,0.057697596359825694,0.059661091768726957,0.009402339395131382,1.354711986988594,0.42226340847582494,7.161801048259748e-9,9.643179036085963e7,8.851826686989631e7,1.0478381093394162,0.5346918944974839,2.0924172909377208,0.13828410508841715,37.97946528561745,-5094.658431545499,15.0,1.0,0.923853721885513,-5094.658431545499,5098.152704128485,0.03483544319533394,0.3450109725272341,3.0,0.0,0.5592341991082216,0.5592341991082216
1394,1,0.05771429544828552,0.058430193495769424,0.009650624933887304,1.358047365488128,0.4204133695550629,7.21092344766319e-9,1.0079115502251978e8,9.582702682643391e7,1.029438629882201,0.5162665082352873,2.0938197550649305,0.13599132074329076,36.51694219003108,-5096.145594729269,7.0,1.0,0.7854427947547207,-5096.145594729269,5103.357578349974,0.0813105715878919,0.42039713195208606,3.0,0.0,0.5592341991082216,0.5592341991082216
1395,1,0.05800547380096117,0.06352374716700034,0.009172864981653223,1.348401021417445,0.43788618528937334,7.144337745061278e-9,8.621764381502034e7,8.562452116145149e7,1.0712667036788945,0.5343451392923445,2.168059983704233,0.11427562578602922,42.97551674895964,-5096.577001805516,7.0,1.0,0.9296775255280798,-5096.577001805516,5101.732054526913,-0.023075688139215345,0.22395132652673055,3.0,0.0,0.5592341991082216,0.5592341991082216
1396,1,0.05752202604592543,0.06303948312219514,0.009269408392051901,1.3386157702260857,0.42733834783169766,7.1691845799544455e-9,1.0798973989811718e8,9.607103826835774e7,1.0564687973598281,0.5219937359245771,2.1706433931470603,0.11655366475336199,33.943455180658525,-5098.729353593269,7.0,1.0,0.902382511986095,-5098.729353593269,5102.671126864174,0.15701595307473326,0.2618871860595391,3.0,0.0,0.5592341991082216,0.5592341991082216
1397,1,0.05794756982279908,0.06192468940222687,0.009237797903517656,1.3327546059292856,0.4332504188922912,7.189602055996872e-9,9.407716745236337e7,8.681593409289317e7,1.0318481642529687,0.5120552788822061,2.3247128971645634,0.142731232534597,43.78961553741764,-5098.249660237762,7.0,1.0,0.41665373391860133,-5098.249660237762,5106.539034446916,0.590707075051796,1.7070806884603371,3.0,0.0,0.5592341991082216,0.5592341991082216
1398,1,0.05761152338132307,0.06117108230246936,0.009250023719726528,1.3489244570100356,0.43239982545793676,7.130289491720985e-9,8.980266693119854e7,8.545935437993753e7,1.1261279446175858,0.5217502097632484,2.1799057349494784,0.14948373180171384,43.2414679407502,-5098.552574740773,7.0,1.0,0.8051185361872463,-5098.552574740773,5108.2849744972655,-0.25099580496134877,0.6327322688193817,3.0,0.0,0.5592341991082216,0.5592341991082216
1399,1,0.05741296294393045,0.0614812003266148,0.009209275989463927,1.3242811144673217,0.43197528968873666,7.2202350859088335e-9,1.080367232481724e8,8.22304913655034e7,1.1927070309977028,0.5785601282264345,2.1385729168006375,0.12702665926392373,36.242934228760056,-5101.3493285602135,7.0,1.0,0.746686396811881,-5101.3493285602135,5108.33032932815,0.2729151872163129,0.5487829677504124,3.0,0.0,0.5592341991082216,0.5592341991082216
1400,1,0.058567615579088426,0.056200162647909085,0.00985907509737518,1.3773252750920877,0.41395169614165084,7.184998203247298e-9,8.652833359860764e7,1.0064632649380587e8,1.012930156541044,0.514228987706238,1.960210191116959,0.12253164277717295,40.68671027560128,-5103.396288160503,7.0,1.0,0.6140289441659619,-5103.396288160503,5113.938233083462,0.10065933796977333,1.1799551791336853,3.0,0.0,0.5592341991082216,0.5592341991082216
1401,1,0.0582402455264266,0.06113884950540802,0.00973060732724194,1.3406170379702793,0.4166518155685144,7.164462835735743e-9,9.649841038006629e7,9.785298190088864e7,1.119827160916536,0.4880421226968788,1.8689891867452475,0.12773260732031935,43.6373066437326,-5100.969659245526,7.0,1.0,1.0,-5100.969659245526,5109.701617551654,-0.1220304469416078,-0.44764540578489687,3.0,0.0,0.5592341991082216,0.5592341991082216
1402,1,0.05776550211706481,0.06270059412509138,0.009166210767290545,1.3360279463802542,0.4405043480507064,7.073916114555841e-9,1.0012429627970059e8,8.169955412300584e7,0.9778722501542018,0.5439277267049268,2.418486756719877,0.12587250412979648,38.51429328284871,-5098.811171291282,7.0,1.0,0.9193531343798768,-5098.811171291282,5108.417156538077,-0.10353284347002045,0.4461419636872961,3.0,0.0,0.5592341991082216,0.5592341991082216
1403,1,0.05780438685601768,0.05617703623335927,0.00940606466911902,1.3567779228904262,0.4258002698789588,7.168313818754115e-9,8.91867366269851e7,1.0356449018414582e8,1.1040268170239598,0.5152574659339462,1.8474710075247003,0.12110633323421939,36.716720467741034,-5099.139968032686,7.0,1.0,0.8122239237403601,-5099.139968032686,5105.0492692374255,0.16026923551089567,0.5855817713909346,3.0,0.0,0.5592341991082216,0.5592341991082216
1404,1,0.05788860073509953,0.06402658097376684,0.009317707977071866,1.3502019914548518,0.4283453971971835,7.209509814509215e-9,9.592268816486879e7,8.23316400389747e7,1.0471313406582556,0.5009511140100492,2.377533561305363,0.1243592004790533,41.46344252471017,-5096.8311270120885,7.0,1.0,0.8944927486923869,-5096.8311270120885,5103.691404585196,-0.01904684288365388,0.4181955757430842,3.0,0.0,0.5592341991082216,0.5592341991082216
1405,1,0.05788231637846018,0.059839312767098564,0.009354461691252026,1.3747732854084183,0.42672009207513717,7.129995177969295e-9,1.0527282732065623e8,9.372516400753678e7,1.1522809506101996,0.5330571845546321,2.0584764322477698,0.11127545838698638,39.92119949604567,-5097.579140021549,7.0,1.0,0.8127590877846991,-5097.579140021549,5101.762970587822,-0.053655966948099376,0.6632580114655866,3.0,0.0,0.5592341991082216,0.5592341991082216
1406,1,0.05780635086848211,0.06288795435292997,0.009435790485428086,1.3318817049146299,0.43069999045219637,7.200129421889286e-9,8.319828612320636e7,8.376194225894067e7,1.0953442003083087,0.5207684335154847,2.119514401815962,0.13241325776144303,41.52682193194996,-5096.721774283635,7.0,1.0,0.8598884227014213,-5096.721774283635,5103.887082414714,-0.2081217971372098,0.379038036883685,3.0,0.0,0.5592341991082216,0.5592341991082216
1407,1,0.05780229967265233,0.06326501022500533,0.009330664740370424,1.347918745949768,0.42896207276686205,7.159439130966737e-9,9.609556477052784e7,8.847226810878725e7,1.2156422627012606,0.5551824644094245,2.202115633384636,0.1320923094750477,40.05799814775291,-5095.264679997583,7.0,1.0,0.94282558422585,-5095.264679997583,5100.143710383711,-0.21950236122484057,-0.21950236122484057,3.0,0.0,0.5592341991082216,0.5592341991082216
1408,1,0.057675237088298,0.056818461197012844,0.009539327128971247,1.3518467424425626,0.42364409458332947,7.262485042156468e-9,1.0480938657329069e8,8.627017677042124e7,0.9707420968606038,0.4929894899485933,1.8868212805226305,0.1230126567444252,38.4539307696757,-5098.46787022313,7.0,1.0,0.6616125575820248,-5098.46787022313,5104.5288043922,0.18989240598784818,0.8151838783260246,3.0,0.0,0.5592341991082216,0.5592341991082216
1409,1,0.05766963915506197,0.06017859994336836,0.009630829525929568,1.33141523389002,0.41943042941186465,7.206944762137948e-9,9.690938973308264e7,9.115044151075856e7,1.0182267716724347,0.5628196896210157,2.1021055354105855,0.1251537882571126,38.69321388549795,-5096.221708116428,7.0,1.0,0.8977152463608468,-5096.221708116428,5102.575863201636,-0.029950377780551207,0.33903378477680235,3.0,0.0,0.5592341991082216,0.5592341991082216
1410,1,0.05814712001094072,0.06275371776167417,0.009386287769609973,1.357861402437073,0.43190897346652674,7.081400224789994e-9,9.387918437228954e7,9.087642086410399e7,1.0025879163544877,0.5215856788745044,2.4408093302552016,0.14442605890956967,38.945499955883975,-5099.013799789521,7.0,1.0,0.8535253236949523,-5099.013799789521,5105.685601643151,0.10556752912543743,0.45052418028353713,3.0,0.0,0.5592341991082216,0.5592341991082216
1411,1,0.05766579323968901,0.06454848769553022,0.009231644403165304,1.3292437924644258,0.4310636593332139,7.161932336352911e-9,9.314352569306618e7,8.63475852811347e7,1.0811611948773383,0.5695624786174713,1.8175282672389295,0.12098663209384534,39.19393455667619,-5097.287943219073,7.0,1.0,0.7435528960632247,-5097.287943219073,5104.493214936748,-0.3263554404011302,0.6727197057407466,3.0,0.0,0.5592341991082216,0.5592341991082216
1412,1,0.05786785138776992,0.0661031489578146,0.009351001631942593,1.336764686500302,0.43889571097999075,7.1207752248415705e-9,9.739948768479975e7,9.312083189284791e7,0.9808187852188445,0.6174685711477341,2.2185501688449207,0.11793403491283681,39.92511511821073,-5100.095303402351,7.0,1.0,0.524018903050005,-5100.095303402351,5105.040353585593,1.3211579527633148,1.5287103082182512,3.0,0.0,0.5592341991082216,0.5592341991082216
1413,1,0.05791367310248562,0.06418674224628373,0.009387208473260637,1.3390656364976825,0.43088286852590973,7.157363550399876e-9,9.638432572517507e7,8.97024669014274e7,1.0148950063096,0.6012120770927278,2.155190532513027,0.12632053238899843,39.108059793148044,-5094.880239131216,7.0,1.0,0.992556089494761,-5094.880239131216,5103.2378415787825,-1.3074068497771805,-1.3074068497771805,3.0,0.0,0.5592341991082216,0.5592341991082216
1414,1,0.05795762493202827,0.05863177941691039,0.009348165546818898,1.3424890762108708,0.4338690268044924,7.115349989128467e-9,8.727996835518578e7,9.032894161739816e7,1.0808561714219005,0.5116151898682069,2.0921702388028893,0.1151954464943518,36.41150405682682,-5095.24618819105,7.0,1.0,0.8834067438679697,-5095.24618819105,5100.429987475997,-0.060640372171292256,0.2716165335732512,3.0,0.0,0.5592341991082216,0.5592341991082216
1415,1,0.05763087076780261,0.060948583313177616,0.009601390584029378,1.3651963380114152,0.42059512589914183,7.2359443836503086e-9,1.031793995091712e8,8.813774640895085e7,1.0318381872224711,0.5460498493331135,2.106793581160495,0.12795356489165724,42.72605751196546,-5095.629408155146,7.0,1.0,1.0,-5095.629408155146,5097.48169384357,-0.05282096079645271,-0.15359186903788213,3.0,0.0,0.5592341991082216,0.5592341991082216
1416,1,0.05805842987776512,0.059550669745870644,0.009373568728521731,1.3349316737427073,0.43405531212506976,7.097641577150809e-9,8.42986033470257e7,9.149100461804019e7,1.0792338329018478,0.5167561160520797,2.0749169758549835,0.11879444439664393,36.752251396660824,-5096.068187434233,7.0,1.0,0.8909931178354596,-5096.068187434233,5099.887718656362,0.21442533504341554,0.24695047587374575,3.0,0.0,0.5592341991082216,0.5592341991082216
1417,1,0.05752562435368416,0.062224046950555056,0.009314223891859784,1.3621310888938323,0.4300005634959733,7.179724593868626e-9,1.0677017123497768e8,8.728726363563184e7,1.1142347841940488,0.5322719208204814,2.2100394566907573,0.12840493693070645,42.39987716149053,-5095.897736738874,7.0,1.0,0.6898824188491517,-5095.897736738874,5103.533352404401,-0.0919807704995037,0.7075631331881596,3.0,0.0,0.5592341991082216,0.5592341991082216
1418,1,0.057847727067615325,0.06261311250195997,0.009317114845030821,1.3389847668108081,0.43369783906569986,7.120534308394952e-9,9.957372051283258e7,8.143197104234542e7,1.0056419845333877,0.5102841729305062,2.174735931090618,0.1128467796131172,38.41616682057361,-5095.187278282402,7.0,1.0,0.9376968495376283,-5095.187278282402,5099.026499416868,0.057613512854914006,0.1564473993203137,3.0,0.0,0.5592341991082216,0.5592341991082216
1419,1,0.058037675908614444,0.06476666115621131,0.00921846519335533,1.324553981955363,0.43342409897315737,7.1529940207799005e-9,9.273431200487238e7,8.316776780729668e7,1.048747578971735,0.5378864100570829,2.3113736005520042,0.11460215658235966,43.53054149008261,-5097.389521094342,7.0,1.0,0.9415108206499837,-5097.389521094342,5099.8801660267645,0.19809319880550902,0.19809319880550902,3.0,0.0,0.5592341991082216,0.5592341991082216
1420,1,0.057972661270867296,0.06014751154968208,0.009233994445471742,1.3012596029527115,0.43162705248749855,7.109553563420278e-9,9.177657776261954e7,8.038657223549475e7,1.0229373644689528,0.6188744794266015,2.2605723625082383,0.11273843734446916,41.672254797692396,-5101.9157920515245,7.0,1.0,0.6257113201752285,-5101.9157920515245,5113.4563173059,0.2135649967676727,1.1472318494716092,2.0,0.0,0.5592341991082216,0.5592341991082216
1421,1,0.05769051118623362,0.06248269079036225,0.009346309485721321,1.383288807079253,0.43085134381659956,7.1577708714441016e-9,1.0013761967233987e8,1.0254960192322972e8,1.230683289419932,0.46421402668083617,1.9684666611910375,0.13053742819099368,37.843623951499644,-5102.714709980522,7.0,1.0,0.8896914578883657,-5102.714709980522,5112.09572851034,0.08072071850529028,0.35903014594987326,3.0,0.0,0.5592341991082216,0.5592341991082216
1422,1,0.05799480993644602,0.058038034281674,0.009599752706889949,1.3132439935453275,0.4272655247946816,7.16566488096039e-9,9.064426938866788e7,8.83223300391361e7,0.9331292370300899,0.5930524165320704,2.212573733912622,0.11494361779357037,42.05209801963942,-5100.946390354059,7.0,1.0,0.5874937712750053,-5100.946390354059,5107.441341246321,0.17741667909194803,1.356071944363066,3.0,0.0,0.5592341991082216,0.5592341991082216
1423,1,0.05792163079538104,0.05925317175947348,0.00935023668500242,1.34204381687699,0.42680771885339736,7.160213395371078e-9,8.921856398703732e7,9.590369890783314e7,1.0469256372294649,0.5478034777314403,2.2328396717697507,0.12625596593130758,43.348569593065804,-5095.174085653059,3.0,1.0,1.0,-5095.174085653059,5102.367709407571,-0.5821975017342993,-0.7210720393977681,2.0,0.0,0.5592341991082216,0.5592341991082216
1424,1,0.057904381851022556,0.062210349560924555,0.009317625707515705,1.354453130941727,0.43122338042472447,7.201106587858437e-9,9.878965971720289e7,8.309292342707689e7,1.073357932823236,0.5114553233269068,2.0230938355895467,0.11791967318398078,36.1031535765467,-5095.462859238872,7.0,1.0,0.9974288713999202,-5095.462859238872,5097.138547908892,0.018161832341320405,-0.21181759372393572,3.0,0.0,0.5592341991082216,0.5592341991082216
1425,1,0.0578068379226549,0.06136433153708973,0.009337458475611626,1.3303572163872177,0.43013274227287707,7.149658979174129e-9,9.740646894853964e7,8.814261821814081e7,1.1171401803029293,0.5015032499467048,2.0081740571210758,0.12812455491034855,37.76466961517676,-5094.115098909633,7.0,1.0,0.9810260661524411,-5094.115098909633,5098.4182981787435,-0.45333694959481363,-0.502958026710985,3.0,0.0,0.5592341991082216,0.5592341991082216
1426,1,0.05793041128278271,0.062309738201841484,0.009295167050173518,1.3263543411726246,0.436760650605096,7.1293398314347936e-9,1.0036776528318456e8,8.88038960598601e7,1.12552845772135,0.5201002425071054,2.1280573506449216,0.1256235354574982,39.22069085176201,-5094.502961226654,7.0,1.0,0.8448170944004533,-5094.502961226654,5099.0393319209115,0.09896575050333922,0.26515482990816963,3.0,0.0,0.5592341991082216,0.5592341991082216
1427,1,0.05779071552820998,0.0629111983372483,0.009215676390514908,1.3616884032741408,0.42519937043229206,7.1478691929164084e-9,9.934203399469692e7,9.203661646033019e7,1.0031573523387898,0.5441358965175281,2.2699235056254654,0.14003120935271438,42.92085048468405,-5098.545682243978,7.0,1.0,0.45660870871498355,-5098.545682243978,5103.092523921723,0.9797026607457155,1.5727528497427556,3.0,0.0,0.5592341991082216,0.5592341991082216
1428,1,0.05788262412658739,0.05398036105602414,0.009654117730787268,1.3542866552599595,0.42052321405421444,7.261088403963524e-9,8.90232994159319e7,8.994709037633294e7,1.1824297087279534,0.5163765109709559,2.2162734219854148,0.11176560977926112,37.147002883599924,-5099.1884053042,7.0,1.0,0.9496339719092691,-5099.1884053042,5107.197117208926,-0.39694301863073633,-0.6414811274407839,3.0,0.0,0.5592341991082216,0.5592341991082216
1429,1,0.057741277459758926,0.05820483730434526,0.009482124946588136,1.335385984433141,0.43565945015923363,7.182486073457041e-9,8.515960380240364e7,8.107003683768974e7,1.2570517247224648,0.5417438858342488,2.042961018335581,0.12190021516545196,35.27685846345425,-5101.70476204306,7.0,1.0,0.8412048834282054,-5101.70476204306,5109.401454331476,0.44180824404247687,-0.44817654413236596,3.0,0.0,0.5592341991082216,0.5592341991082216
1430,1,0.057599240618674476,0.05645898983068597,0.009193035882981246,1.3410367143241282,0.43101589463076995,7.198608671272617e-9,9.254594481211984e7,1.0585498883348462e8,1.0590477256663848,0.5125098092192089,1.9095741195866258,0.1257519403391907,42.58955264715417,-5101.769389058184,7.0,1.0,0.2139025448074472,-5101.769389058184,5115.576154701854,0.9816826721016696,3.0084280479359222,3.0,0.0,0.5592341991082216,0.5592341991082216
1431,1,0.05793443394979987,0.06379871123050748,0.009555430870459194,1.3387960080937884,0.42729761158608476,7.137662734394944e-9,1.0023892641188487e8,9.123010586668636e7,1.0549809448517053,0.4997459523344134,2.0468780320229967,0.1389286702418613,43.63135691349809,-5098.397952814703,7.0,1.0,0.9883656305917136,-5098.397952814703,5106.840948364617,-0.47306272332843946,-1.1289941616223587,3.0,0.0,0.5592341991082216,0.5592341991082216
1432,1,0.05740782441361163,0.05910787767560347,0.009287492768199412,1.3662191229343925,0.4309506550536443,7.15086847702124e-9,1.0110163040418218e8,8.812394006778356e7,0.9934076776787373,0.5194989334858505,2.091764137401321,0.14074403103965663,39.27662590166796,-5097.977816045967,7.0,1.0,0.6861672031035467,-5097.977816045967,5103.978310422828,-0.6566344137008855,1.01566572268257,3.0,0.0,0.5592341991082216,0.5592341991082216
1433,1,0.057376153045464284,0.06009275528133715,0.00921209446914929,1.3538854082893392,0.42781420678416865,7.177601516917614e-9,1.0342735635434495e8,8.225559163048567e7,1.0079013892144453,0.5098514090493557,2.0724151388685934,0.13725787707461518,41.32108267227954,-5098.885673658704,7.0,1.0,0.8620904067770618,-5098.885673658704,5103.160914674819,0.28643467831989256,0.3722227397511233,3.0,0.0,0.5592341991082216,0.5592341991082216
1434,1,0.05826925912917238,0.061666683943028086,0.009422998608567237,1.3504174974926626,0.4226026212384683,7.180472586526295e-9,9.17475310542762e7,1.0190765447041383e8,1.1094574480096868,0.5480057228976479,2.0881313959527916,0.10865993068285719,40.191677026492044,-5099.509654875961,7.0,1.0,0.7487927405844589,-5099.509654875961,5108.312459443559,0.5700494936281757,0.9487092313775065,3.0,0.0,0.5592341991082216,0.5592341991082216
1435,1,0.057677924667440615,0.062411423850326796,0.009326258781330723,1.3560234715734212,0.438581175915054,7.190181692058906e-9,9.787385202874604e7,8.10506405973988e7,0.9927767217721251,0.5482899560899718,2.1644246150130266,0.13946157997084863,38.910122523163565,-5096.993549938302,7.0,1.0,0.9950677529718625,-5096.993549938302,5102.343207846435,-1.0409915769178042,-1.0409915769178042,3.0,0.0,0.5592341991082216,0.5592341991082216
1436,1,0.05782861099413374,0.06359556692964635,0.009219650669136149,1.3635605320662598,0.429067158093459,7.140095769616742e-9,8.97055220407261e7,8.658336277368084e7,0.9305706395572936,0.5742626984449368,2.2145047562782514,0.13513607075481443,38.57885476331102,-5098.114379311381,7.0,1.0,0.8658681749347956,-5098.114379311381,5101.62762188561,0.23545949685012602,0.309767837000436,3.0,0.0,0.5592341991082216,0.5592341991082216
1437,1,0.057798510715612636,0.056336631539648886,0.009719025475446803,1.353275162097483,0.4179495649684355,7.278160787888283e-9,9.882254398866242e7,9.090606187019622e7,1.234477684476572,0.5056082516099788,1.9530536972169117,0.11023459919910224,39.41738272721835,-5099.485993737973,7.0,1.0,0.9691445536654404,-5099.485993737973,5103.370704268111,-0.21241100301813276,-0.3507857509830501,3.0,0.0,0.5592341991082216,0.5592341991082216
1438,1,0.057793225294537794,0.05502304588221192,0.009640850852585075,1.356174396254237,0.4222789631988046,7.261902300506918e-9,9.339775897309273e7,9.052733582543589e7,1.242111489544826,0.49747944154149804,1.925001425684678,0.11027358222843026,41.733870860532626,-5099.750147710225,7.0,1.0,0.992069684083562,-5099.750147710225,5103.415617521585,0.05711252109722409,-0.2871047990020088,3.0,0.0,0.5592341991082216,0.5592341991082216
1439,1,0.05814697001873565,0.06454582404509569,0.009289447025079077,1.3574007439405056,0.4301540730184016,7.077410169391045e-9,9.013069280254851e7,9.376222508258611e7,0.9001742290575853,0.5589818854723281,2.1619828086195967,0.1406405960137953,42.77807728842054,-5100.704067863202,7.0,1.0,0.9841709927564345,-5100.704067863202,5106.447158908592,0.1064009151314167,-0.2721573621047355,3.0,0.0,0.5592341991082216,0.5592341991082216
1440,1,0.057839164090226505,0.060996051569219716,0.009367527845575572,1.3546145241514642,0.4267331283495167,7.1874992508769235e-9,8.98449625120741e7,8.526436765604192e7,1.1462996136383061,0.44156077853185205,2.1621985090967084,0.11820708149609983,35.95990711719524,-5098.7098005651105,7.0,1.0,0.9592381066912797,-5098.7098005651105,5106.385531015343,0.019581431287406303,0.3091676333515352,3.0,0.0,0.5592341991082216,0.5592341991082216
1441,1,0.057791528279818795,0.05981284901282737,0.00936434156113762,1.3474102659440819,0.42928826241921786,7.1644262998515996e-9,1.1093021058687718e8,8.960675896514928e7,1.1385943766819326,0.6130931736220417,2.0290021328583707,0.11967972282656267,45.086876766969624,-5099.110494617052,7.0,1.0,0.7453848549841907,-5099.110494617052,5105.330793161276,-0.05352690823838202,0.7267479811989688,3.0,0.0,0.5592341991082216,0.5592341991082216
1442,1,0.05770489099242603,0.06291673914633832,0.009359213200161781,1.3433235848869904,0.4325750821329725,7.1585579738612725e-9,8.812778801757146e7,9.504332974437702e7,1.1787198927672797,0.4940636740667248,1.972562497535328,0.12301533290419316,41.69723505497967,-5096.282307667589,7.0,1.0,0.9684650532758946,-5096.282307667589,5102.757429744169,-0.1086349825227444,-0.19675945108156156,3.0,0.0,0.5592341991082216,0.5592341991082216
1443,1,0.05782803102783273,0.060342008989907714,0.00941660263355431,1.3513281915556796,0.42801600472601636,7.1392195626045334e-9,9.473432017188208e7,9.346954186192714e7,1.1104940563424748,0.5644799240429373,2.1184649222031835,0.13546622348023937,39.34899316468459,-5093.9877962550445,7.0,1.0,0.4544770596323661,-5093.9877962550445,5101.665749426073,-0.2997322103010447,1.750866516228598,3.0,0.0,0.5592341991082216,0.5592341991082216
1444,1,0.0577820871689009,0.06405018754032969,0.009153518555855725,1.34052872009871,0.4345355161405064,7.100459471930876e-9,9.487551841181004e7,8.398034979750906e7,1.0070143443780657,0.4926818850088457,2.1291146157771133,0.11722159168473341,40.18567638498736,-5094.933413922316,7.0,1.0,0.8486761845186835,-5094.933413922316,5100.931091174867,-0.022694227730426064,0.4149105525420964,3.0,0.0,0.5592341991082216,0.5592341991082216
1445,1,0.05776062742940965,0.06231773065442361,0.009244689570207392,1.3336911637504072,0.4370073003926494,7.176496684846918e-9,8.831938059894477e7,8.470334531243694e7,0.9697635187399617,0.5354827673041598,2.2304383459833446,0.11431790209559652,40.39678965965367,-5095.657978151729,7.0,1.0,0.8446767791961246,-5095.657978151729,5098.168168627942,0.09121293754469662,0.3354974018247958,3.0,0.0,0.5592341991082216,0.5592341991082216
1446,1,0.05793713337882333,0.0609953589229979,0.009324284833647691,1.3613420098979905,0.4258311571955673,7.129428884353918e-9,1.0128851365573962e8,9.448184979492392e7,1.1431983000793895,0.5227675590981955,1.9201426156536918,0.14012027720491746,38.36214988805807,-5097.623594946905,7.0,1.0,0.6915130879567956,-5097.623594946905,5104.231068786295,0.4081325019215001,0.5611229382320744,3.0,0.0,0.5592341991082216,0.5592341991082216
1447,1,0.05793284592154499,0.06014831569606505,0.009478908578872732,1.3501006944464766,0.42818499239713415,7.079033367083839e-9,9.381472957634303e7,8.215019227763148e7,1.3138935676491807,0.47737164585166975,2.2625562396135406,0.12788599539017934,37.621883216976165,-5102.056686556978,7.0,1.0,0.40856832573280916,-5102.056686556978,5109.732211597893,0.6695353271197746,2.131391577792783,3.0,0.0,0.5592341991082216,0.5592341991082216
1448,1,0.0576700881031197,0.06103656207453847,0.009502279253816501,1.3552188032466181,0.4338363575044781,7.2459047939675755e-9,9.169775482054964e7,1.0241059829618804e8,0.9358731964734529,0.6319489762325433,1.8517560203933048,0.11334230084178878,42.90596455456985,-5104.348411375013,7.0,1.0,0.9873967651465468,-5104.348411375013,5108.189117186501,0.09235944587635458,-0.9686114279911635,3.0,0.0,0.5592341991082216,0.5592341991082216
1449,1,0.05791205658084476,0.06180331276642484,0.009415924748753229,1.3482519212664474,0.42609980326245667,7.072053902479005e-9,9.830693955283166e7,8.397973840295935e7,1.0693063965656235,0.5407691305624109,2.236593127693786,0.13438006020234566,35.99170754793061,-5097.474152902793,7.0,1.0,0.9998398041119481,-5097.474152902793,5109.278766465312,-0.523313381353546,-1.0357937933658832,3.0,0.0,0.5592341991082216,0.5592341991082216
1450,1,0.057644711495003956,0.05973437663007035,0.009469384971430139,1.357810229738551,0.4248129549312111,7.198116486734197e-9,8.914061792196655e7,9.36330067432138e7,1.033981237477205,0.5610438713876337,2.0448694467437316,0.11345019082302583,43.85553034643641,-5095.37133212779,7.0,1.0,0.9378972433624115,-5095.37133212779,5103.403145604919,-0.42443110658769,-0.42443110658769,3.0,0.0,0.5592341991082216,0.5592341991082216
1451,1,0.0578462297006851,0.0634819418676942,0.00911032915783436,1.3294832126836538,0.4404455565565816,7.135436372313745e-9,1.01517649695282e8,8.613748308376585e7,1.0581630001741178,0.5290600332936902,2.131778162085563,0.13678332270298493,35.918061163310746,-5096.781431518221,7.0,1.0,0.8992437497432928,-5096.781431518221,5099.570908373179,0.05758384265936911,0.23445143200569873,3.0,0.0,0.5592341991082216,0.5592341991082216
1452,1,0.057835198291123276,0.06121233040869701,0.009074925965052709,1.3273107777687319,0.42951610059067574,7.053763542035025e-9,1.0176277648531282e8,8.74648807694609e7,1.1596678208573554,0.5216273406858917,1.8068664804664858,0.12102335787787809,42.84112483425747,-5102.353217222497,7.0,1.0,0.400418190296863,-5102.353217222497,5107.64657275417,1.1636769060733059,1.4332304690615274,3.0,0.0,0.5592341991082216,0.5592341991082216
1453,1,0.05795157443772361,0.06206140366369087,0.00932552492609828,1.3604871286016846,0.427762915681072,7.233414747103449e-9,9.48722016878989e7,9.54047570800904e7,0.9740821082018614,0.5440390211609379,2.539407022222222,0.13112119682383155,36.980687413165924,-5101.101064522726,7.0,1.0,0.7107856357876975,-5101.101064522726,5108.665477063155,0.5281761006162924,0.9549199947405214,3.0,0.0,0.5592341991082216,0.5592341991082216
1454,1,0.05793175918134692,0.054188238807509975,0.009647429131441503,1.368763955689466,0.4328954622733294,7.195810737198067e-9,8.42858226005926e7,8.327475214631695e7,1.1593305358510517,0.5349090619636594,2.070761285552706,0.1283892538414684,46.326109918744855,-5102.536865810763,7.0,1.0,0.9356515848981147,-5102.536865810763,5109.301320679323,-0.5262061475141309,-1.314379514551547,3.0,0.0,0.5592341991082216,0.5592341991082216
1455,1,0.05797469055749667,0.0608885858437462,0.009680425264600726,1.369122293612152,0.4126407989840686,7.240139082275008e-9,8.965830535704553e7,9.120431242619757e7,1.193542257767986,0.527472613117098,1.9769845227055562,0.13761882662768216,41.89903173302037,-5099.414538592011,7.0,1.0,1.0,-5099.414538592011,5106.787675976867,-0.3930714156595059,-0.7336521878723943,3.0,0.0,0.5592341991082216,0.5592341991082216
1456,1,0.05777005948873334,0.05551052190137687,0.009390915923016413,1.350608701058506,0.4303323779333075,7.16054041478004e-9,1.0132120474500974e8,8.90014541815335e7,0.9589729080343266,0.5278678232429723,2.2520684607770405,0.11944457034367864,37.574836525255826,-5096.975509097469,7.0,1.0,0.9893514928962203,-5096.975509097469,5103.256702756022,-0.15251677739524894,-0.3937529150125556,3.0,0.0,0.5592341991082216,0.5592341991082216
1457,1,0.057797750631787055,0.06618613759754986,0.009508980645974632,1.3608430989273426,0.4302379049907304,7.215758445073487e-9,8.816380146126874e7,9.07255108383921e7,1.227166311254469,0.5372344855674116,2.1241341188354292,0.1236578615401497,42.21658580189185,-5098.959982313088,7.0,1.0,0.586408529643739,-5098.959982313088,5105.661628619619,0.5764561661435437,1.068027882935894,3.0,0.0,0.5592341991082216,0.5592341991082216
1458,1,0.05787016713397855,0.06565930569732913,0.009355757995213845,1.348630041684137,0.4312917512847759,7.213225650156763e-9,9.007925063979389e7,9.116075801668522e7,1.2014165919121822,0.5222349711580003,2.104420236568202,0.12158518828821671,41.43672864949208,-5096.3618885362675,7.0,1.0,0.9983718487492839,-5096.3618885362675,5100.59996027139,-0.45307280246925075,-0.8047906760848491,2.0,0.0,0.5592341991082216,0.5592341991082216
1459,1,0.057933583333322776,0.06019464911172644,0.009361935337032137,1.3411916325859063,0.42790038648009954,7.108619578880421e-9,9.156934686751541e7,1.0154170342862444e8,1.1221263160056119,0.5283777448600837,2.4285350157355596,0.12759890982829653,38.13194636386127,-5096.901917654917,7.0,1.0,0.9985836860817162,-5096.901917654917,5100.427179374259,-0.04409296607354918,-0.10557436275485088,3.0,0.0,0.5592341991082216,0.5592341991082216
1460,1,0.0577860005558377,0.061401599844105,0.009529809653441558,1.3565910834258867,0.42591392036811276,7.224809619647556e-9,1.0066801858244157e8,7.830998859531876e7,1.014712221832651,0.5408166928870716,1.9012426501280901,0.1345483982797332,41.63760455783588,-5097.716602717499,7.0,1.0,0.9373427600260565,-5097.716602717499,5100.977077093029,0.09489426377786003,0.17559219697886874,3.0,0.0,0.5592341991082216,0.5592341991082216
1461,1,0.057714404442793875,0.060248522890769436,0.009115439911864736,1.3404864531904066,0.42954717879724413,7.101020611684897e-9,9.191966924811704e7,1.0369064045358104e8,1.1199791157570274,0.5179457282303406,2.33891650997325,0.11070738685954601,37.92122283617143,-5100.900851235548,7.0,1.0,0.6503278067809075,-5100.900851235548,5105.338835395761,0.8991488121464499,0.8991488121464499,3.0,0.0,0.5592341991082216,0.5592341991082216
1462,1,0.05812374058177471,0.06370352572929651,0.009361496872373386,1.3364000483866654,0.43923794571142016,7.174040257633956e-9,9.128282840788534e7,8.37091670723513e7,1.0888585547974838,0.5770119919938346,2.23405950895562,0.12113533269119074,39.749201397856446,-5097.374391915366,7.0,1.0,1.0,-5097.374391915366,5102.847375693457,-0.6628166634909576,-1.146424989854495,3.0,0.0,0.5592341991082216,0.5592341991082216
1463,1,0.05784395759599677,0.06308749441184915,0.009223438782262349,1.3490633265476828,0.4336390235034301,7.1631898589963166e-9,1.016634591762944e8,8.764927264197534e7,0.98614684902585,0.5129507582328754,2.191022261371104,0.12787600368857066,37.799033067565986,-5094.593881310867,7.0,1.0,0.9731221996663159,-5094.593881310867,5100.210541932375,-0.4318685273101437,-0.4318685273101437,3.0,0.0,0.5592341991082216,0.5592341991082216
1464,1,0.057637171481050235,0.06246669909883668,0.009270876003919168,1.3261101608136416,0.43079392386694093,7.150097794376923e-9,1.0591792675013283e8,9.162845736101459e7,0.9906520139134645,0.49985571622666497,2.1572504203035825,0.1307349207274402,37.244254654969595,-5096.265166158828,3.0,1.0,0.7883167740996421,-5096.265166158828,5100.953155420751,-0.040323871276996215,0.48361270612167573,2.0,0.0,0.5592341991082216,0.5592341991082216
1465,1,0.0578172253937477,0.06319379409025379,0.009494717032598531,1.3388632048717772,0.4333160979552899,7.225786999782066e-9,9.475641134974775e7,9.070482818918191e7,1.0230385205142092,0.5351256212188622,2.1399316088283395,0.11939008015667457,40.51534539589911,-5095.207598642029,7.0,1.0,0.6555955205683646,-5095.207598642029,5100.893846600066,0.4250427022461736,0.6640945574672514,3.0,0.0,0.5592341991082216,0.5592341991082216
1466,1,0.057696862923266964,0.06031302670591675,0.0094089188322026,1.359272826624342,0.43211987370716,7.0965308249473205e-9,9.472489922098202e7,8.74931496694871e7,1.0900378794521104,0.5272665963057479,2.15233825908512,0.12357562205980559,39.46548707042748,-5095.28579925636,7.0,1.0,0.9803863849605953,-5095.28579925636,5097.905912648431,0.14768283101784618,-0.7132237864043418,3.0,0.0,0.5592341991082216,0.5592341991082216
1467,1,0.057696862923266964,0.06031302670591675,0.0094089188322026,1.359272826624342,0.43211987370716,7.0965308249473205e-9,9.472489922098202e7,8.74931496694871e7,1.0900378794521104,0.5272665963057479,2.15233825908512,0.12357562205980559,39.46548707042748,-5095.28579925636,3.0,1.0,0.46389322861628685,-5095.28579925636,5105.169508442266,0.0,1.5524349544903089,2.0,0.0,0.5592341991082216,0.5592341991082216
1468,1,0.05827948811251968,0.058362699450183374,0.009532420276164293,1.351344138794006,0.4222833519270438,7.167740957296314e-9,9.579366313899073e7,8.838588630264477e7,1.1696411169401786,0.5213583834637479,2.092406631773119,0.1426829207058297,38.6105429540193,-5097.434506534091,7.0,1.0,0.9064378808296799,-5097.434506534091,5101.124012845746,-0.22876306814850977,-0.7889598626861698,2.0,0.0,0.5592341991082216,0.5592341991082216
1469,1,0.0573775954771551,0.05851510919655902,0.009503580435943761,1.3621798435208798,0.424099843831132,7.294355810481801e-9,9.269586637219867e7,9.566033919338417e7,1.162895440693602,0.5335732275465647,2.082893439841339,0.10714138683850437,40.86060358619404,-5098.808652304053,7.0,1.0,0.8921457656816353,-5098.808652304053,5104.879419841572,-0.1155942435916586,0.34708826943369786,3.0,0.0,0.5592341991082216,0.5592341991082216
1470,1,0.05821068439987287,0.06026474929128882,0.009656886244077654,1.367700123043186,0.4164555707992924,7.179377019722682e-9,9.859639858972198e7,8.402339315323661e7,1.0123324563318181,0.5543013868387507,2.1230147666897254,0.13893052250963148,38.13143513737677,-5097.922562743638,7.0,1.0,0.9203820624839086,-5097.922562743638,5106.706462516657,0.03203917910286691,0.31243878135137493,3.0,0.0,0.5592341991082216,0.5592341991082216
1471,1,0.0579724665550922,0.05778570686795266,0.009605729604531744,1.3770235399143598,0.4220203090971321,7.199737135985126e-9,9.6743014130326e7,8.29305676556405e7,1.0632935688309144,0.5786677421912303,2.050587058477977,0.12696313568058154,37.584388327420186,-5095.866522368034,7.0,1.0,0.8721809617584283,-5095.866522368034,5105.052195321521,-0.2361801859578918,0.2824171344354909,3.0,0.0,0.5592341991082216,0.5592341991082216
1472,1,0.0576292149608671,0.05749451442688305,0.009628671118925972,1.3496735651463285,0.41929992127826776,7.194722223797131e-9,9.742127434205143e7,9.599400640082097e7,1.1734698302649005,0.5207081821278513,2.1032697727091407,0.11714906129649115,38.750540857778525,-5096.110100408099,7.0,1.0,0.8173572875016856,-5096.110100408099,5100.507355355606,0.09496365844097454,0.42453009283963183,3.0,0.0,0.5592341991082216,0.5592341991082216
1473,1,0.05789809391948639,0.06352543616932746,0.009260794300339392,1.3491990046694855,0.4399826589373973,7.1783826421383425e-9,8.70504000231598e7,8.218728204952273e7,0.9847781281590996,0.5392633026241417,1.952391371206995,0.12083905506285145,43.687253486888416,-5098.003559827944,7.0,1.0,0.9284266696821908,-5098.003559827944,5101.572477573013,0.20848692838717398,0.20848692838717398,3.0,0.0,0.5592341991082216,0.5592341991082216
1474,1,0.057632389622078416,0.06076060147372887,0.009490145210088532,1.3562573524156543,0.4228877159510602,7.221997480550631e-9,1.0511084576275797e8,1.0087514347182329e8,1.1975632257988946,0.5234541378616339,2.2894447175607815,0.12111060205850005,37.255524891190134,-5098.006718023472,7.0,1.0,0.7547243955030013,-5098.006718023472,5107.739496485727,-0.18198524089984858,0.5401349019884947,3.0,0.0,0.5592341991082216,0.5592341991082216
1475,1,0.057930196555604094,0.05965855852354999,0.00934669809881862,1.358365012714535,0.43403811235610207,7.183466047641463e-9,8.826592763878614e7,8.142077325924449e7,1.0237957689672776,0.5348971629737307,1.9841657246870013,0.12240610260631318,41.85497636975706,-5095.4078159828005,7.0,1.0,0.9149205379743427,-5095.4078159828005,5104.908921623094,-0.2862324440129669,0.3186739690208924,3.0,0.0,0.5592341991082216,0.5592341991082216
1476,1,0.05790600976916193,0.0594920590100772,0.009621184781399134,1.3410388610878285,0.41679393969572137,7.179676427124196e-9,9.407470945462279e7,9.57886175340444e7,1.0187268274040209,0.5126940769765618,2.3497379875317757,0.11921890927596761,38.89991237500659,-5096.279563360173,7.0,1.0,0.9150257027938471,-5096.279563360173,5099.778642298941,-0.006189661293319659,0.20283153344007587,3.0,0.0,0.5592341991082216,0.5592341991082216
1477,1,0.05797542858347707,0.056349590698590205,0.009615624050433442,1.3798570024541548,0.42398250752149746,7.255689584657936e-9,9.174065555478261e7,8.599334769048014e7,1.0637935310454532,0.561807069138614,2.096809643812744,0.12666603146946506,41.771345113990506,-5096.360406609159,7.0,1.0,0.6472261770009238,-5096.360406609159,5100.857636028103,0.1720796828303719,1.1065895718975298,3.0,0.0,0.5592341991082216,0.5592341991082216
1478,1,0.057845323163054345,0.05997164061510835,0.009595973890206722,1.3387715059281857,0.41580283153033076,7.1824947708662645e-9,9.421983991506682e7,8.824180982836896e7,1.0169840685654985,0.46257584990868467,2.1178906727567393,0.12312124614220811,41.15135948779213,-5097.181272740382,7.0,1.0,0.7268248585913276,-5097.181272740382,5103.013218030824,-0.057986037748378294,0.915847117852536,3.0,0.0,0.5592341991082216,0.5592341991082216
1479,1,0.05833314909524823,0.05787446093868481,0.009504821914016033,1.3729401523510787,0.4316265754275646,7.130989139815973e-9,9.221136250183919e7,9.279971508729565e7,1.1015648161673954,0.5796709533330342,2.206435198551487,0.1231320713743326,37.03264169765874,-5097.77865529368,7.0,1.0,0.6475012082036411,-5097.77865529368,5104.478970576507,0.001435286595551588,1.0214085153866108,3.0,0.0,0.5592341991082216,0.5592341991082216
1480,1,0.05781746093698432,0.060045446987067465,0.009547751050378486,1.3325775126052313,0.417693825667995,7.209828388281563e-9,8.726311010516202e7,8.541964467915496e7,1.0679764836464214,0.5317428847861125,2.0517963153166,0.12160760240503994,45.84896499162521,-5098.013016538002,7.0,1.0,0.43371849488507586,-5098.013016538002,5107.269911900865,0.23565359535223251,1.6744350760509406,3.0,0.0,0.5592341991082216,0.5592341991082216
1481,1,0.05796259008201176,0.06174277787182051,0.009530312506995677,1.3402006093336103,0.4292103502966815,7.208461904169635e-9,8.616726212227416e7,8.554403552171826e7,1.0582017599584945,0.5581801717252478,2.0872077455892164,0.12421861198656424,44.13189767301167,-5095.928072080774,7.0,1.0,0.8781584974581182,-5095.928072080774,5103.633284818925,-0.0865552002160257,0.4927152525415295,3.0,0.0,0.5592341991082216,0.5592341991082216
1482,1,0.05770053500702868,0.06000388634478927,0.009435019572141493,1.3583836613663574,0.42585876580812076,7.2217084158733434e-9,9.329468822584207e7,8.223922253828138e7,1.0468666462768517,0.551294990300875,2.234337179994041,0.12521878160218294,44.869198635247486,-5095.551227115041,7.0,1.0,1.0,-5095.551227115041,5098.527136132632,-0.12159437497575709,-0.3556594293604576,3.0,0.0,0.5592341991082216,0.5592341991082216
1483,1,0.058102084667297875,0.059592311591977566,0.009522137301927153,1.3540971670799062,0.4223812783778665,7.212622443769725e-9,9.635324710773371e7,9.729558386657608e7,1.150114287285486,0.5137474534433423,2.0842659551848395,0.12544269827374271,36.433388109138676,-5096.278545043007,7.0,1.0,0.8272416392373246,-5096.278545043007,5101.562814049315,0.27333500470558647,0.4443832611477774,3.0,0.0,0.5592341991082216,0.5592341991082216
1484,1,0.05783166128753281,0.06189894902783533,0.009132039066646516,1.3335961669723608,0.43562259082245114,7.104454605403381e-9,8.931109450859098e7,9.539110890760793e7,0.9090862378791452,0.54852063581773,1.9843087256548968,0.12869404413898156,42.465386223758756,-5098.514646225201,7.0,1.0,0.8996270223501227,-5098.514646225201,5104.014922961821,-0.16841157927774475,0.37234959652414545,3.0,0.0,0.5592341991082216,0.5592341991082216
1485,1,0.058078343546130014,0.06007239787710064,0.009586997637605135,1.3487892228830773,0.42424914914393996,7.1948234004241055e-9,9.239677343145281e7,9.075428700557567e7,1.2644990517534531,0.5341211291928308,2.1338347100024144,0.11592567604808598,35.15329877428196,-5097.707626522035,7.0,1.0,0.800915679450001,-5097.707626522035,5103.489548431954,-0.18055728418676154,0.5574233236566215,3.0,0.0,0.5592341991082216,0.5592341991082216
1486,1,0.05761410636978637,0.05774191674656076,0.009428870578570732,1.3539274421405587,0.42860325215300604,7.209062315965408e-9,9.569968283347234e7,9.60096295239493e7,0.9257939626235083,0.501167665747443,2.093325632554075,0.12666560016326692,39.80543523584567,-5096.121277251839,7.0,1.0,0.740655506764235,-5096.121277251839,5106.035123333152,-0.04183665972777817,0.5993001132383142,3.0,0.0,0.5592341991082216,0.5592341991082216
1487,1,0.0581118457598524,0.05914790665546964,0.009694021371423625,1.3607918450187946,0.4201489321879836,7.207047629682851e-9,8.577705664459394e7,8.607952752386275e7,1.1905354514791053,0.5953975889403421,2.2620198296546876,0.11230405384913086,43.38119794822255,-5099.596683494538,7.0,1.0,0.7689042086833947,-5099.596683494538,5103.8944565326265,0.22645870433734672,0.44573809151916066,3.0,0.0,0.5592341991082216,0.5592341991082216
1488,1,0.05799948279146501,0.054884679592707326,0.009584300964098017,1.3673338001992923,0.42287405909253034,7.168144070007746e-9,9.069875864266378e7,8.80403497417941e7,1.06392427773187,0.570614173254795,2.227421654991411,0.11725670435161226,40.1231223117131,-5096.253948585363,3.0,1.0,0.859298719347762,-5096.253948585363,5103.63196680321,-0.0833899418139481,0.294196623460266,2.0,0.0,0.5592341991082216,0.5592341991082216
1489,1,0.05811125939596021,0.05887110826877509,0.009646179927392154,1.350903336659832,0.4164551084516581,7.229005321962817e-9,1.0083835710458289e8,9.614933299595311e7,1.0199988670502091,0.49678814069005256,1.9147542725813682,0.13071217466634918,40.350473996533424,-5098.269490366513,7.0,1.0,0.8378797409951005,-5098.269490366513,5101.080391952433,0.25988280951150955,0.4455338950856458,3.0,0.0,0.5592341991082216,0.5592341991082216
1490,1,0.05786271499835818,0.05640959369630992,0.009645773757007023,1.3675884598721995,0.4243675829740227,7.172048006483784e-9,9.111379468979596e7,7.979348687369823e7,1.0192677946975006,0.5815726209757099,2.007267228865448,0.14788215884687253,38.626988159732875,-5100.01386631026,7.0,1.0,0.9950788542080773,-5100.01386631026,5103.824289317554,0.03505534173564229,-0.32257152444071835,3.0,0.0,0.5592341991082216,0.5592341991082216
1491,1,0.05758229871414539,0.06519765665804034,0.009535955342549276,1.330797570755593,0.4281442643623888,7.204379741535319e-9,9.464565589344786e7,9.964443071904932e7,1.117698314875558,0.5264079759011937,2.202863257386125,0.110446413101464,40.69735891273413,-5099.70905730033,7.0,1.0,0.5990008577431919,-5099.70905730033,5106.340976567791,0.7392035294296875,1.1257382110688923,3.0,0.0,0.5592341991082216,0.5592341991082216
1492,1,0.05829127885592771,0.062245027292542277,0.009239164706896653,1.355269849770012,0.43638311435511123,7.1384558392652385e-9,9.707680053724764e7,8.032508075417863e7,0.979695354468781,0.535534935568638,2.0376291229871724,0.14143841994666456,40.10545323896334,-5100.23557366943,7.0,1.0,0.9748660991898809,-5100.23557366943,5104.9692513581085,0.04753145491122268,-0.730632634255926,3.0,0.0,0.5592341991082216,0.5592341991082216
1493,1,0.058047078005171886,0.06373047414833884,0.009278693678803136,1.3485712911985535,0.43951264541478585,7.107792683649722e-9,9.969956038091144e7,8.062633691998316e7,1.0000929475709908,0.549280428320738,1.9797140258074084,0.14286972451510968,40.99105318363167,-5098.991368802214,7.0,1.0,0.9840900182682457,-5098.991368802214,5102.752129327584,-0.48549537964754563,-0.8785784503752438,3.0,0.0,0.5592341991082216,0.5592341991082216
1494,1,0.057611516097712395,0.06062365037966069,0.009602611711559648,1.3537535716582074,0.4128662156678728,7.227637448522774e-9,8.82911422650283e7,1.1075024316457501e8,1.2236660770209087,0.5442109324004945,2.3221225680435,0.11919244640965403,36.2782842272027,-5104.7146597124,7.0,1.0,0.5377585523621468,-5104.7146597124,5112.416211938821,0.43871887306613644,1.1482250834415026,3.0,0.0,0.5592341991082216,0.5592341991082216
1495,1,0.05749688484625996,0.06280432676120495,0.009685581150853505,1.3696903688369102,0.4216263809308431,7.258603803566601e-9,9.190707916348921e7,9.519911420097886e7,1.04669183348618,0.5737756219669673,2.110569487722971,0.11045842962775308,37.15635502338104,-5099.462210289055,7.0,1.0,0.7946193484961623,-5099.462210289055,5110.8815614125,-0.4764089658137891,0.7285865347130311,3.0,0.0,0.5592341991082216,0.5592341991082216
1496,1,0.058201527510865374,0.06022483033548236,0.009308340299411313,1.3305397684474827,0.44099232923206116,7.101051193263829e-9,9.670663934275767e7,8.630161222256602e7,1.0641024494597358,0.48930901732475596,2.0956137718649313,0.1388734997306144,41.684648789946245,-5098.12492711967,7.0,1.0,1.0,-5098.12492711967,5102.268623171567,-0.32031403757264343,-0.5504862672987656,3.0,0.0,0.5592341991082216,0.5592341991082216
1497,1,0.05759124124802585,0.06217426720197672,0.009473605552564171,1.349004977234179,0.4246469226270055,7.164142547940339e-9,9.106637928706402e7,9.687783101212005e7,1.071247088707376,0.562849171289195,1.9791874822371054,0.10664659774765117,36.43571380638828,-5097.859038726967,7.0,1.0,0.9835459650004452,-5097.859038726967,5101.483993921316,0.10405079913653026,-0.36065443565348687,3.0,0.0,0.5592341991082216,0.5592341991082216
1498,1,0.057619025057997514,0.06384031747623214,0.00943351785565118,1.3734370955315836,0.4281981331257478,7.276441739700055e-9,9.669278052365506e7,8.977682063227898e7,1.0914711018858723,0.5284441243828736,2.0418885752845033,0.11653937811227524,40.716922091357475,-5096.489728238638,7.0,1.0,0.9653469204371985,-5096.489728238638,5101.976510673471,-0.13930750223153154,-0.1871218739897813,3.0,0.0,0.5592341991082216,0.5592341991082216
1499,1,0.05775067053667684,0.0609099640776116,0.00918738801210298,1.3210179050749915,0.4316972187141007,7.084456358302202e-9,1.0366003086271302e8,9.141039385565044e7,1.0799893284281974,0.5352551470847607,2.47000108423952,0.14004124133469464,37.99136056579395,-5099.585938752866,7.0,1.0,0.5634354136421654,-5099.585938752866,5108.076449207057,0.14643500506826967,1.0739232483110754,3.0,0.0,0.5592341991082216,0.5592341991082216
1500,1,0.05781334201067575,0.05707735007193994,0.009761543682110865,1.3564929758900175,0.41904480670013766,7.195327548176839e-9,9.438967882987522e7,9.336168897562823e7,1.147634153894325,0.5217410277789969,1.9609489367692847,0.10948904155122471,38.62238737245425,-5097.62857375045,7.0,1.0,0.9397326461144405,-5097.62857375045,5104.579163659765,-0.10911242829297407,-0.33450529031779297,3.0,0.0,0.5592341991082216,0.5592341991082216
1501,1,0.05780564669595177,0.061372385014465736,0.009574102835115821,1.3923149824882985,0.4203670795300086,7.253228078924074e-9,9.265504423749205e7,9.711369289612783e7,1.1809294394731886,0.48809869359527985,2.0874051402815503,0.11297772047249825,41.40373846420051,-5100.117402216613,7.0,1.0,0.8029880550296938,-5100.117402216613,5104.309289877854,0.3072889734912678,0.3402515622901774,3.0,0.0,0.5592341991082216,0.5592341991082216
1502,1,0.057819710504273196,0.05919977959429372,0.009350266024462872,1.3241077201809066,0.43576612997395386,7.108111003661915e-9,9.924010010301103e7,7.794130482757682e7,1.0823003966498863,0.533572444954121,2.3627508318687265,0.10885390500790598,37.838403261925166,-5100.415509637006,7.0,1.0,0.8942570904434607,-5100.415509637006,5108.678904732091,0.21034901192524558,0.41448188047888834,3.0,0.0,0.5592341991082216,0.5592341991082216
1503,1,0.057955307643779645,0.06425729974243814,0.00946189543805099,1.370510021496068,0.42300062125241106,7.202980248144025e-9,9.135783317071368e7,1.0725836313601306e8,1.026939481191341,0.5243383969054329,1.8413219430178618,0.1439640293473241,41.18206606810053,-5102.548359211208,7.0,1.0,0.6833826340955215,-5102.548359211208,5107.157511846162,0.4164632074416659,0.8852348242098742,3.0,0.0,0.5592341991082216,0.5592341991082216
1504,1,0.05780412380470011,0.05927657083204204,0.009538739140468929,1.3285040997808757,0.43044835298969675,7.214880006562911e-9,1.0108440693375112e8,7.822905889300987e7,1.0933165186315503,0.5243156325433969,2.4728081014713488,0.10982282004414932,39.55670292793511,-5100.170166227589,7.0,1.0,0.8453737356214804,-5100.170166227589,5108.805075887964,-0.3013462512717524,0.5061094351822248,3.0,0.0,0.5592341991082216,0.5592341991082216
1505,1,0.05792325158928103,0.060653914598002755,0.009549010054249834,1.3687178842815777,0.4260629353370789,7.129309110710158e-9,1.0614273831383613e8,1.0780062691404061e8,1.1106493121440544,0.5271228012331975,1.9922556677598513,0.13436038260221017,41.06418527882825,-5100.08555671815,7.0,1.0,0.7428940690450585,-5100.08555671815,5107.80233594786,0.3102466330719835,0.4831200141161389,3.0,0.0,0.5592341991082216,0.5592341991082216
1506,1,0.05766235844496365,0.054271306628867116,0.00950574520438592,1.3482255231823854,0.41829087559297007,7.138638602360138e-9,1.0156518564170507e8,8.547772641973908e7,1.1394394362333717,0.5012837511013739,2.2025334461182684,0.10793825264318861,42.722270312652945,-5102.89513179565,7.0,1.0,0.7993211350543464,-5102.89513179565,5112.297247000961,0.42226742724960786,0.7728468813556901,3.0,0.0,0.5592341991082216,0.5592341991082216
1507,1,0.05777181023049805,0.054589257346634314,0.009519367985084327,1.340142011663247,0.4216916100785551,7.155971095837222e-9,9.917410163170789e7,8.571512731570368e7,1.0761580088561515,0.5030138432596377,2.091766071874701,0.11208398204550465,44.07019095557439,-5099.2207964177405,7.0,1.0,1.0,-5099.2207964177405,5105.626765205895,-0.8024263622946819,-0.8890385598624562,3.0,0.0,0.5592341991082216,0.5592341991082216
1508,1,0.057878523289651006,0.059327402065796016,0.009631846794854834,1.366645106675911,0.4220099694077715,7.195612485544424e-9,8.642172127715008e7,8.925148172837527e7,1.0816225028885063,0.49154558696584444,2.13326821315752,0.13610605037401904,40.41733153050722,-5095.292655391561,7.0,1.0,0.929719237856043,-5095.292655391561,5103.996760149567,-0.5362969976977183,-0.5362969976977183,2.0,0.0,0.5592341991082216,0.5592341991082216
1509,1,0.05792331373144803,0.05872386762584526,0.009477213182427776,1.348753469357532,0.4231823795168474,7.175072021249625e-9,9.938437193995851e7,9.112867066568868e7,1.046456496744087,0.5669469436495544,2.0092420928821926,0.12044662799211443,38.71394502115278,-5093.851563213929,7.0,1.0,0.8067521134995465,-5093.851563213929,5101.582168739529,-0.11454039661748538,0.46059264021459967,3.0,0.0,0.5592341991082216,0.5592341991082216
1510,1,0.05786903640092363,0.062467000217675414,0.009403113482343683,1.362288642036655,0.4287232295876967,7.23115780457104e-9,9.02058821715948e7,8.724758797155079e7,1.143467788980922,0.49363236179712516,2.235058056665772,0.12175128840224403,43.900472677967336,-5096.3447798424395,7.0,1.0,0.683721371983599,-5096.3447798424395,5102.129076013352,0.3345080198996584,0.5800293479642278,3.0,0.0,0.5592341991082216,0.5592341991082216
1511,1,0.058030740732559545,0.06037886696757287,0.00945620257927357,1.3653074286354132,0.43260273427413143,7.136787569121657e-9,9.258261629489155e7,9.721338725381051e7,0.9886965952693344,0.4925032978165926,2.0642119206732685,0.13614360604355646,40.13334061507666,-5096.240405766361,7.0,1.0,0.9248995000437734,-5096.240405766361,5101.720088604506,0.00708796401249856,-0.5733586515061688,3.0,0.0,0.5592341991082216,0.5592341991082216
1512,1,0.0576528343827648,0.05984679450657826,0.009427344303701703,1.3456136039393682,0.42626917726363567,7.214886176385729e-9,9.764467015757212e7,9.049908656691468e7,1.0845265546912886,0.5776862021555892,2.124600194656104,0.1256659587306235,38.73205349631989,-5093.718407953264,7.0,1.0,0.8194746684604023,-5093.718407953264,5098.759978993102,-0.3103853220836754,0.4691749967760188,3.0,0.0,0.5592341991082216,0.5592341991082216
1513,1,0.0578353990784371,0.057079022725404424,0.009407752540577102,1.3691848427057713,0.42834258478547954,7.1397287500773655e-9,1.1273510265231453e8,9.09776661552925e7,0.9659996670153957,0.4949288700776917,2.202748000005742,0.1175439057907127,42.16510024789277,-5099.333572053373,7.0,1.0,0.6508696054896165,-5099.333572053373,5101.771257663389,0.5709949039483035,0.6440260687213595,3.0,0.0,0.5592341991082216,0.5592341991082216
1514,1,0.05791252051305731,0.06508191079212441,0.00921302778152824,1.337349184157756,0.43374107188002553,7.1621090166387784e-9,7.997354486862691e7,9.072527602819255e7,1.1659603774305978,0.5510042095734254,2.0886264951189313,0.12667728214900464,36.36420546277414,-5099.048051990279,7.0,1.0,0.7508584827322593,-5099.048051990279,5105.847329838022,0.0070101324909046525,0.7083944667674587,3.0,0.0,0.5592341991082216,0.5592341991082216
1515,1,0.057949806779688855,0.06770425617254848,0.009375279952221927,1.3462235855103224,0.4264414687056884,7.076849463877758e-9,8.00292021265419e7,1.0099180983913222e8,1.1276815038182926,0.47885052302652215,2.155181332602456,0.11326302722426411,37.182112688663025,-5102.962397078166,7.0,1.0,0.8669120268164023,-5102.962397078166,5107.901672397087,0.081662408541888,0.5522402094320569,3.0,0.0,0.5592341991082216,0.5592341991082216
1516,1,0.057474286097397374,0.05815603930636586,0.009489187266675594,1.3434084768091918,0.4270238595800951,7.187768685030375e-9,1.1493484754071507e8,8.701544452174076e7,1.0168629385775538,0.5746223191672473,2.091059580344725,0.13865264531881433,41.902869834718935,-5100.4887512848945,7.0,1.0,0.8255240774587173,-5100.4887512848945,5110.86598553116,0.002796003588628082,0.723146650567287,3.0,0.0,0.5592341991082216,0.5592341991082216
1517,1,0.057524473781802796,0.06194337554021528,0.009322256389467244,1.346156402160205,0.4299677726068096,7.195923386186141e-9,1.1014887220761548e8,9.376686088608631e7,1.0411330629492652,0.5218376894840694,2.1339132172142294,0.1200772078818866,43.78346485511731,-5096.511173178111,7.0,1.0,0.7364384970067,-5096.511173178111,5104.522979027376,-0.5127763004520602,0.8500446639218353,3.0,0.0,0.5592341991082216,0.5592341991082216
1518,1,0.05818616610241334,0.06369472107154875,0.009244296222165455,1.345973845012139,0.4313921663972189,7.084099586879585e-9,8.116218558953564e7,8.782473713349086e7,1.08156036443462,0.5391749990072814,2.192848239859723,0.12167997785428171,36.389814255741896,-5097.876354123365,7.0,1.0,0.7786566333647824,-5097.876354123365,5105.15612511477,0.21031417826816323,0.4624113775953447,3.0,0.0,0.5592341991082216,0.5592341991082216
1519,1,0.057553340947540145,0.06012863722633682,0.009736187676573096,1.359884098166783,0.4184600062891796,7.228511983239639e-9,1.0251151258615467e8,9.776948087464552e7,1.072833598232141,0.6159339569176396,2.0954542341005795,0.13468726434348705,38.08356340348959,-5100.432867073275,7.0,1.0,0.47021071635331607,-5100.432867073275,5109.218654884732,0.9136302702072499,1.443632681566669,3.0,0.0,0.5592341991082216,0.5592341991082216
1520,1,0.057920193793841036,0.05640138955969962,0.009599127735936758,1.366444464840456,0.425602473593392,7.1888346617081825e-9,9.465759167962633e7,9.696274258881065e7,1.0037928734475183,0.5191830865551824,1.9522046483937363,0.11344438338558659,42.41213341454877,-5096.280389443439,7.0,1.0,0.9600889984054216,-5096.280389443439,5103.242881851937,-0.892621353589675,-0.892621353589675,3.0,0.0,0.5592341991082216,0.5592341991082216
1521,1,0.05822962233750499,0.059004210266333394,0.009790459173390085,1.3646932310847608,0.4169195057564138,7.22060285575293e-9,9.356214378310221e7,8.5000838278204e7,1.0450525915276483,0.5589085536750966,2.110115235592218,0.14021505120577077,40.7507305554982,-5097.80757082856,7.0,1.0,0.8302080165971663,-5097.80757082856,5103.9774310167095,0.08460511839894025,0.42337998134280497,3.0,0.0,0.5592341991082216,0.5592341991082216
1522,1,0.057534929056858336,0.05767019694093512,0.009458051639527006,1.3400094857021847,0.426040704858212,7.197841211809179e-9,9.447314447547993e7,9.494598329580712e7,1.0635061182492085,0.5140266425414487,2.0868439123122546,0.12387763878473787,39.82922558092002,-5094.513598064837,7.0,1.0,1.0,-5094.513598064837,5100.091628578183,-0.15070022914551373,-0.2538789376239947,3.0,0.0,0.5592341991082216,0.5592341991082216
1523,1,0.05811257060356564,0.06478682225949606,0.00931709315490874,1.3495102888838237,0.4378063343913013,7.098659270884406e-9,1.075348254559302e8,8.367178878930849e7,0.996620553954651,0.5073120427988325,1.971708508107186,0.1314509270221101,40.22235761634176,-5098.984259363926,7.0,1.0,0.5776741649208852,-5098.984259363926,5104.106813430904,0.569049833682584,0.9281613882321835,3.0,0.0,0.5592341991082216,0.5592341991082216
1524,1,0.057802384891481005,0.05896987860349023,0.00948551918247052,1.33879223259593,0.41836454538756507,7.161511783957418e-9,8.207636696502124e7,9.425444132179484e7,1.102287714975854,0.5249841762523292,1.9407786410472325,0.13730091536877484,41.10976100897748,-5098.801282503477,7.0,1.0,0.7983982271397095,-5098.801282503477,5107.610038809033,-0.21557544206461898,1.4345398619570915,3.0,0.0,0.5592341991082216,0.5592341991082216
1525,1,0.05777252250716286,0.05934601829827417,0.009499807824477145,1.3507099290911575,0.42172364419939046,7.162291011317407e-9,8.461964856359226e7,8.543592424699503e7,1.1446388396960714,0.513837389922741,2.1477260003778738,0.1258173311183145,40.37327587074187,-5095.130729432062,7.0,1.0,0.886246727379852,-5095.130729432062,5107.299646829153,-0.33943038262805203,0.4938907005926012,3.0,0.0,0.5592341991082216,0.5592341991082216
1526,1,0.05798465024767127,0.057490421211681686,0.009540443471785575,1.3526370002154435,0.42188029723854603,7.156176602410737e-9,8.95092474246364e7,8.540140924152955e7,1.2039284999314652,0.5190045480268404,2.18418869329404,0.12989269067543616,37.56613727787449,-5095.926859148112,7.0,1.0,0.8727934556447945,-5095.926859148112,5100.690871148958,0.04290155381295335,0.28189432775707246,3.0,0.0,0.5592341991082216,0.5592341991082216
1527,1,0.05770176802785562,0.06221634892824873,0.009369598586663051,1.349134736431637,0.431544239260651,7.179151502178519e-9,9.956919575003327e7,9.391682244280094e7,1.0032172464166906,0.5413356507088599,2.1436641960486873,0.11977765546507606,41.56427728883454,-5093.519836701952,7.0,1.0,0.9054325042962148,-5093.519836701952,5100.634278963658,-0.19133918882653234,0.3080607073106876,3.0,0.0,0.5592341991082216,0.5592341991082216
1528,1,0.057772022812342484,0.06138139316159172,0.009296076839081943,1.3470822539988925,0.4332019413386622,7.168303438083163e-9,1.0095024908781514e8,9.418179179570007e7,1.1092175012937413,0.5521856937915695,2.2377584383126066,0.12406257912096072,42.86120746609201,-5094.476587738385,7.0,1.0,0.7981896432222896,-5094.476587738385,5098.882010862767,0.08119697751862986,0.32193420512703597,3.0,0.0,0.5592341991082216,0.5592341991082216
1529,1,0.0579949649113928,0.05842899429893494,0.009402710558739091,1.3584091428523342,0.4293362162049769,7.159549522951506e-9,9.038295745653453e7,7.907194849283646e7,1.1820754915659477,0.5303929145627416,2.06925348107651,0.11666704969792395,39.46049960531114,-5096.424788349154,7.0,1.0,0.26792492399570633,-5096.424788349154,5104.591145644038,-0.23752603204320621,3.4219645658668014,3.0,0.0,0.5592341991082216,0.5592341991082216
1530,1,0.057804807040235134,0.06370395971878995,0.009345517188575257,1.326208504723574,0.43150577526181105,7.154380750494799e-9,8.310623704248299e7,9.424912076185985e7,0.9548525136213445,0.5866179108643892,2.2318029587528962,0.11063159310454963,41.71939221813709,-5099.122414298741,7.0,1.0,0.9392074103080201,-5099.122414298741,5103.297408825021,0.10740608940523089,0.15862613830358896,3.0,0.0,0.5592341991082216,0.5592341991082216
1531,1,0.05799349821102387,0.06316103964006045,0.009159041556537274,1.3241800333992364,0.43519196722342507,7.083690571066419e-9,9.208718638310918e7,9.527329802962853e7,1.094259925188713,0.5842653664637396,1.9720660618045394,0.11849528641614757,39.522962807478315,-5096.207313545336,7.0,1.0,0.9810377987786361,-5096.207313545336,5103.5791499733195,-0.32919456551189796,-0.32919456551189796,3.0,0.0,0.5592341991082216,0.5592341991082216
1532,1,0.05794825681835649,0.06556456898866417,0.00913757046022472,1.3341618195453535,0.4396073972694482,7.046044856280856e-9,8.840052743609436e7,9.75378521643124e7,1.121461880026383,0.6026040910171219,2.0393931845149695,0.11428167265683924,40.098609937240845,-5099.302377583721,7.0,1.0,0.7584544627846094,-5099.302377583721,5102.667951294551,0.4223240358815019,0.4223240358815019,3.0,0.0,0.5592341991082216,0.5592341991082216
1533,1,0.05826188205038406,0.05992311274684391,0.009385375103975708,1.341044455130643,0.43205585469857566,7.143930850419656e-9,9.302904138785666e7,9.284325555534591e7,1.000087462309788,0.5330060301459739,1.9999476346010527,0.1282451773775064,43.85219213040967,-5095.828642869599,7.0,1.0,1.0,-5095.828642869599,5102.812330290912,-0.2735435389513441,-0.29517520235549455,3.0,0.0,0.5592341991082216,0.5592341991082216
1534,1,0.05733179909652836,0.06515818177885928,0.009141032513191233,1.3596589369404246,0.4337175970487151,7.1312868958035266e-9,1.0691852500195697e8,9.30175781731594e7,1.0770482317679442,0.5556184985573427,2.142308676385726,0.12025383140931552,40.94184157072262,-5098.069030395162,7.0,1.0,0.7944067970022288,-5098.069030395162,5104.2577240285145,0.07429484074327775,0.5942624136168888,3.0,0.0,0.5592341991082216,0.5592341991082216
1535,1,0.058075282889585925,0.06034984925933122,0.009611447398827772,1.333428820375174,0.4290903016380398,7.147378095678448e-9,8.672167941899538e7,9.005707473087454e7,1.0501319053375568,0.5239518092486242,2.364794683989938,0.13027236964951502,38.8426287716607,-5097.254585252079,7.0,1.0,0.49200073699548597,-5097.254585252079,5107.224049576057,0.5166942247060433,1.3892002263191898,3.0,0.0,0.5592341991082216,0.5592341991082216
1536,1,0.057694317917816394,0.05866732752220128,0.009605860486587982,1.3810935224465068,0.42430093602955926,7.218477482545083e-9,1.0082754525839825e8,9.338967266044179e7,1.0694577571232706,0.5310917196115043,2.1469236037688617,0.12004199123152794,40.96903870855067,-5094.86052772241,7.0,1.0,0.8748250185608883,-5094.86052772241,5102.39823150902,-0.7149505953766493,-0.7149505953766493,3.0,0.0,0.5592341991082216,0.5592341991082216
1537,1,0.05798407262036549,0.062350143585516424,0.009337582228692777,1.3343541816077584,0.43484473135845775,7.097781238176783e-9,1.0122556073178077e8,8.947440486601155e7,1.089049520922374,0.5134962250167071,2.1752692268697063,0.12345060996616158,43.988969178329256,-5095.509122512632,15.0,1.0,0.7576768849095328,-5095.509122512632,5101.683202610642,0.265537023203251,0.7262985014513106,3.0,0.0,0.5592341991082216,0.5592341991082216
1538,1,0.05753256384987471,0.06207341175425084,0.009462883880646443,1.3575920449326855,0.42885478564001445,7.207488598904738e-9,9.34590560127966e7,9.239289672913076e7,1.0093967969297108,0.5460503195685121,2.0485890173618593,0.11938895408400281,35.89691926567308,-5095.058911634716,7.0,1.0,0.9481194961506028,-5095.058911634716,5101.021527517688,-0.05275348160739668,0.2355793832366544,3.0,0.0,0.5592341991082216,0.5592341991082216
1539,1,0.058088306546841786,0.06194145551238297,0.009340314476539543,1.3236710196443884,0.43369270532535853,7.082781136505029e-9,9.863697187987211e7,8.546516309707877e7,1.0904995487662867,0.5100279588801729,2.2950001709237844,0.1266803433457226,44.7151469054234,-5097.317270183566,7.0,1.0,0.4852903934784809,-5097.317270183566,5105.581234370243,0.30377837229480065,1.3769517896589605,3.0,0.0,0.5592341991082216,0.5592341991082216
1540,1,0.05760384996155295,0.05971036071192295,0.0093830987062258,1.3647797069121308,0.4398004519756273,7.272584892129765e-9,8.9542204582532e7,8.873517589742646e7,0.997146515270258,0.5496281809344771,2.293984860764763,0.12126575493554113,41.92383740254483,-5098.616453335854,7.0,1.0,0.7482828839025537,-5098.616453335854,5104.861346500396,0.19313347545721626,0.5338483416198869,3.0,0.0,0.5592341991082216,0.5592341991082216
1541,1,0.05795544584967808,0.061501805416811745,0.009590235624814196,1.3495866483902266,0.4174972553280813,7.105336920061927e-9,9.685294614489965e7,8.805413363278835e7,1.064814622705074,0.5125078550546325,1.8826432841587317,0.12613337521872034,36.969642097612564,-5097.983550099802,7.0,1.0,0.7596217813101172,-5097.983550099802,5102.392834868919,-0.06385195427992585,0.69819728951461,3.0,0.0,0.5592341991082216,0.5592341991082216
1542,1,0.05770035981958584,0.06273649772187068,0.009129380175219068,1.3488524413998304,0.44808179808128296,7.24754315996006e-9,9.57398966030337e7,8.966450270157972e7,1.0465760782276698,0.5523427245002753,2.27517221608237,0.12186842198819554,41.93895142630973,-5100.592032234763,7.0,1.0,0.8883597181152283,-5100.592032234763,5105.333263689156,0.07770081451326405,-0.5051927372314822,3.0,0.0,0.5592341991082216,0.5592341991082216
1543,1,0.05841420264598593,0.059392371394301854,0.00955318081127246,1.3560562762377817,0.42978737063201583,7.126652672392649e-9,9.634168290945801e7,8.821895080091776e7,1.0673204232278521,0.5031205576414097,2.072085048239163,0.12108370580473429,35.94215105658636,-5097.054917871163,7.0,1.0,0.8264436940206299,-5097.054917871163,5104.537920698024,-0.6092181305439226,-0.6092181305439226,3.0,0.0,0.5592341991082216,0.5592341991082216
1544,1,0.057234047162620504,0.063632929626003,0.009156329464590853,1.3367971682968796,0.4323657291074337,7.187949218126974e-9,9.534016639500073e7,9.055409261421531e7,1.0418138125654672,0.5604931537400578,2.0749764962798807,0.12743540520676908,43.13447838338332,-5097.912312471279,7.0,1.0,0.9998657384097095,-5097.912312471279,5100.687070370152,0.0009402730502188206,-0.2589546877397879,3.0,0.0,0.5592341991082216,0.5592341991082216
1545,1,0.05839597834491471,0.059103931645537636,0.009512852625321144,1.354250307676732,0.42858545517911506,7.096651759088391e-9,9.422120171210189e7,9.013556797411318e7,1.0604110306745678,0.5261706232397383,2.076814152397113,0.12689802690970364,37.26507154854615,-5095.9186808466175,7.0,1.0,0.9308419965521405,-5095.9186808466175,5103.764907543961,-0.18800369085238344,0.199834260037278,3.0,0.0,0.5592341991082216,0.5592341991082216
1546,1,0.05754417684979278,0.06265393792537252,0.009344733934729007,1.340065251522557,0.4277780395804187,7.205688565121185e-9,9.282122580744715e7,9.196318542564943e7,1.1100103026274557,0.548740747244063,2.13412441655165,0.12014310539165962,41.92306272148353,-5094.387665929159,7.0,1.0,0.9317424742221949,-5094.387665929159,5100.493760828406,-0.10545330102013395,0.16696955046063522,3.0,0.0,0.5592341991082216,0.5592341991082216
1547,1,0.05799912604050715,0.05792518460563998,0.009456158874024203,1.358125081880539,0.42864675195414786,7.12844689885916e-9,9.50135705457661e7,8.702870302546257e7,1.0278747405223676,0.5092883855007142,2.178508737673206,0.12157013415335081,39.046026137740455,-5093.6753267559525,7.0,1.0,0.91256543053898,-5093.6753267559525,5098.603434384913,-0.14609065931563237,0.3093388404977304,3.0,0.0,0.5592341991082216,0.5592341991082216
1548,1,0.05793873307894438,0.06551334844407984,0.009169114290271549,1.323787809893879,0.43611730124692505,7.116260712562227e-9,8.989211841683744e7,1.0223301124071036e8,1.0870518713813093,0.5276575362112531,1.9870920257810265,0.11249711733463755,40.93982796089395,-5097.449386457246,7.0,1.0,0.8885959679268469,-5097.449386457246,5100.517548665551,0.15481015176283108,0.25025607350289647,3.0,0.0,0.5592341991082216,0.5592341991082216
1549,1,0.05803664358585884,0.06615503830254059,0.009122629895099828,1.3230260466934405,0.43328233918727393,7.039901165182814e-9,1.0066333959511644e8,9.259505312582527e7,1.077334852096992,0.5695801842357443,2.289593092542633,0.12299899046149844,38.16040587403785,-5097.61685307842,7.0,1.0,0.9911439478463375,-5097.61685307842,5101.436716184071,-0.01674202194863028,-0.15948808873145026,3.0,0.0,0.5592341991082216,0.5592341991082216
1550,1,0.05763236738561397,0.05811241372870422,0.009452786281325405,1.3570579266321305,0.43048262720646663,7.231434863344988e-9,9.585952704499982e7,9.120914858443192e7,0.986965964067528,0.4662494701026011,2.0057744637936423,0.11309204492987115,37.763216069754726,-5096.696529355896,7.0,1.0,0.8711261398104987,-5096.696529355896,5104.345050303688,-0.036158810633423855,0.32450531852828135,3.0,0.0,0.5592341991082216,0.5592341991082216
1551,1,0.057916705665571465,0.0635721865237637,0.009300646873125071,1.32887555439656,0.43073397731071916,7.125540008469928e-9,8.969243447841933e7,8.344877626574211e7,1.0821493274902816,0.5790268891355442,2.4310318665911166,0.12894525878728758,45.114848220121985,-5098.549427400416,7.0,1.0,0.8700942885708294,-5098.549427400416,5103.38144848106,0.15015019998099888,0.21189869578483922,3.0,0.0,0.5592341991082216,0.5592341991082216
1552,1,0.057930823089941734,0.06009126214000393,0.009577245041712947,1.3642827577341825,0.42924124511858563,7.274270020647055e-9,9.90547634420657e7,9.483738334420165e7,1.079346963165624,0.4862065025441682,1.8586285139936107,0.1259587049724335,36.26848409542417,-5099.078118517673,7.0,1.0,0.6595867274476619,-5099.078118517673,5106.88278461736,-0.3154460679143085,1.164304272818299,3.0,0.0,0.5592341991082216,0.5592341991082216
1553,1,0.05784852321882147,0.06472473660471813,0.009216376709148717,1.3262438064882613,0.4331108757166723,7.0980815589243305e-9,9.067347735239293e7,8.421168785056102e7,1.0256890884809529,0.5786363034207426,2.387232955674912,0.12306157656305032,43.458481519561616,-5097.550781803249,7.0,1.0,0.9955247798185238,-5097.550781803249,5104.7056284311075,-0.24288706279185135,-0.2589852928331311,3.0,0.0,0.5592341991082216,0.5592341991082216
1554,1,0.057898269016925026,0.06337143402820675,0.009218624108882946,1.349450501807425,0.4398106979302451,7.2019950197071296e-9,1.0338130987829362e8,9.489820988860086e7,1.0739491524558504,0.49361288217990207,1.8897948540932712,0.12141977618223967,36.331844946691284,-5098.819308569544,7.0,1.0,0.8251109496125444,-5098.819308569544,5104.012192909622,0.33124571049393126,0.3498127662396655,3.0,0.0,0.5592341991082216,0.5592341991082216
1555,1,0.057741348829763374,0.059613383977104445,0.009268054756950504,1.3279784027446075,0.42814305978723755,7.102359406957057e-9,8.73906702889167e7,9.102394980489343e7,0.9684010704165259,0.5439622561740131,2.5607110002466653,0.1274463968815344,41.45928404330714,-5099.724908791039,7.0,1.0,0.9958028593742003,-5099.724908791039,5104.9556284129385,-0.004618557743015117,-0.28132764986094116,3.0,0.0,0.5592341991082216,0.5592341991082216
1556,1,0.057853638019600424,0.06578767695259767,0.009332507477281864,1.3496269255969138,0.4336274417673938,7.214108694962964e-9,1.0149745264601344e8,8.666462810808565e7,1.0743908563634326,0.5187864820080762,2.101448859275814,0.11860611740932797,38.25119456794665,-5095.599032574778,7.0,1.0,0.9588166620710038,-5095.599032574778,5102.33972256785,-0.3228520189795745,-0.3228520189795745,3.0,0.0,0.5592341991082216,0.5592341991082216
1557,1,0.05798423322971538,0.05871709345996636,0.009605802348847281,1.3360168310260332,0.4249412422436638,7.154487344310351e-9,9.293842913233577e7,9.047583528735223e7,1.0323115107629603,0.5313850434726902,2.1701159942599295,0.12951788240005208,40.06199524452264,-5094.270846893953,7.0,1.0,0.748204947047605,-5094.270846893953,5103.034850521448,-0.00978826243772346,0.6949211294031556,3.0,0.0,0.5592341991082216,0.5592341991082216
1558,1,0.05782506156039863,0.05994713898466536,0.00938377654954621,1.3612626517064748,0.42942066312683475,7.181910457480808e-9,9.618579982745053e7,8.444055322957386e7,1.046747240874846,0.5296276020381158,2.112141273268893,0.12181186588501762,38.51851737980248,-5092.810138761128,7.0,1.0,1.0,-5092.810138761128,5094.838423369036,-0.2670473694697648,-0.2670473694697648,3.0,0.0,0.5592341991082216,0.5592341991082216
1559,1,0.05809050285005212,0.05726761425888381,0.009502986930790314,1.3274806155218486,0.4213464754957987,7.155635300645929e-9,8.974759481260782e7,8.827324816907233e7,1.005602691024282,0.5575177424145331,2.2410401483371367,0.10984453595035913,38.514644710879224,-5097.840107925827,7.0,1.0,0.7025548404565417,-5097.840107925827,5099.661024351169,0.6441305907055721,0.6441305907055721,3.0,0.0,0.5592341991082216,0.5592341991082216
1560,1,0.05784123195913367,0.05618386837642116,0.009558935788471896,1.3436731240499793,0.42783757411108875,7.140621153896868e-9,9.198570325860812e7,8.762452456390366e7,1.0308079018650054,0.519108068861628,2.1473026517405907,0.12184351440255634,38.532858877077956,-5095.1103740684985,7.0,1.0,0.9792637229268288,-5095.1103740684985,5099.875566652588,-0.11100296590120706,-0.5693405819529289,2.0,0.0,0.5592341991082216,0.5592341991082216
1561,1,0.057885751892987294,0.062457227335922336,0.009383827857980621,1.342911600252947,0.4230157644900011,7.185567106815286e-9,9.498257660688798e7,9.534968513197595e7,1.0054786109600553,0.48061392796525215,2.119173380855267,0.14338734068382072,36.46917584134833,-5097.8583726862835,7.0,1.0,0.9123203232825189,-5097.8583726862835,5101.459639411252,0.20910448706763418,0.20910448706763418,3.0,0.0,0.5592341991082216,0.5592341991082216
1562,1,0.05771312539019711,0.06301217060501334,0.00925314330398825,1.2951138061678196,0.4332096293547738,7.119406218569759e-9,9.566085735853824e7,9.205620391357337e7,1.0946510261158005,0.5532106089176302,2.25198371957292,0.10105528499539061,37.78567229471051,-5102.175332312036,7.0,1.0,0.40237828641734924,-5102.175332312036,5113.099470433792,0.5095174328871508,1.6237414929528313,3.0,0.0,0.5592341991082216,0.5592341991082216
1563,1,0.058128688588037,0.06269135199937342,0.009175192376471235,1.3160877148445205,0.4395364374171405,7.165554669371373e-9,9.045619864698336e7,1.0385354990553969e8,0.9625992503867142,0.5390776223493337,2.339615432214558,0.11342653399332905,38.80718276672115,-5101.337981087136,7.0,1.0,0.98206642126085,-5101.337981087136,5108.3387964250605,0.0863118598872461,-0.2448080943295281,3.0,0.0,0.5592341991082216,0.5592341991082216
1564,1,0.0578487012867657,0.058487861878532665,0.009469509835492544,1.374009159481511,0.427121568040526,7.225245462792252e-9,9.939746344287935e7,8.200236687095639e7,1.153291380359606,0.5396246166443991,2.0331344495293986,0.1339349850656713,40.904733005512874,-5096.705890197063,7.0,1.0,0.6621610947224159,-5096.705890197063,5106.837861870016,-0.4718339287501294,1.1412011926167906,3.0,0.0,0.5592341991082216,0.5592341991082216
1565,1,0.05794810322130193,0.06289371453897868,0.00933629805021767,1.334258188784549,0.4374796909275461,7.078859716168848e-9,9.116471205680685e7,1.0420106631556533e8,0.9757988552684844,0.5430590894208929,2.236490234567652,0.11274257864848894,38.04872994760454,-5099.739071128577,7.0,1.0,0.8070750380534947,-5099.739071128577,5103.964325176525,0.687747759728154,0.687747759728154,3.0,0.0,0.5592341991082216,0.5592341991082216
1566,1,0.057673658769174393,0.06720103159459775,0.008899537409213724,1.352849413617159,0.4406624186916817,7.099171878885959e-9,9.640000200946252e7,8.695194087312187e7,1.081524536464015,0.4965680351505129,2.0695169178088837,0.12103654833243427,33.95826431627066,-5101.46328928998,7.0,1.0,0.9377253043296914,-5101.46328928998,5108.697805917584,-0.6932213635227527,-0.6932213635227527,3.0,0.0,0.5592341991082216,0.5592341991082216
1567,1,0.05803762356164023,0.06009378764122892,0.009454716443623837,1.3376852885909472,0.42679642564403836,7.1728193625407035e-9,9.179653182352988e7,9.029515853979379e7,1.0251765750734023,0.5663562947147261,2.1998174516200866,0.13311161268089788,47.59990631349439,-5097.282754380977,7.0,1.0,0.9881055322515298,-5097.282754380977,5103.9247444084485,-0.4260942999062536,-0.4742745795274459,3.0,0.0,0.5592341991082216,0.5592341991082216
1568,1,0.05791695495816981,0.06170436560448968,0.009633958703446282,1.3263083121229595,0.42838483118359705,7.129757548785295e-9,9.157082179812838e7,9.03001506636025e7,1.0424016432110124,0.555733174703884,2.2124611177762477,0.1333684811987295,45.269210154257344,-5100.561136653627,7.0,1.0,0.5471674355903832,-5100.561136653627,5103.36639553595,1.4066021320122672,1.6580521802052317,3.0,0.0,0.5592341991082216,0.5592341991082216
1569,1,0.0576314505748003,0.0678590298465407,0.00892632683277355,1.344712220897195,0.4378241272722466,7.167080199703123e-9,9.843028898683389e7,1.0076050920651302e8,1.085839699997879,0.5115243922227952,2.0179966213828204,0.11429080912989333,36.879822313920606,-5102.255498473076,7.0,1.0,0.9732397981172332,-5102.255498473076,5110.036283988241,-0.17160709865947865,-1.5060376403853297,3.0,0.0,0.5592341991082216,0.5592341991082216
1570,1,0.058204580379363956,0.057271754482446535,0.00932085516530988,1.3411008574779957,0.41833816690258196,7.13654797848205e-9,9.97274199992975e7,8.446195764922084e7,1.0485793624041024,0.5507538871077031,2.3934694303480057,0.14068692800155017,43.05716799666847,-5105.590032719819,7.0,1.0,0.6416101161081558,-5105.590032719819,5113.976711959443,1.3886775724840845,1.555624634738706,3.0,0.0,0.5592341991082216,0.5592341991082216
1571,1,0.057896519050559425,0.059149353680591446,0.009547291666201024,1.359965382743789,0.4250175585503794,7.274101588020658e-9,8.671160207899046e7,9.671897419552852e7,1.1095457536137938,0.5044333221910889,2.108306242804802,0.11197591922426774,39.085538950832486,-5096.915968012884,7.0,1.0,0.7210909570593345,-5096.915968012884,5110.443466055902,-3.5038646969378533,-3.5038646969378533,3.0,0.0,0.5592341991082216,0.5592341991082216
1572,1,0.058078875227347206,0.05359755343472034,0.009723095073169413,1.3541408511521034,0.4304774877522372,7.23460045132557e-9,9.447606099268928e7,8.911724610695705e7,1.1726442683704956,0.5952793516067815,2.375757382941384,0.11646844313000379,40.11801747489686,-5101.864082228281,7.0,1.0,0.8147841126350637,-5101.864082228281,5106.798940045102,0.4223744189757781,0.6136877225308126,3.0,0.0,0.5592341991082216,0.5592341991082216
1573,1,0.05775310718075481,0.06521904880099103,0.009498881159069227,1.3680032201413195,0.4201572570461544,7.13786619570997e-9,8.425103585967663e7,9.231460122079755e7,0.9628597334853073,0.4974973442250502,1.9301872069930492,0.12472826379777052,40.59532323774348,-5099.932553997203,7.0,1.0,0.9288729762876297,-5099.932553997203,5107.892914320888,-0.2663379472978704,-0.35808599430492905,3.0,0.0,0.5592341991082216,0.5592341991082216
1574,1,0.05800379253541546,0.06429229843936442,0.009242309501702645,1.3211257738968547,0.437722095543907,7.150162885422335e-9,1.0000745041588749e8,9.671588395253278e7,1.1639020456897902,0.5459985971715489,2.25888061222431,0.1265596935391266,37.60583496832588,-5097.125357794432,7.0,1.0,0.9483476242166271,-5097.125357794432,5104.297466819616,-0.35125754883029003,-0.46556925249842607,3.0,0.0,0.5592341991082216,0.5592341991082216
1575,1,0.05788044712355478,0.06182425613541914,0.009382610408772155,1.349142411535425,0.42880872613088417,7.058358812461408e-9,9.702460519619037e7,8.392431685075007e7,1.1945964069452453,0.5708065426922803,1.9040273272043644,0.11876369477776753,46.61926416172352,-5100.584708873657,7.0,1.0,0.7641849016585598,-5100.584708873657,5107.816005024396,0.4101328245069453,0.6063290586180301,3.0,0.0,0.5592341991082216,0.5592341991082216
1576,1,0.057504586490943775,0.057346569322231096,0.009358727994300691,1.3331503124163022,0.43031326203930803,7.20542633685245e-9,8.680334006354673e7,8.934955083648506e7,1.0194220193254773,0.5123377971350073,2.381723150431529,0.12309556460738072,33.57797602272314,-5100.30990430165,7.0,1.0,1.0,-5100.30990430165,5104.914995400561,-0.09875301882493659,-0.35747274037930765,3.0,0.0,0.5592341991082216,0.5592341991082216
1577,1,0.05777995966390926,0.05867877479687378,0.009281191258473601,1.3345524848069954,0.4316648452964596,7.161488995874935e-9,9.491634591275878e7,9.082738867373185e7,1.0049720300689715,0.5438929304355659,2.2880505513919327,0.12883672273041197,37.031229814022694,-5095.040734973171,7.0,1.0,0.8284157542864606,-5095.040734973171,5107.814020464775,-0.35035161222822353,0.633353995816833,3.0,0.0,0.5592341991082216,0.5592341991082216
1578,1,0.058128722581657584,0.06021164730334635,0.009459386157227592,1.331483378385924,0.4249900898117884,7.121271698843275e-9,9.219348236682099e7,8.328032769178417e7,1.0516943432620343,0.4892494594343291,2.283380555790194,0.10846153153191565,39.03089216389246,-5097.134779380815,7.0,1.0,0.8220547748119118,-5097.134779380815,5100.941721149816,0.05333926694311231,0.4638204102893724,3.0,0.0,0.5592341991082216,0.5592341991082216
1579,1,0.05764728693707829,0.0633575808494795,0.009355452069832858,1.3446098410425347,0.42875033922278805,7.158961132235482e-9,9.364706254789308e7,9.929331555072775e7,0.9602119684281931,0.4996014154851691,2.078551902489635,0.11286085440065341,43.2096595444395,-5096.752916304217,7.0,1.0,0.8505986817584207,-5096.752916304217,5103.5839366182745,0.06437148136228643,0.3247284233912069,3.0,0.0,0.5592341991082216,0.5592341991082216
1580,1,0.05806890707572046,0.060187868567218285,0.009532834712522354,1.351213620407841,0.42789437749732884,7.16425296726769e-9,9.316751755373444e7,8.211004512567386e7,1.157565325452645,0.5819426403737612,2.050595221333866,0.1318752015630463,36.503630847756945,-5096.308283848133,7.0,1.0,0.9522353803504829,-5096.308283848133,5102.992284992004,-0.08355116544589691,0.1739097932149889,3.0,0.0,0.5592341991082216,0.5592341991082216
1581,1,0.05774164457905816,0.059750898525878865,0.00958274195260352,1.3601645431060054,0.424556285500872,7.245464806458652e-9,8.95488936839386e7,9.173785359220353e7,1.150603044268711,0.4997012142387305,1.859194713061721,0.1266268036996556,39.19724761858127,-5096.192089022672,7.0,1.0,0.511290703940085,-5096.192089022672,5103.111651282045,-0.04571977114119363,1.4506012964548063,3.0,0.0,0.5592341991082216,0.5592341991082216
1582,1,0.057951533501472946,0.06545071021899025,0.009343114110574525,1.345715918461656,0.4316108207015431,7.109368258705671e-9,9.539322682601024e7,8.388031556607479e7,1.0110952132630817,0.4997745286961202,2.4069894593748953,0.1242165364986122,38.57726432525358,-5096.729958009344,7.0,1.0,0.7428814887239668,-5096.729958009344,5100.56324885576,0.2802125793386949,0.5310626493601376,3.0,0.0,0.5592341991082216,0.5592341991082216
1583,1,0.05763243412926218,0.06193481540843444,0.00929981823226719,1.344223869925262,0.43904307231125295,7.101236584641091e-9,9.361202884367232e7,9.786833646256806e7,1.1215455029291537,0.566868580389641,2.0795759995715084,0.11846408889022818,41.450553661359606,-5097.916345457588,7.0,1.0,0.6266775684516127,-5097.916345457588,5106.90200656076,0.7136993277381407,1.3483607921298244,3.0,0.0,0.5592341991082216,0.5592341991082216
1584,1,0.05778275005553567,0.06306506144892716,0.009299797991233653,1.325051460729398,0.4290640262292726,7.130370314723531e-9,1.0320399645948437e8,7.537070587345916e7,1.0388882945023714,0.5030699351790056,2.0984639371626126,0.12143530567677896,34.557402561992824,-5099.857331893158,7.0,1.0,0.8714906257542475,-5099.857331893158,5104.08900133264,-0.9285587215608757,-1.125782187623372,3.0,0.0,0.5592341991082216,0.5592341991082216
1585,1,0.05800483976127371,0.0637988825337437,0.009172351779708314,1.3484491107019454,0.4427340186647535,7.07417643938558e-9,9.613616036149904e7,9.875604870285961e7,1.078755513049822,0.475939131476582,2.2855286381286386,0.12651735842117265,41.83596333033515,-5098.8740527328355,7.0,1.0,0.5058331101816741,-5098.8740527328355,5105.229482631244,0.10237111103015195,45.129091823215276,3.0,0.0,0.5592341991082216,0.5592341991082216
1586,1,0.05750316225364738,0.06226978982768153,0.009321752472444097,1.335630219137862,0.43239683842530147,7.174353350028197e-9,9.265329557046235e7,8.452365323426802e7,1.0389336974868237,0.5769052641313189,1.9338155186666839,0.11111553825011226,40.138655466664865,-5096.712386101384,7.0,1.0,0.9811513724065196,-5096.712386101384,5103.759644886417,-0.28308211926014337,-0.28308211926014337,3.0,0.0,0.5592341991082216,0.5592341991082216
1587,1,0.05809035635977104,0.05567605474104058,0.009698697387903583,1.343873819540105,0.41698755500225543,7.15171006955291e-9,9.902097351565872e7,9.48707375963819e7,1.0106404112225984,0.5006014251297045,2.454152591261506,0.14256002436699192,39.07625005736917,-5100.6941885051765,7.0,1.0,0.8207956197807246,-5100.6941885051765,5103.530261243909,0.18167061564508913,0.41754479946575884,3.0,0.0,0.5592341991082216,0.5592341991082216
1588,1,0.05765536853253895,0.06335159822973067,0.009132732809666418,1.3533240830300202,0.4352255676313581,7.172272170373911e-9,8.805847646033154e7,8.594048500480853e7,1.1049029186350456,0.575142240349305,1.8911571128842035,0.1076375405226775,39.93321096860852,-5099.176820121432,7.0,1.0,0.8925571506573611,-5099.176820121432,5105.731395510805,0.11278999527257838,0.37989352491331374,3.0,0.0,0.5592341991082216,0.5592341991082216
1589,1,0.058080865650385914,0.06322857476847629,0.009468380297406521,1.3453925791490533,0.43041514660221875,7.128319566061566e-9,9.111378524088421e7,9.502731501334332e7,0.9907890377206889,0.5529283112392982,2.110911119720293,0.11825896647965312,38.51411027003668,-5094.867533067837,7.0,1.0,0.9941507978506312,-5094.867533067837,5101.670670975535,-0.31065871119426447,-0.3434717436421124,3.0,0.0,0.5592341991082216,0.5592341991082216
1590,1,0.0575756246121281,0.06082051662573197,0.009296360734862917,1.356284701096302,0.4352446441751659,7.17090896223914e-9,1.038200580615822e8,8.381441090769163e7,1.070665314957166,0.5019681436641656,2.0709283279779767,0.12217161682538451,40.82313117796978,-5094.984575239583,7.0,1.0,0.5264390446564569,-5094.984575239583,5100.523598388233,-0.20370801320859755,1.3771951396356599,3.0,0.0,0.5592341991082216,0.5592341991082216
1591,1,0.05822048360846828,0.06557135152695792,0.009316463861300625,1.322950093762525,0.43421546329428173,7.107492946021317e-9,8.765770376475771e7,9.793370865275225e7,1.0628156679606422,0.562782238803699,2.080974170363349,0.1290197613555604,38.42250998065221,-5097.230053928587,7.0,1.0,0.8883780863576369,-5097.230053928587,5100.112773941094,0.17343518031611893,0.2338113787009206,3.0,0.0,0.5592341991082216,0.5592341991082216
1592,1,0.057825306565914704,0.060696084945443804,0.0093828021050705,1.338484615458824,0.4286791802640589,7.126232655734206e-9,9.478619061387093e7,9.314048621946062e7,1.1076677908866435,0.47685441542113227,2.2439263205478253,0.11104829717126746,44.469218466653984,-5096.779030164364,7.0,1.0,0.4429922343599927,-5096.779030164364,5106.793840969561,-0.05747754407911998,2.1154229439398478,3.0,0.0,0.5592341991082216,0.5592341991082216
1593,1,0.05780492004353378,0.06472862066036587,0.009127946078101013,1.340273906322753,0.4370774331396723,7.097963611907624e-9,9.688074608645466e7,8.860086466876175e7,1.0002628549405184,0.5935906912446041,2.0418553549560245,0.13719701990042346,35.08474219105706,-5098.036963850719,7.0,1.0,0.9279620315113798,-5098.036963850719,5102.847145432834,-0.06165179405707022,0.1579810037410425,3.0,0.0,0.5592341991082216,0.5592341991082216
1594,1,0.05815490131789087,0.06477169578421521,0.00920758858835886,1.3442131179804764,0.4358632111548723,7.108298054105802e-9,9.806048871065369e7,9.141561705765943e7,0.9976290484315902,0.5872575086585312,2.093451238178958,0.1308224636730016,35.149784843001754,-5097.685724203158,7.0,1.0,0.9488912640259789,-5097.685724203158,5102.527969195784,0.09674608142631769,0.09889597851906728,3.0,0.0,0.5592341991082216,0.5592341991082216
1595,1,0.057625451234233065,0.05748094060025415,0.009625732749782543,1.3553725248978945,0.4230282042992864,7.261189163477331e-9,9.093234865250453e7,8.743341885161784e7,1.1167153017765195,0.48442201960096093,2.1226828949157177,0.11255347929840492,45.14059112015837,-5097.445341373458,7.0,1.0,0.9673658669397459,-5097.445341373458,5103.826686747792,-0.08162680822169932,0.16263879929647374,3.0,0.0,0.5592341991082216,0.5592341991082216
1596,1,0.05757785274395168,0.058443644445328236,0.009646468154431192,1.3642781405835553,0.42107700239607365,7.279903108964012e-9,9.16897165179594e7,8.30482453975427e7,1.1371392829958016,0.4710467602673002,2.042283011368885,0.11133348158753885,41.65535093871342,-5098.108470883805,7.0,1.0,0.9929294928697416,-5098.108470883805,5102.301948086518,0.01882699058205617,-0.030157950631291897,3.0,0.0,0.5592341991082216,0.5592341991082216
1597,1,0.057326802219897006,0.05877967281522237,0.00960626132342391,1.3543351010591933,0.41829036344109494,7.269391986105709e-9,9.149184305266495e7,8.786653989557204e7,1.1352559646668576,0.49452109926055043,2.0545652037268307,0.12067141787346727,44.597192572998836,-5098.895326622415,7.0,1.0,0.9498794689757443,-5098.895326622415,5102.020799425809,0.13764766522308491,0.25134934777452145,3.0,0.0,0.5592341991082216,0.5592341991082216
1598,1,0.05823548880348273,0.06267789242033922,0.009376526241930208,1.3589774275458633,0.4383844751523963,7.106414403167136e-9,9.97034611704842e7,9.681364877061832e7,1.0063914227119604,0.5665408212311774,2.1917805586183037,0.1269999393477378,35.54956210109221,-5098.97721520446,7.0,1.0,0.6774969389463801,-5098.97721520446,5105.7440824592695,0.35582257369060244,0.8595922934810005,3.0,0.0,0.5592341991082216,0.5592341991082216
1599,1,0.05737492552512803,0.05994518237851249,0.00943452382573711,1.3388815516342987,0.42223500042401146,7.2092745620367345e-9,9.05154804118428e7,8.472172141061404e7,1.1057805435193389,0.4971602379711065,2.068896944003362,0.11585261680719554,44.101109365615756,-5098.175673814996,7.0,1.0,0.98672041176121,-5098.175673814996,5105.772661364963,-0.22426966807597637,-0.34099707496170595,3.0,0.0,0.5592341991082216,0.5592341991082216
1600,1,0.05829084715901636,0.060209989365347535,0.009330512332358765,1.3576609936826427,0.43561330487063427,7.077876810517847e-9,1.0584282858391997e8,9.530766380250335e7,1.0277951984580234,0.5489486348839766,2.17255564230219,0.12978373042397287,34.674182498908664,-5099.81943424022,7.0,1.0,0.9368195343438644,-5099.81943424022,5105.961795829872,0.07044280813261139,-0.23239806774745375,3.0,0.0,0.5592341991082216,0.5592341991082216
1601,1,0.05794357635688183,0.06197925857828677,0.00958487879492195,1.3530811706520942,0.42008001832733727,7.159818598004994e-9,8.764148422894108e7,8.633458352310015e7,1.0554213908249674,0.529908875250044,2.088911332336651,0.12284823338089762,48.15697374779808,-5097.931623670448,7.0,1.0,0.729947484696443,-5097.931623670448,5107.702949376086,-0.022142874518976896,0.750134781406814,3.0,0.0,0.5592341991082216,0.5592341991082216
1602,1,0.05785050970021055,0.062354569150233734,0.009222160356383107,1.3386823190350243,0.43989333570056205,7.166919787072456e-9,1.0010852166134389e8,9.36157435738096e7,1.0687056151928656,0.5287838966017784,2.1275981523408176,0.12385491393363922,32.98190493572947,-5097.937619858553,7.0,1.0,0.9933850775292168,-5097.937619858553,5101.542570081727,0.04741079609539156,-0.2064480091976293,3.0,0.0,0.5592341991082216,0.5592341991082216
1603,1,0.05785050970021055,0.062354569150233734,0.009222160356383107,1.3386823190350243,0.43989333570056205,7.166919787072456e-9,1.0010852166134389e8,9.36157435738096e7,1.0687056151928656,0.5287838966017784,2.1275981523408176,0.12385491393363922,32.98190493572947,-5097.937619858553,7.0,1.0,0.10076127776748704,-5097.937619858553,5110.1255997587705,0.0,5.043791499114377,3.0,0.0,0.5592341991082216,0.5592341991082216
1604,1,0.057853610559222196,0.06185159494781217,0.00923274768921508,1.3484725817582026,0.44155799907861026,7.137062507094706e-9,9.447456190755104e7,9.68141363398765e7,1.3230990360799526,0.49309150403591273,2.360468541999502,0.13889344371729095,43.25700254874397,-5103.166028332409,7.0,1.0,0.3913758513628584,-5103.166028332409,5112.208677256793,0.6789427801477359,1.4949737593306054,3.0,0.0,0.5592341991082216,0.5592341991082216
1605,1,0.05765766407043807,0.06125348568529725,0.009512688547664322,1.3491733306137204,0.4236512667221654,7.149218362161958e-9,9.88934823312598e7,8.29047461242483e7,0.883930027086285,0.5867923092332928,1.8356356126977555,0.10753651955812961,36.020444106217035,-5104.452961303757,7.0,1.0,0.9032726144087404,-5104.452961303757,5109.512870431175,0.4009231163336153,-0.5608552077555942,3.0,0.0,0.5592341991082216,0.5592341991082216
1606,1,0.05808883867093249,0.05748221185152754,0.009271424631471743,1.3580964514785157,0.4402683467063079,7.1537870980564e-9,9.634419243896748e7,9.136418603631867e7,1.156897797355185,0.4973926272137383,2.404662211191255,0.14478676829098452,47.306854902788146,-5104.337327696477,7.0,1.0,0.8301380826878065,-5104.337327696477,5116.4135944490445,0.15162898044400208,0.5334723378455237,3.0,0.0,0.5592341991082216,0.5592341991082216
1607,1,0.05801742026040856,0.06332064230103318,0.009274004115685106,1.339950057465275,0.426511291840509,7.07163877588939e-9,9.514757743781511e7,9.466437583437075e7,1.1319214217843199,0.5572217941095738,2.0400923070235555,0.11013750323512086,37.733836931118326,-5096.939636455242,7.0,1.0,0.9675848210044743,-5096.939636455242,5107.246602527179,-0.9853542951459531,-0.9853542951459531,3.0,0.0,0.5592341991082216,0.5592341991082216
1608,1,0.05801567376288919,0.06166006590880497,0.009540968611283788,1.3596368828315553,0.4252431270377583,7.16697727607283e-9,9.96762319907288e7,7.654035878793043e7,1.0771492566771128,0.502635084665272,2.2721312418277644,0.11962551140841374,36.110626390732826,-5097.998451804273,7.0,1.0,0.6141985195971481,-5097.998451804273,5106.375069883046,0.0676388538449828,2.0432711962639587,3.0,0.0,0.5592341991082216,0.5592341991082216
1609,1,0.0573863881075428,0.06503445578354616,0.008879267199894979,1.3280624888112966,0.4464452706576793,7.108257346239075e-9,9.961248367941886e7,1.0245276236843356e8,1.0274904919413614,0.5309774676531681,2.033235241741959,0.12241612006118824,44.77023524718467,-5103.035112144014,15.0,1.0,0.9384004825689265,-5103.035112144014,5107.617913183977,0.11715647102482762,0.2653955580217371,3.0,0.0,0.5592341991082216,0.5592341991082216
1610,1,0.05820087124512738,0.06293909234182549,0.009565641301186367,1.3559218025096917,0.4228351931796947,7.1531327631571974e-9,9.36616254651434e7,8.131281018220566e7,1.0791596887552826,0.5301792134041956,2.1302674576608656,0.11981488199983234,35.71890091670938,-5097.009871890792,7.0,1.0,0.9899944093699126,-5097.009871890792,5106.0782432002325,-0.21484054003030906,-0.41358788200068375,3.0,0.0,0.5592341991082216,0.5592341991082216
1611,1,0.058142851781986075,0.056704702299115076,0.009321175613440414,1.3402826329035233,0.4394203569595512,7.1437183811923925e-9,9.189288760559468e7,9.316727692478594e7,1.0251795981529133,0.5229334072662775,2.0430831251136388,0.11212270255315837,41.525221771173946,-5097.880062749302,7.0,1.0,0.7796032058328313,-5097.880062749302,5105.032918897733,0.16200112221486052,0.5077845258720117,3.0,0.0,0.5592341991082216,0.5592341991082216
1612,1,0.058056704567494344,0.06079077778320769,0.009177049685385203,1.3346048246856261,0.4363226249239625,7.073241796324831e-9,9.791234538551114e7,8.569736366756006e7,1.1732479050331837,0.4995848188492004,2.299262355228056,0.10294561667436972,37.20431193175939,-5100.416298625642,7.0,1.0,0.7168937965584478,-5100.416298625642,5107.794758340187,-0.05656273169824999,0.745365877545737,3.0,0.0,0.5592341991082216,0.5592341991082216
1613,1,0.05792786140124767,0.05978667340224846,0.009656903645597785,1.3483179985538534,0.4192662476729225,7.242811069169743e-9,8.973466208203633e7,8.92895250739415e7,0.9699037610374648,0.5495587719778734,2.1799520761871354,0.1282132477230539,41.666447787312464,-5095.8399666128125,7.0,1.0,0.8866462313557655,-5095.8399666128125,5106.822198021789,-0.2842115067232953,0.5629077237772435,3.0,0.0,0.5592341991082216,0.5592341991082216
1614,1,0.05799648231517487,0.060048738134301435,0.00946033971929559,1.359946473057128,0.4358888687826125,7.169035301101505e-9,9.645312252533703e7,9.090317760499232e7,1.194606257949048,0.5065528861225049,2.080620011194016,0.11889949577365379,38.218662375159596,-5095.885785985983,7.0,1.0,0.8713160597918949,-5095.885785985983,5103.594228688321,0.04617768162916036,0.6166701992342496,3.0,0.0,0.5592341991082216,0.5592341991082216
1615,1,0.0582211297706231,0.05850898424001121,0.009378418185388641,1.3437000201138394,0.4297465703359549,7.1300407291012576e-9,9.025657856057648e7,8.437065927087095e7,1.0215354746703103,0.5043119330428499,2.0859642654410413,0.13188409257809228,36.94842264311327,-5096.057489495689,7.0,1.0,0.9789888748928226,-5096.057489495689,5100.336114565178,-0.0477659321450119,-0.3549412701249821,3.0,0.0,0.5592341991082216,0.5592341991082216
1616,1,0.05752697200331178,0.06360320673346082,0.00934083737059289,1.347183959361241,0.4301238271950311,7.163362094955921e-9,9.908381440772337e7,9.639829395303303e7,1.084602500384001,0.5551842153588433,2.099867442642202,0.11263840499844331,43.29327213661967,-5096.019580169338,7.0,1.0,0.9345579903290208,-5096.019580169338,5100.4888148250175,-0.19679310029459884,0.2688217172262739,3.0,0.0,0.5592341991082216,0.5592341991082216
1617,1,0.05781935322661088,0.06124910871665006,0.009357736668626288,1.34481451583614,0.4265186911056453,7.141846694332897e-9,1.0866333757539202e8,8.784027862437274e7,0.9861181420666252,0.5504614871055139,2.0565967828966643,0.10656743599891894,40.51286027266294,-5097.061869051057,7.0,1.0,0.925153226367721,-5097.061869051057,5100.633693129477,0.03385169032480917,0.14579906846756785,3.0,0.0,0.5592341991082216,0.5592341991082216
1618,1,0.05786880696009768,0.06061168171264949,0.009622989221850474,1.366941854716887,0.4181101552310443,7.218613645376952e-9,8.467822154336175e7,8.967161143174052e7,1.129988070594041,0.5166982418850024,2.2300253410521185,0.14507419909277566,39.35200920546345,-5097.799577838718,7.0,1.0,0.7396076359213767,-5097.799577838718,5106.053623377998,0.08572523005477706,0.5908692621151204,3.0,0.0,0.5592341991082216,0.5592341991082216
1619,1,0.05782640412426537,0.05934270915859553,0.009142876156851148,1.3365025148166263,0.4358783091790934,7.118775257134579e-9,1.0524294849205923e8,8.97494884175099e7,1.0442251423946258,0.5280949827771366,2.0164974600373267,0.10481583067325127,39.71095875828665,-5098.306255573264,7.0,1.0,0.7467670045688223,-5098.306255573264,5102.049325883515,0.19548149242928048,0.6739570058052777,3.0,0.0,0.5592341991082216,0.5592341991082216
1620,1,0.0580478577289348,0.06337030025014342,0.009778779639573312,1.3670474783755215,0.41908313640938155,7.284890600012762e-9,8.613931430560718e7,8.946971277746058e7,1.0687993110324006,0.529998273429984,2.2189676108963736,0.14618724107756853,40.699888375264976,-5101.931086662944,7.0,1.0,0.623716179325415,-5101.931086662944,5106.143305627212,0.5050921391448355,0.9185953998221521,3.0,0.0,0.5592341991082216,0.5592341991082216
1621,1,0.05791529808252937,0.05931781723492803,0.00945392834456027,1.3474332509507614,0.43097785923819526,7.154257675608295e-9,1.0558473180947024e8,9.583631245968673e7,1.072722504202822,0.5271251840435451,2.105040186344106,0.10940796189934203,38.744456988078795,-5095.544565070952,7.0,1.0,0.9165469828014201,-5095.544565070952,5107.626867607941,-0.6456650900936438,-0.893850411582207,3.0,0.0,0.5592341991082216,0.5592341991082216
1622,1,0.05806172781561384,0.055144481700907404,0.009454649602947944,1.3385147542327258,0.4286034456024639,7.174689593395783e-9,9.640713923595838e7,9.295791911399263e7,1.147033093324596,0.5795563632234185,2.048758391401579,0.10887558983657097,38.66580638742878,-5098.354380367107,7.0,1.0,0.9349900891685791,-5098.354380367107,5100.870935572253,0.3145755413406732,0.3145755413406732,3.0,0.0,0.5592341991082216,0.5592341991082216
1623,1,0.05792124217340287,0.058733442423003435,0.009496092179634555,1.3475247905503245,0.42685005234534806,7.122375525499841e-9,9.290763885691987e7,8.729145688925631e7,1.0915084578699168,0.5449443699741024,2.2957295545528043,0.11517204804283206,41.653007371045994,-5094.614308918979,7.0,1.0,0.600338368824979,-5094.614308918979,5102.41208510781,-0.34154762807520456,1.3553040294436869,3.0,0.0,0.5592341991082216,0.5592341991082216
1624,1,0.05787377480810878,0.060931572387056446,0.009326524292441605,1.3383261945071572,0.4255882294445831,7.113665624654191e-9,1.0596375569182941e8,9.176557329699801e7,1.0297429090282193,0.5660907791713164,2.5063671295419785,0.11173514562121399,36.68193653623278,-5099.299052167986,7.0,1.0,0.8368294425784654,-5099.299052167986,5102.239850457264,0.352042759051983,0.352042759051983,3.0,0.0,0.5592341991082216,0.5592341991082216
1625,1,0.05779237122616746,0.058695380939909614,0.009487022180234603,1.3699005417621102,0.42625926409582293,7.21611514214072e-9,9.247373294616283e7,8.888094494103013e7,0.9664512290465536,0.5386487676619033,1.7581969248487723,0.12547182252726008,35.08415302186938,-5099.745431529861,7.0,1.0,0.8163796973686858,-5099.745431529861,5110.420003225132,-0.05383775920017797,0.5455610321332642,3.0,0.0,0.5592341991082216,0.5592341991082216
1626,1,0.0580022889524696,0.058762240695944545,0.009497931430491813,1.3566055575700697,0.43361571873214816,7.1707955038467574e-9,8.206477472998798e7,9.290946681356859e7,1.0177456267159422,0.5453653344132964,1.734246261982502,0.12919002424288578,38.91683459293425,-5100.611959943903,7.0,1.0,0.9282404977786385,-5100.611959943903,5106.122824140797,0.1025604507422031,0.3477012902349088,3.0,0.0,0.5592341991082216,0.5592341991082216
1627,1,0.05798125589311762,0.055716950087567094,0.009476233269830246,1.3466434570051622,0.4284549593746527,7.189755856457214e-9,9.137133574783562e7,7.848470052961448e7,0.8915287372516768,0.6385383496821199,2.010138361282768,0.11429448257785843,39.42315569312523,-5104.091189637247,7.0,1.0,0.8408295009417837,-5104.091189637247,5112.816736819596,0.4720759978845308,0.4720759978845308,3.0,0.0,0.5592341991082216,0.5592341991082216
1628,1,0.05758464338645174,0.06163215813549513,0.009624683941035456,1.369192364429924,0.42028101035304166,7.158284595902068e-9,9.497997075874716e7,1.0298820988030571e8,1.3084698628460356,0.4539275232661341,2.197265797209128,0.13312467401764708,40.62115164493804,-5105.0605980429145,7.0,1.0,0.9059246606448568,-5105.0605980429145,5109.468479121826,0.25535647680862894,-0.6055366744449202,3.0,0.0,0.5592341991082216,0.5592341991082216
1629,1,0.058321659446029996,0.061027354504481254,0.009551074939707159,1.3589791171482657,0.42710467791053797,7.238766342332271e-9,9.264302696118039e7,8.664550366602509e7,1.0018994330484756,0.5531371226341094,1.9191590238498544,0.10855686763873995,38.16385943460749,-5100.377388354613,7.0,1.0,1.0,-5100.377388354613,5110.08706536258,-0.4066678359913567,-0.7425689600959231,3.0,0.0,0.5592341991082216,0.5592341991082216
1630,1,0.05737270706378243,0.06027488923277077,0.009427885707371037,1.3254161170363115,0.42843453953858224,7.185612738858305e-9,9.057851312386249e7,9.39477630313387e7,1.114725398899754,0.46640965885887203,2.4118325728287626,0.12163169907459968,47.03491674197246,-5102.930279303067,7.0,1.0,0.9323728644225853,-5102.930279303067,5109.132554721911,0.1265025907268864,-0.4777985122755126,3.0,0.0,0.5592341991082216,0.5592341991082216
1631,1,0.057845229887607943,0.06100991220176815,0.009498907040324321,1.3505144649424512,0.4318331448652974,7.17296825185913e-9,9.420174420961054e7,8.001312236534579e7,1.1090412855804328,0.5812434646818064,2.03048943523764,0.11106310579306955,35.98447379493654,-5097.627396470864,7.0,1.0,0.9369298101403964,-5097.627396470864,5112.23686666644,-0.7755417223270342,-0.7755417223270342,3.0,0.0,0.5592341991082216,0.5592341991082216
1632,1,0.05758228717514485,0.061517072846970396,0.009289331752980329,1.3695691651135746,0.42614247110800796,7.186399579552529e-9,9.189596175418544e7,9.017184172862709e7,1.0312432530727098,0.5473298797200118,2.2105066670829125,0.12179533334185545,38.955178601585075,-5095.127231307131,7.0,1.0,0.9970056822202139,-5095.127231307131,5100.162050578847,-0.24285398636038735,-0.26728691451899067,3.0,0.0,0.5592341991082216,0.5592341991082216
1633,1,0.057508409811980854,0.06042611103581419,0.009507421346806596,1.3491928033029033,0.4295905883549407,7.245813495949507e-9,1.0456170037159808e8,9.632938251995914e7,1.0177205820586503,0.4842566799084458,1.9175065246688785,0.11641171445435942,42.98924839324305,-5098.731360381668,7.0,1.0,0.9734406893306835,-5098.731360381668,5101.114573878845,0.07856753422220208,-0.5203566674772446,3.0,0.0,0.5592341991082216,0.5592341991082216
1634,1,0.05784739461787209,0.05819013497247372,0.009502499778910174,1.3552063393509008,0.4235820731420869,7.199328029901079e-9,1.0289283170970865e8,9.34286418930231e7,1.0292631305196724,0.4996754783869021,1.941591852467321,0.11029203190713927,44.42636462994177,-5097.349846650823,7.0,1.0,0.9589086306601569,-5097.349846650823,5104.981165372417,-0.3307336545376529,-0.3307336545376529,3.0,0.0,0.5592341991082216,0.5592341991082216
1635,1,0.05790261609768303,0.063329945388162,0.00923780690834208,1.3452101301075827,0.4382788387318746,7.1307941751416725e-9,8.651306247416708e7,8.744496935161406e7,1.0915471373368346,0.5705374504743903,2.315824177860378,0.1356240467710494,34.80574979316692,-5098.246846729936,7.0,1.0,0.986139480774348,-5098.246846729936,5099.952588821104,-0.05914966534874111,-0.27671075353100605,3.0,0.0,0.5592341991082216,0.5592341991082216
1636,1,0.057513412808585,0.061347011360173835,0.009386785892748321,1.3420756271866214,0.422928332811676,7.1817278097902735e-9,8.529155080105706e7,9.02925268456717e7,1.0061717394543426,0.550022887297848,2.2733634422618008,0.1365309230633012,41.287530799265944,-5097.36297693281,7.0,1.0,0.9205940153806227,-5097.36297693281,5104.321398007271,0.03997411851742072,0.22490474348796852,3.0,0.0,0.5592341991082216,0.5592341991082216
1637,1,0.05823309377522477,0.06107579933196802,0.009299600802895543,1.3551334330970113,0.43692732840583987,7.188289365647591e-9,1.10690775748755e8,8.786634907295345e7,1.095744716344197,0.5130529269312635,1.956653681604934,0.11408704183242643,37.552675708674606,-5100.426906792899,7.0,1.0,0.6820502914421127,-5100.426906792899,5106.302183079097,0.6426951424618892,0.6469006152974544,3.0,0.0,0.5592341991082216,0.5592341991082216
1638,1,0.05781920673977204,0.06278993037659035,0.009357258455314918,1.3315280334411626,0.4248174093783593,7.1736091971122436e-9,8.217305453601365e7,9.464122199301462e7,1.0106393809450955,0.5461662571354112,2.2332075783382,0.13027254836626034,42.64506566375227,-5097.527666934149,7.0,1.0,1.0,-5097.527666934149,5107.314708355681,-0.4694832361938097,-0.5046673282377014,3.0,0.0,0.5592341991082216,0.5592341991082216
1639,1,0.058086223418463,0.05856846309569498,0.009359143703526893,1.3468753943624452,0.43300142760871335,7.143172826443148e-9,1.0517294652646537e8,9.336877071825507e7,1.0879724902282275,0.5248166116195724,2.032038051513193,0.11697736962280009,36.367280817634935,-5095.76656015191,7.0,1.0,0.9968635365570415,-5095.76656015191,5099.589868495883,-0.307948705142735,-0.3838777956125341,3.0,0.0,0.5592341991082216,0.5592341991082216
1640,1,0.057887464636645375,0.062304453874989965,0.009533978059897114,1.3629109502992711,0.42192502857784975,7.200068673443592e-9,8.39961526342299e7,8.30757274132632e7,1.0145283064935946,0.535304112134273,2.1356276902706095,0.12235671926021398,42.402685258402734,-5096.077796676116,7.0,1.0,0.6732312253181245,-5096.077796676116,5101.807256749888,0.2166463318217211,0.6173900439380304,3.0,0.0,0.5592341991082216,0.5592341991082216
1641,1,0.057851956629791625,0.05418457814177621,0.009644565925036978,1.3544740204392354,0.42396189153118446,7.2356840025487705e-9,1.045352469268174e8,9.754767748506741e7,1.0744637450005878,0.5254194647832946,2.084245867205949,0.11058046519435755,38.61417687747844,-5097.862526018909,7.0,1.0,0.9278107656395578,-5097.862526018909,5101.896602822043,0.03936962467196281,0.2166349382196131,3.0,0.0,0.5592341991082216,0.5592341991082216
1642,1,0.05798745575753926,0.057693656907020455,0.009638367635107194,1.3621821395314715,0.42305589897545987,7.222895464862535e-9,9.136289083419417e7,9.502641119125645e7,1.0458919607023924,0.5651355302892086,2.05068766958822,0.11645883888641226,42.520578113548375,-5095.002253123335,7.0,1.0,0.6789826525433235,-5095.002253123335,5101.0950025885295,-0.1924063235937865,0.8839093248452627,3.0,0.0,0.5592341991082216,0.5592341991082216
1643,1,0.05785825207531406,0.06519499508663529,0.0091252262710854,1.328744423251742,0.4365929348524428,7.068472031617025e-9,1.0007747157642621e8,8.596083790583344e7,1.070859502323563,0.5232854769435266,2.3115990264272077,0.1310407667257183,38.11121139365018,-5096.398348698753,7.0,1.0,0.6375263751424018,-5096.398348698753,5105.66395840132,0.14812283791070513,0.7667619826152077,3.0,0.0,0.5592341991082216,0.5592341991082216
1644,1,0.05788006870538761,0.06047778785639194,0.009363601580714268,1.3425873822281693,0.43455882313908883,7.164327673529837e-9,8.684579376565543e7,9.037232002702466e7,1.0823464507966805,0.5310964456432286,1.9626417726242942,0.1126692451347924,41.43967852533013,-5094.833505021464,7.0,1.0,0.9778477454273785,-5094.833505021464,5098.797774966065,-0.0077206585638123215,-0.09507452096022462,3.0,0.0,0.5592341991082216,0.5592341991082216
1645,1,0.05759041871656936,0.06535144644218939,0.009396292519135117,1.3461223336837682,0.425025930179837,7.1236794370215504e-9,1.0444593201420878e8,9.112831149806197e7,1.0162178200530971,0.5454517458841284,2.27825476297125,0.13223895974585206,38.647184410573594,-5097.651692806508,7.0,1.0,0.6075502714650096,-5097.651692806508,5104.634848032752,0.5508711747916095,0.9460216654597389,3.0,0.0,0.5592341991082216,0.5592341991082216
1646,1,0.05814910477041476,0.0582770684466359,0.009407096295554182,1.338390318653519,0.4386549646423019,7.138925354713083e-9,1.0478570393574396e8,9.653977662816781e7,1.1664642846802291,0.49968286398339384,2.0666056521366714,0.12029772018575062,39.76053315445876,-5098.454097715551,7.0,1.0,0.9861569838230447,-5098.454097715551,5103.132858478082,0.005213697087128821,-0.4082076375352699,3.0,0.0,0.5592341991082216,0.5592341991082216
1647,1,0.05786534267422638,0.06000808209553716,0.00945887602439099,1.3452105691617566,0.41918627923106805,7.143740975584755e-9,8.9906354918774e7,9.28805881723625e7,1.1303567135381263,0.5130088384784989,2.3764266241245466,0.13488463717697485,39.539768497649234,-5096.657054960589,7.0,1.0,1.0,-5096.657054960589,5102.0327337739,-0.23934129759618372,-0.2849563363160996,3.0,0.0,0.5592341991082216,0.5592341991082216
1648,1,0.057681903740629835,0.0603653272188488,0.009303864452547148,1.3313231688169627,0.4307674373407412,7.109880493873247e-9,8.955418140992838e7,9.057893011260249e7,1.0827367251100193,0.45248303598617334,2.2020991008896615,0.13295703799616074,40.75936625468984,-5097.96516788562,7.0,1.0,0.9040393805878656,-5097.96516788562,5102.608415379898,0.15777266018631053,0.2656129961160332,3.0,0.0,0.5592341991082216,0.5592341991082216
1649,1,0.057915584484743564,0.061219179992614545,0.009373923000075297,1.3721164303138607,0.4335491416291655,7.192807290764185e-9,1.0732948046554409e8,9.74211600580668e7,1.0303287263070844,0.5874977844298543,2.1236407288336214,0.1118620244650609,40.23547750777255,-5098.054775034336,7.0,1.0,0.9954842517422643,-5098.054775034336,5102.186224999053,-0.05096285836498282,-0.37226937526702386,3.0,0.0,0.5592341991082216,0.5592341991082216
1650,1,0.05775496969449139,0.059855111552577306,0.009554694435324435,1.3138509997261685,0.4160406993501482,7.1890559828291735e-9,8.76396948153367e7,9.01024408169066e7,1.0745655745169904,0.5146299811239766,2.3208377799843967,0.13506652931307273,38.90295772594505,-5099.292127806417,7.0,1.0,0.9066581743827314,-5099.292127806417,5104.2081391835745,0.10706687837591744,0.19614853910479724,3.0,0.0,0.5592341991082216,0.5592341991082216
1651,1,0.05768197156072328,0.061426213859689695,0.009373617237844249,1.305553274572324,0.42269224717632836,7.107781170984428e-9,9.2066990600747e7,8.862435408824407e7,1.0651979081022591,0.5662922024591223,2.2081510037426986,0.13062989774528128,39.178954178778895,-5098.851353090771,7.0,1.0,0.8678479029492919,-5098.851353090771,5104.617078975129,0.17387787572533853,0.45862851492529444,3.0,0.0,0.5592341991082216,0.5592341991082216
1652,1,0.05761778240580863,0.06282190846976529,0.00939274501259554,1.3240718766715736,0.42552962157416385,7.143844073820809e-9,8.989478043806338e7,8.274429203272355e7,1.1362912450319875,0.5813737618253125,2.227926061823111,0.12946971844142022,41.3024283564662,-5097.6856774865,7.0,1.0,0.8396217048342486,-5097.6856774865,5105.106786545142,-0.12542531168492133,1.7668906539465752,3.0,0.0,0.5592341991082216,0.5592341991082216
1653,1,0.057968892188803856,0.0575754893691149,0.009678130958132695,1.3852440226036686,0.4305704535293915,7.2354281276961476e-9,9.797601455673836e7,9.615485079429914e7,0.9824383667930355,0.4861766937003564,2.0498744935368394,0.11418434623159765,40.47523195648765,-5099.676898707305,7.0,1.0,0.8714350471158118,-5099.676898707305,5104.073422748661,0.3723016929143341,0.37238858465661906,3.0,0.0,0.5592341991082216,0.5592341991082216
1654,1,0.05765493372837891,0.06219280067542033,0.009416044949111978,1.3285729474217098,0.42161848653982825,7.148051765349795e-9,9.000375285921498e7,8.436882123825958e7,1.1280950839666932,0.5419110522270576,1.9412649537988225,0.13133947770025353,39.56437064414357,-5097.152164033185,7.0,1.0,0.7705984145657074,-5097.152164033185,5104.0801150717,-0.23598225285240915,0.6114772907321822,3.0,0.0,0.5592341991082216,0.5592341991082216
1655,1,0.057588986163954865,0.06197261811901684,0.009311635836430323,1.3353619324345287,0.4244459721700578,7.197612775453923e-9,9.161100248782422e7,8.865041241096386e7,1.1707054094339406,0.5550986653801341,1.9340359620585184,0.14300437366543528,39.17787064359055,-5098.608019003107,7.0,1.0,0.874283802183438,-5098.608019003107,5103.557235782705,0.16499235962874081,0.31846231254166923,3.0,0.0,0.5592341991082216,0.5592341991082216
1656,1,0.05765500664225714,0.06002528110289059,0.00939062238390308,1.3350188685266466,0.4259973154974407,7.196595682228436e-9,9.671256478179422e7,9.162750268870346e7,1.2154909207043656,0.5409364094584058,1.9776322656227305,0.1350826856802778,39.392648738556176,-5096.63107313844,7.0,1.0,1.0,-5096.63107313844,5101.8429680562485,-0.2755090340788229,-0.6029946404814837,3.0,0.0,0.5592341991082216,0.5592341991082216
1657,1,0.05795115466182891,0.0606844997084649,0.009473820893572644,1.3783750433616306,0.42973421439205783,7.201155700280573e-9,8.511507388263516e7,8.761367810609247e7,1.040853606144223,0.5394933190056476,2.2555795978452466,0.13068900096393843,40.27224578340273,-5095.770093670341,7.0,1.0,0.9604822661271479,-5095.770093670341,5099.757640575169,-0.0654143087713237,0.20083526226881077,3.0,0.0,0.5592341991082216,0.5592341991082216
1658,1,0.057460661605872425,0.05965088088211743,0.00936299444214302,1.3691203513654746,0.43113425832858643,7.1955010377672215e-9,1.018508525377879e8,8.196852290643956e7,1.0475678638085928,0.4736511597433103,2.0380587050040075,0.11168677921318942,43.427656582057836,-5098.676207900355,7.0,1.0,0.8632688535544294,-5098.676207900355,5102.632459609072,0.24114491986438225,0.24744455133986776,3.0,0.0,0.5592341991082216,0.5592341991082216
1659,1,0.0578549846600076,0.06050405025793536,0.009654574913292815,1.3589431528088622,0.4265358513723553,7.241294245447446e-9,9.587544198513745e7,9.115348888177073e7,1.1074490343212668,0.5769525608323738,2.0994433023486385,0.14096083904699172,37.9458308189581,-5096.625958078681,7.0,1.0,0.783033943905702,-5096.625958078681,5104.673472747092,0.05186209040948597,0.7379221561568556,3.0,0.0,0.5592341991082216,0.5592341991082216
1660,1,0.057776746405138454,0.05947489542610612,0.009508843522250652,1.3640617831784831,0.4270356736882591,7.230878020967041e-9,9.553230624721287e7,9.335565657846935e7,1.1520262001828858,0.5496404579424042,2.0097551531138946,0.1329656452748198,40.733880989201275,-5094.705191941374,7.0,1.0,0.9336579325568989,-5094.705191941374,5101.103056030649,-0.2810943889535338,-0.2810943889535338,3.0,0.0,0.5592341991082216,0.5592341991082216
1661,1,0.05751351468632958,0.06288568128234735,0.009535941387951566,1.3410084657847892,0.4257467562144256,7.240839992902882e-9,9.002546434303564e7,8.475339761010286e7,1.2717542009440137,0.5891260399223024,2.0705754555251503,0.11930515664540592,40.8505843301784,-5100.064254701119,7.0,1.0,0.4251893478262031,-5100.064254701119,5104.003890982425,0.5459242486813309,1.6214876697322325,3.0,0.0,0.5592341991082216,0.5592341991082216
1662,1,0.05780818711319176,0.05686961386637944,0.009572535291608786,1.3948014485181648,0.4261992511737555,7.179503493755949e-9,9.775300303414358e7,9.601715589749195e7,0.9559521221288949,0.4979765728932158,2.345084422701884,0.1262208600682172,36.53798544534165,-5099.96105175871,7.0,1.0,0.9515212523715064,-5099.96105175871,5104.610233911348,-0.15508850378591887,0.37620363676160196,3.0,0.0,0.5592341991082216,0.5592341991082216
1663,1,0.05782740479643771,0.061163140890818306,0.009544787577101005,1.3564037782480167,0.42227853446363334,7.18458203060581e-9,9.089452993234439e7,9.928102766360977e7,1.0807960646690045,0.5024913291773337,2.071755398564212,0.12461900206097731,43.8447077872254,-5095.329223757828,7.0,1.0,0.991633556363899,-5095.329223757828,5102.9151962978285,-0.4173467510518094,-0.4173467510518094,3.0,0.0,0.5592341991082216,0.5592341991082216
1664,1,0.05783663609617177,0.06506763004228634,0.009076735086775613,1.3416345014089928,0.4342280322463843,7.064019165024445e-9,1.0041060340914348e8,8.170651611617216e7,1.0189081766125352,0.5487785490583018,2.2614172508805814,0.12192941340077111,35.71658396989791,-5097.9729961482435,7.0,1.0,0.7752959368115512,-5097.9729961482435,5104.210350521831,0.11049045620075049,0.45334553653628973,3.0,0.0,0.5592341991082216,0.5592341991082216
1665,1,0.057853885860629485,0.06623960737349198,0.009237130785422588,1.3492484042791626,0.44097066125124673,7.198804426295594e-9,8.914584983307971e7,8.374390097712447e7,1.0461860561845948,0.5531391556482972,2.2574978786527926,0.12593262768823552,38.10008185224227,-5097.487115034833,7.0,1.0,0.7648883567375161,-5097.487115034833,5102.49160390936,-0.14227591644521453,0.6878012936958839,3.0,0.0,0.5592341991082216,0.5592341991082216
1666,1,0.05772404355204549,0.05876050597415848,0.00941021952044406,1.3273698038050499,0.4298287326933429,7.0826194406910516e-9,1.0249367214817506e8,9.654010204534876e7,1.0529210862953802,0.5082488434382423,2.1864519354986456,0.11943557825140545,40.5878787977519,-5097.777117201797,7.0,1.0,0.6091372087586727,-5097.777117201797,5103.8801238075,0.7856828020449029,1.0706629678088575,3.0,0.0,0.5592341991082216,0.5592341991082216
1667,1,0.057626054057933536,0.057424837922001024,0.009317939291086288,1.3354065387070475,0.42705476936075243,7.081465513092117e-9,1.0576271140490441e8,9.568966366366924e7,1.0388777219809855,0.5408768639524983,2.376052458626709,0.12365599223165095,41.255521416228646,-5099.641686442247,7.0,1.0,0.9585715790030195,-5099.641686442247,5104.6637764827565,-0.1683795902199563,-0.8050873811698693,3.0,0.0,0.5592341991082216,0.5592341991082216
1668,1,0.057950104798679784,0.06331644252700376,0.009551056071642229,1.3506401600600388,0.4279110344884506,7.303091819133893e-9,8.248138027373743e7,9.168740096390942e7,1.101208974506411,0.5163739450616112,1.9361185866352093,0.12345866507304154,38.79884191089615,-5100.484920454915,7.0,1.0,0.8151803779278282,-5100.484920454915,5111.050962002658,-0.0013243689445516793,0.7891930997075178,3.0,0.0,0.5592341991082216,0.5592341991082216
1669,1,0.05768647308664489,0.06118997231021653,0.009227045588182214,1.375017694191981,0.42731423305586225,7.097394442849665e-9,9.765628436365415e7,9.147683767197916e7,1.0858700769358147,0.4550376226163484,2.128508273829037,0.11750505413987197,36.50289265119215,-5100.316644420289,7.0,1.0,1.0,-5100.316644420289,5106.9481692799745,-0.1134807962589548,-0.47295043346093735,3.0,0.0,0.5592341991082216,0.5592341991082216
1670,1,0.057646650968107595,0.06216536545049647,0.00944460663430528,1.3608662954639732,0.42459119673141976,7.140873736669238e-9,9.510045780163586e7,8.723738495433608e7,1.0779664399377662,0.5344513288458604,2.27321160211456,0.1178291335013418,39.82330303128546,-5094.370356508589,7.0,1.0,0.9188558528893537,-5094.370356508589,5102.8574982976725,-0.7381337189444821,-0.7381337189444821,2.0,0.0,0.5592341991082216,0.5592341991082216
1671,1,0.05808603724745704,0.058859179385834716,0.009462788160173204,1.3446210728244787,0.4351424905019953,7.170712218422773e-9,8.859471057601485e7,9.219290053142972e7,1.0725134830890872,0.5020055748144125,1.9460799229301644,0.11863949317753343,37.46627128835754,-5095.675916266549,7.0,1.0,0.8549342616759825,-5095.675916266549,5098.982489925518,0.0817002876474362,0.4805574639894985,3.0,0.0,0.5592341991082216,0.5592341991082216
1672,1,0.05741469478294591,0.058865625743335516,0.009608447480054252,1.3676185578283546,0.42751850817138465,7.207988084386572e-9,1.0196351232024848e8,8.343757180883826e7,1.0100556979657058,0.5129683466794831,1.9967857546139078,0.1301423559330086,49.290757568408075,-5102.649657318994,7.0,1.0,0.4614121710971513,-5102.649657318994,5107.992649857226,1.0653647463568632,1.5948534937333534,3.0,0.0,0.5592341991082216,0.5592341991082216
1673,1,0.057740220693603406,0.0607056997050824,0.009495660205192661,1.3594872450016335,0.4255847095455765,7.209339742220384e-9,9.065666113938397e7,9.004571984679914e7,1.0713845862193816,0.5388245145550308,1.996174266924629,0.1121258224465121,34.92020985374135,-5095.2862357826025,7.0,1.0,0.9429190324855288,-5095.2862357826025,5104.058047266974,-1.5655999951477497,-1.5655999951477497,3.0,0.0,0.5592341991082216,0.5592341991082216
1674,1,0.05808525767180487,0.05765731805311435,0.009409890288590489,1.3386939001374416,0.4272634249167082,7.212601039281018e-9,9.570095463215472e7,8.527841269260308e7,1.1287704210974128,0.4834304936102234,2.113510530748267,0.1270969654169333,46.01210075763963,-5098.956106627874,7.0,1.0,0.4499658602323124,-5098.956106627874,5101.919727700092,1.1256238680352908,1.435937763986658,3.0,0.0,0.5592341991082216,0.5592341991082216
1675,1,0.05789240811384774,0.06257601152641938,0.00931232137577534,1.3613846038604722,0.4269650033349024,7.15973932978704e-9,9.048150128048871e7,9.414322581819956e7,1.0038421489200584,0.5966188179343231,2.010701807682762,0.11744635961906914,34.89921621322359,-5097.602729421765,7.0,1.0,1.0,-5097.602729421765,5103.412347978438,-0.5477089586474904,-0.6907157808809643,3.0,0.0,0.5592341991082216,0.5592341991082216
1676,1,0.05771289219385361,0.058859164948199046,0.009496274042886943,1.317655400830293,0.4286318784080455,7.174923611266575e-9,8.745645324851753e7,8.194657650455076e7,1.070145173470582,0.590608050129927,1.9394432891758069,0.11441003640562457,38.28195144064646,-5099.92381279598,7.0,1.0,0.9657396145464853,-5099.92381279598,5104.673101175207,0.16848590815880016,-0.5523018476760626,3.0,0.0,0.5592341991082216,0.5592341991082216
1677,1,0.057872648093171275,0.06027315182330797,0.009622182624325602,1.3838455610182816,0.42775372294779623,7.187538334321727e-9,9.701676452106428e7,1.0133752646808678e8,1.028081805239838,0.5274746823983721,2.2381375025697707,0.13405993748183098,38.34470989651249,-5097.855788490561,7.0,1.0,0.9342367561171557,-5097.855788490561,5104.820212759412,-0.15571666173400445,0.41507153280781495,3.0,0.0,0.5592341991082216,0.5592341991082216
1678,1,0.057620216695213985,0.05929249018869813,0.009538077477701624,1.3546903687171956,0.42661387646852184,7.168404258301313e-9,9.502044882807663e7,8.112556406334369e7,1.1342393068932386,0.5305583559407865,2.0256531499670305,0.12578922755827,37.25440660798947,-5095.670259920386,7.0,1.0,0.8979341960035268,-5095.670259920386,5104.868641207488,-0.24718156045400974,0.5153100337920478,3.0,0.0,0.5592341991082216,0.5592341991082216
1679,1,0.05780047419336112,0.058081796996226794,0.009503701737603877,1.3470921310782977,0.42487294734710845,7.144093797037637e-9,9.080057956037045e7,9.708739805326392e7,1.0221514195429218,0.5308206937643267,2.2259784670936478,0.12023346998560838,41.72614252513627,-5094.5841703004835,7.0,1.0,0.8123824281333241,-5094.5841703004835,5101.924874553337,-0.32015226391649776,0.6830308458847867,3.0,0.0,0.5592341991082216,0.5592341991082216
1680,1,0.05774176963546493,0.06360811257656099,0.009018034174787942,1.3428961659201806,0.4336258966839773,7.076419780439359e-9,1.0143671524289183e8,9.000830292618147e7,1.0987520138386042,0.5367060022817753,2.0157309802623864,0.13068854803019372,37.2680332981688,-5097.36184134864,7.0,1.0,0.5005641440348307,-5097.36184134864,5103.991568097769,0.4857788133358554,1.3691695049064947,3.0,0.0,0.5592341991082216,0.5592341991082216
1681,1,0.05773309534918522,0.05706104911641292,0.009646589024154665,1.334931045771371,0.42152683145902997,7.199742063074284e-9,8.869566839657213e7,9.580099843658133e7,1.0417118205713556,0.4624599661033994,2.169944783003522,0.11783754705568314,43.026476311573546,-5098.634437009235,7.0,1.0,0.948215242885804,-5098.634437009235,5103.947252262764,0.06282274632758345,-0.2592059640628577,3.0,0.0,0.5592341991082216,0.5592341991082216
1682,1,0.05807144966710881,0.06057223406609121,0.009657284116302366,1.3845282900929563,0.4233014282859174,7.205521429645159e-9,9.23088732522531e7,8.464871842342816e7,1.0678783159264584,0.57806290013271,1.9623727724797744,0.13101401723625491,37.55452692346066,-5097.880306230758,7.0,1.0,0.8807785636950873,-5097.880306230758,5104.288972704545,-0.1702775351177479,0.45220468265688396,3.0,0.0,0.5592341991082216,0.5592341991082216
1683,1,0.05779513761431275,0.05920796137244319,0.009557999154180558,1.3698888039044554,0.4187820753039036,7.179294485075992e-9,9.555833995116103e7,8.357573608592092e7,1.056395186082813,0.5108272175454945,2.0245516841057687,0.12620881254925054,41.275635229467525,-5094.785466035771,7.0,1.0,0.9270435844227434,-5094.785466035771,5099.973658931329,-0.2501637338373257,0.28676879937574995,3.0,0.0,0.5592341991082216,0.5592341991082216
1684,1,0.057927904375351585,0.05695760597651377,0.009643534745984141,1.3526746992392922,0.4240332456760003,7.239149527982388e-9,9.945192952669117e7,8.918459811683385e7,1.0357760544684462,0.5371761848309293,2.2447124525953206,0.1255009207640951,36.98277613997467,-5094.897776733424,7.0,1.0,0.9407325496906482,-5094.897776733424,5098.700412567543,-0.004590192616888089,0.18359339295147947,3.0,0.0,0.5592341991082216,0.5592341991082216
1685,1,0.057899388367116014,0.06205726869005638,0.009429326389736238,1.3659455704286707,0.4258188010616014,7.167922761187543e-9,8.852310430804987e7,9.214363349264364e7,1.079511793764528,0.5506129772002142,2.0427923254468956,0.12920161191218663,39.15032334074304,-5093.892596465314,7.0,1.0,0.752552072626769,-5093.892596465314,5100.5100461215425,0.0165337234202525,0.6178012842929093,3.0,0.0,0.5592341991082216,0.5592341991082216
1686,1,0.05793411095152964,0.06128952965599271,0.009517226210367241,1.3455253211617055,0.42883943492442433,7.193307386807546e-9,9.219166455696005e7,9.209237584852418e7,1.0464321257005604,0.4882221818646694,1.9734679265660222,0.11559691277860498,38.78009194548098,-5094.324950280415,7.0,1.0,0.8941046566032652,-5094.324950280415,5096.948536101735,0.058509291609880165,0.23689909484346572,3.0,0.0,0.5592341991082216,0.5592341991082216
1687,1,0.05790330706994586,0.05953445952929603,0.00927025346509833,1.3669343085098438,0.43446573620817214,7.141846380320916e-9,9.826342174948445e7,8.61674462398663e7,1.0497998498783578,0.5675191991731777,2.2984914894728568,0.13287735017195149,39.37325449933058,-5096.040371241554,7.0,1.0,0.9059200446433201,-5096.040371241554,5099.416096532792,0.17742139539859636,0.36833667873270315,3.0,0.0,0.5592341991082216,0.5592341991082216
1688,1,0.05802193875350832,0.06564077034878607,0.009338980858095133,1.3368330294302158,0.42814401181760303,7.125897070222533e-9,8.651117424123818e7,9.579648765747328e7,1.028546669419647,0.4797953357159808,2.0574594850534185,0.11508218939916795,38.573821440815905,-5096.58467260319,7.0,1.0,0.9251549184581095,-5096.58467260319,5099.976838908771,-0.09348275320371613,0.23567834271852917,3.0,0.0,0.5592341991082216,0.5592341991082216
1689,1,0.05744411250320451,0.06050557275318782,0.009347074310914073,1.3515270332879146,0.4251242970562105,7.161891978846473e-9,1.0323354700176969e8,9.112364757138953e7,1.1259145017340277,0.5834473828332488,2.18187431622645,0.13270906023157353,43.19675767905626,-5097.582836012129,7.0,1.0,0.7496168404097325,-5097.582836012129,5103.655045427653,0.21728590623843047,0.41414670312860835,3.0,0.0,0.5592341991082216,0.5592341991082216
1690,1,0.058163718278198856,0.06496972130828757,0.009210360377508876,1.331583584026064,0.4425089453627229,7.105302343486653e-9,9.262579106464002e7,8.83820761732528e7,1.0160868682134478,0.4833985058418762,2.0834362847726786,0.1136740741731351,37.22009502004605,-5098.384096973283,7.0,1.0,0.8010489252096384,-5098.384096973283,5102.46457168576,-0.021858105568753672,0.6974593953318617,3.0,0.0,0.5592341991082216,0.5592341991082216
1691,1,0.057644091432332546,0.06518734604032557,0.009130799037831136,1.329151450134834,0.43461549976922575,7.037558234929704e-9,9.55347647019428e7,9.15852819097342e7,1.066876031127391,0.6146987812035601,1.9813320540937434,0.12449716836998002,40.590582905338195,-5099.347257139624,7.0,1.0,0.9696556826932147,-5099.347257139624,5103.969117848608,0.14048403977540147,-0.38228956622970145,3.0,0.0,0.5592341991082216,0.5592341991082216
1692,1,0.05780161301273559,0.058404253602316755,0.009615670671366823,1.361300326812044,0.42312012686147693,7.211767597012259e-9,9.210830946125527e7,8.817319615382951e7,1.0363401945018795,0.4725000239651969,2.2543836389606935,0.12094822410803553,38.65825566948703,-5094.790375413615,7.0,1.0,0.95528781157838,-5094.790375413615,5101.199276120721,-0.7585062180060049,-0.7585062180060049,3.0,0.0,0.5592341991082216,0.5592341991082216
1693,1,0.057950191610660486,0.059365705668792144,0.009526994387476999,1.3937165476895303,0.41963905184685263,7.138260663769417e-9,9.667034459976426e7,8.183238562447219e7,1.0014424218880622,0.47926384869396904,2.1919180272465173,0.1318924193919954,37.275589179789165,-5100.152054826556,7.0,1.0,0.6371506038444364,-5100.152054826556,5102.677459699026,0.497458040960737,0.7360644943828447,3.0,0.0,0.5592341991082216,0.5592341991082216
1694,1,0.05793793764383228,0.061556866957986046,0.009583369189931006,1.3613032121414723,0.42770767113515407,7.187974632086855e-9,9.054226471740647e7,8.322296927089646e7,1.125974043573445,0.593785770554388,2.213078962289862,0.12069696360227224,35.44677773720975,-5097.304226378257,7.0,1.0,0.9086685130083463,-5097.304226378257,5105.933064130572,0.007200049808488984,0.4698383855957218,3.0,0.0,0.5592341991082216,0.5592341991082216
1695,1,0.05775837763276167,0.06054465131682176,0.009466009162855477,1.38299923227931,0.42753340805477746,7.20040560278205e-9,1.0793174642098801e8,8.968628799581243e7,1.0216437851503082,0.5093733279340573,2.013867440942611,0.11197070209032961,43.79792680076478,-5098.097369485798,7.0,1.0,0.9334774879935781,-5098.097369485798,5103.431670743279,-0.34688485282094916,-0.34688485282094916,3.0,0.0,0.5592341991082216,0.5592341991082216
1696,1,0.0577720412253721,0.06042243526278631,0.009304575076221226,1.3465205789763566,0.4314964914533312,7.163314405812772e-9,9.078707193574256e7,9.692095910396285e7,0.9798328093255256,0.5301442304893177,2.2372044720913378,0.13550836030177227,36.466341795122815,-5095.620215139759,7.0,1.0,0.6160796664921326,-5095.620215139759,5106.784317739268,0.07908161827253934,0.853056645284596,3.0,0.0,0.5592341991082216,0.5592341991082216
1697,1,0.05808691800397971,0.06130661120726988,0.009279771494818727,1.3341468984629452,0.4310996248762798,7.131006292416257e-9,9.584260563808037e7,8.874921903480041e7,1.0818927977982378,0.5265881460918516,1.9523855845288336,0.11702943807549392,43.4155238547066,-5095.170538757148,7.0,1.0,0.7897883448707409,-5095.170538757148,5101.090985705382,-0.07216001358938229,0.49456557536996115,3.0,0.0,0.5592341991082216,0.5592341991082216
1698,1,0.05760750130624899,0.060454692201166664,0.009545280838854243,1.3651987977900413,0.42892523058013216,7.192142492208694e-9,9.403145003484291e7,9.047286035294095e7,1.0249736835239636,0.5559163772654413,2.298986808379367,0.12784234942755535,36.40735449076294,-5095.99309369367,7.0,1.0,0.48844943913833294,-5095.99309369367,5099.90277599429,0.42342994612226903,1.3478087177036286,3.0,0.0,0.5592341991082216,0.5592341991082216
1699,1,0.058109930561751844,0.06322465240474708,0.009340973696552447,1.3220425045780346,0.43153387018875367,7.087587549052009e-9,9.43549389522352e7,9.328892621344681e7,1.0979027369619443,0.5122233880140995,2.0314547051675227,0.11443678078912208,42.76214536766346,-5096.129991033268,7.0,1.0,0.8934618882967451,-5096.129991033268,5102.8671291312185,-0.3408977600729486,-0.46502003459499974,3.0,0.0,0.5592341991082216,0.5592341991082216
1700,1,0.0582566602810042,0.058838519890031214,0.009342904096725752,1.3164347971417956,0.42505319151254295,7.02922210935393e-9,9.59659697415373e7,9.448370003541614e7,1.074317294649799,0.5261365007905896,2.147703620146741,0.10730887435612832,48.297432975837744,-5104.218747989871,7.0,1.0,0.7222465159862068,-5104.218747989871,5106.182031578151,0.6770477851296164,0.70836066501397,3.0,0.0,0.5592341991082216,0.5592341991082216
1701,1,0.05805837214026462,0.060866819977664674,0.00935424087845902,1.3205903838677389,0.4321486363361499,7.0222835206669076e-9,9.534665912142825e7,9.040828163072187e7,1.027606719260458,0.5057687367727758,2.1703243354048,0.11768656359708882,41.74790793080541,-5098.109044960938,7.0,1.0,0.8566382270597132,-5098.109044960938,5113.220918212264,-0.2932974605309937,0.6726139668271571,3.0,0.0,0.5592341991082216,0.5592341991082216
1702,1,0.057548086729334424,0.06287666555849217,0.009513606426445703,1.3744953966460896,0.4324397252716669,7.317023341011234e-9,9.613806619174662e7,8.838313194455817e7,1.0798097522377148,0.5729741613463406,2.136949452610625,0.12955789317639488,38.99982000895984,-5098.942867367346,7.0,1.0,0.9890964248715539,-5098.942867367346,5103.596036997756,-0.13942069812765112,-0.5182623306054666,3.0,0.0,0.5592341991082216,0.5592341991082216
1703,1,0.05810713537059556,0.058095070392726454,0.009547073504505663,1.3656413548826696,0.42289386876463003,7.115425504158324e-9,9.510984111958036e7,8.549962596613364e7,1.0028564561511997,0.4691061599561056,2.1544863251033934,0.13507413416211878,39.332841988599235,-5097.316027685255,7.0,1.0,0.4358193497108149,-5097.316027685255,5111.256596064779,-0.05538049947426771,2.1689013402592536,3.0,0.0,0.5592341991082216,0.5592341991082216
1704,1,0.05787863696686453,0.057967985824895665,0.009616490364946915,1.3507844483410691,0.42210066957435866,7.221530089038017e-9,9.651780431689051e7,9.424054874218696e7,1.0827742458707752,0.585587992480416,2.022367715787573,0.10913361138581885,37.36308898733963,-5096.342677677435,7.0,1.0,0.6748069318483365,-5096.342677677435,5106.38610985989,-0.3720926447740567,0.6638763218588792,3.0,0.0,0.5592341991082216,0.5592341991082216
1705,1,0.057851067288167995,0.05907811861168454,0.009484258395576654,1.3490235721330772,0.4307690051085999,7.2190564958526775e-9,8.314103815012392e7,9.863937911747174e7,1.028777073401504,0.6504209959353355,2.004052896752856,0.11715612341365289,40.53027410534709,-5099.804485804828,7.0,1.0,0.5090275606402243,-5099.804485804828,5104.598042996474,0.3459276153434985,1.2621407368733344,3.0,0.0,0.5592341991082216,0.5592341991082216
1706,1,0.05771315386301325,0.06463996659725366,0.009181589925970336,1.3449522277247064,0.43310412754789535,7.093210135624051e-9,1.0579287488344797e8,8.568076639220499e7,1.0480168847835347,0.47513963893603606,2.050604414253243,0.11311232357027537,35.7696889157984,-5098.210014317324,7.0,1.0,0.9862575310948619,-5098.210014317324,5106.112702960286,-0.18297696625631943,-0.18297696625631943,3.0,0.0,0.5592341991082216,0.5592341991082216
1707,1,0.05796147356676762,0.05986531715517802,0.009502818715854476,1.3383729624385388,0.4313943282909207,7.193926877845728e-9,9.557725245972328e7,9.535586308313434e7,1.0849311911140074,0.591544220920314,1.9617918927499647,0.1300690619919832,46.46818390787737,-5098.214653652037,7.0,1.0,0.8114640980491034,-5098.214653652037,5104.005995677869,0.22131930284376722,0.4036911016801241,3.0,0.0,0.5592341991082216,0.5592341991082216
1708,1,0.05779862894330469,0.05912332849233171,0.009380489983696321,1.3698576690212512,0.4248129480981713,7.15215805294055e-9,9.061061806483994e7,8.497354274795526e7,1.076282274163859,0.5119186812188526,2.2090514340707363,0.11768863499420813,34.953423383434775,-5096.42138836344,7.0,1.0,0.6092353704086422,-5096.42138836344,5107.9580188946275,-0.39194063927061507,0.9587387616384149,3.0,0.0,0.5592341991082216,0.5592341991082216
1709,1,0.05815428410986859,0.06346314401935614,0.009425081590800122,1.3408863181057953,0.42781374038195835,7.3101689223311525e-9,9.930695912898864e7,9.82914340170188e7,1.040006797947185,0.5487645152076338,2.0110223423057283,0.13691251227981785,45.50064468655531,-5104.3400404279455,7.0,1.0,0.321836295147611,-5104.3400404279455,5108.187367804679,1.7315058702270107,1.8666683744913826,3.0,0.0,0.5592341991082216,0.5592341991082216
1710,1,0.057955693408757766,0.05896670083162225,0.00948404274065276,1.3502054452589698,0.4381763896812738,7.246099073622524e-9,1.073930539763978e8,9.418207083416691e7,0.9904422573351372,0.5269838730022534,2.1100077278614298,0.12617667021390114,46.318571575920274,-5100.45798891588,7.0,1.0,0.9140376008460647,-5100.45798891588,5109.34854065764,-0.9209648139531055,-1.1510724051031502,3.0,0.0,0.5592341991082216,0.5592341991082216
1711,1,0.05792014848579566,0.06551875807105002,0.00925564967884206,1.3381944449641792,0.4287213645600255,7.1078173833363626e-9,8.35161190658855e7,8.492004763847989e7,1.111237026910048,0.5313995984262904,2.0865176232470093,0.11882562542722275,34.20791389842375,-5098.550626396279,7.0,1.0,0.9663652955136836,-5098.550626396279,5104.069050048252,-0.645115435486332,-0.6680936180528079,3.0,0.0,0.5592341991082216,0.5592341991082216
1712,1,0.05783868052725993,0.06052651939645463,0.009239019288585698,1.3243639793686481,0.4361622453423782,7.14119109005026e-9,1.0356524090242809e8,9.279981358073911e7,1.0174152794039526,0.5218652946936218,2.3369182317697614,0.11837697753679652,43.46706742384209,-5096.687609960334,7.0,1.0,0.4495065833328429,-5096.687609960334,5104.832690609505,0.2174894421987119,2.764095103764703,3.0,0.0,0.5592341991082216,0.5592341991082216
1713,1,0.057823591919496035,0.06252609053060033,0.00947065803685537,1.3799729290584457,0.42128221317275294,7.176543950178312e-9,8.596663904600026e7,9.355333958663435e7,1.1191358781429563,0.537558554649226,1.9800871962270095,0.12936555872981317,35.50593827171771,-5098.346051191928,7.0,1.0,0.6062820591663345,-5098.346051191928,5105.304088919526,0.425853944660048,20.213780554386176,3.0,0.0,0.5592341991082216,0.5592341991082216
1714,1,0.057635472165109655,0.05488804333785039,0.009762963098234111,1.35933105648431,0.41903211712854777,7.315949598046715e-9,1.018464729020625e8,8.899133389039215e7,1.1452838389016815,0.5420134911691812,2.1410741361677483,0.11000702277684335,44.23582148384107,-5100.046857392902,7.0,1.0,0.6719842791899312,-5100.046857392902,5106.663653872981,-0.31306461799522367,0.9982440689527721,3.0,0.0,0.5592341991082216,0.5592341991082216
1715,1,0.057739015074477505,0.06029318585365018,0.009580348556366906,1.388047375011247,0.4226121670928168,7.205985729766475e-9,9.060461304681069e7,8.875664106954743e7,0.9989340456074944,0.5021045850845721,1.9982617258345565,0.12412950949749478,38.352020952376954,-5096.286562194847,7.0,1.0,0.9794923758431017,-5096.286562194847,5104.238746226865,-0.18699359342008393,-0.20899555030518968,3.0,0.0,0.5592341991082216,0.5592341991082216
1716,1,0.058150246297892894,0.059246670203300614,0.009138430187037565,1.3357804196357115,0.4343117017131313,7.0309642883876105e-9,1.0616525560065596e8,9.045759116837335e7,1.104966909295163,0.5426872709589212,2.260314838826444,0.1146154380063668,42.02353597566593,-5099.948729534071,7.0,1.0,0.47663531859482783,-5099.948729534071,5104.05989139293,0.7603483324201079,1.2350887853353925,3.0,0.0,0.5592341991082216,0.5592341991082216
1717,1,0.058303047732402614,0.06523436640503073,0.009131812757022465,1.3375944153939958,0.4436419856455964,7.070644185907502e-9,9.527316152270836e7,9.938874687045372e7,1.1325845488254185,0.5337738537959046,2.1627722520245096,0.11853808458408345,37.22798950118681,-5099.07126619408,7.0,1.0,1.0,-5099.07126619408,5104.972247075001,-0.15028067208550056,-0.569161605748377,3.0,0.0,0.5592341991082216,0.5592341991082216
1718,1,0.05821171219395179,0.06369395134143979,0.00910877250075175,1.3350141545518501,0.4411101857480298,7.0650216581305495e-9,9.226364253534113e7,1.0473990606656767e8,1.0604194148617596,0.5483621903700813,2.16600010144579,0.12316228172765971,37.45339019856295,-5098.402026564264,7.0,1.0,1.0,-5098.402026564264,5102.58860044925,-0.14446904038686625,-0.1770157084092716,3.0,0.0,0.5592341991082216,0.5592341991082216
1719,1,0.05793760526188983,0.060734141560476365,0.009601998495415105,1.3602948957485772,0.41455959565103906,7.201852079286497e-9,9.688063270458943e7,8.36170494655792e7,1.2244502170432359,0.5477727126559095,2.061590933152419,0.13399267752966135,44.408051763068954,-5099.3683445184415,15.0,1.0,0.6952574287757,-5099.3683445184415,5107.18864548967,0.44395110327423026,0.6354951670318769,3.0,0.0,0.5592341991082216,0.5592341991082216
1720,1,0.057816612845162915,0.062428530984192106,0.009232163473485856,1.3519403330244353,0.43558653917851337,7.119666199985149e-9,9.541655214519224e7,9.519939453745487e7,1.0203195711617532,0.5365535606281875,2.140791283215204,0.11374181344371549,39.89919946385573,-5094.002206780959,7.0,1.0,1.0,-5094.002206780959,5100.205969999013,-0.5559203471348155,-0.5559203471348155,3.0,0.0,0.5592341991082216,0.5592341991082216
1721,1,0.0578145236205749,0.061779510065458905,0.009315622656676348,1.343065363153659,0.44053357902214324,7.113096987840238e-9,9.795055352573042e7,9.482001051474729e7,1.0655582400887067,0.5226818189799903,2.1801531509521896,0.11143411095105393,38.879390098747834,-5097.071248830744,7.0,1.0,0.5832979721289314,-5097.071248830744,5098.950369793066,1.2170686920007938,1.2170686920007938,3.0,0.0,0.5592341991082216,0.5592341991082216
1722,1,0.05809422350858127,0.061490248566067655,0.009407413870225666,1.3298528926548865,0.43030413634034714,7.1540980162272385e-9,8.850138749074374e7,9.408002411774784e7,1.1305365673857437,0.5192934577092627,2.1994179665213647,0.12658117986881331,38.69360416980459,-5094.456525852821,7.0,1.0,0.9658733279723483,-5094.456525852821,5099.182237925822,-1.1861403957500443,-1.1861403957500443,3.0,0.0,0.5592341991082216,0.5592341991082216
1723,1,0.057646351257571164,0.05992719916043871,0.009370544930136358,1.3618070428243858,0.42844851641698195,7.1456506305349656e-9,1.0021070733037975e8,8.587492167284116e7,0.9851066463899996,0.5376927508988106,2.100296876158544,0.1183276707947327,39.95554677505804,-5094.162288651736,7.0,1.0,0.7390388699358584,-5094.162288651736,5103.301825201434,0.10545090519917721,0.7239804398650449,3.0,0.0,0.5592341991082216,0.5592341991082216
1724,1,0.05754711812604702,0.058245314845152066,0.00952903929785329,1.3366746786274706,0.4240120439319929,7.2555142559335125e-9,9.634652783696942e7,8.440817889714326e7,1.0217243910468208,0.49288498032148553,1.8928635704792331,0.1127446754592822,40.06160877821385,-5098.052336411431,7.0,1.0,0.8296096297422626,-5098.052336411431,5101.074574467293,0.24136301430371532,0.4490954570046597,3.0,0.0,0.5592341991082216,0.5592341991082216
1725,1,0.058122525942480144,0.060214293444445954,0.009576748284874235,1.3924371836388136,0.4250120179779002,7.1637373619561326e-9,8.648826338316198e7,9.026383202567717e7,1.1122327438213357,0.555590837360004,2.218243118971486,0.13638883275075087,37.141217383637176,-5098.737629879956,7.0,1.0,0.715104833899591,-5098.737629879956,5103.501879915615,0.0636228110488446,0.831561725372012,3.0,0.0,0.5592341991082216,0.5592341991082216
1726,1,0.05743596865317655,0.060022734449094235,0.00945952660395084,1.3293956255899815,0.4309079159449512,7.2295623929161745e-9,1.0296529174081172e8,8.840183681186765e7,1.0243792384898318,0.5032972856112874,2.196293997517977,0.11326598156079722,42.65504923265392,-5097.864683553153,7.0,1.0,0.7107448713380938,-5097.864683553153,5104.687796814183,0.22941901503781992,0.6628366347731571,3.0,0.0,0.5592341991082216,0.5592341991082216
1727,1,0.0577383959297865,0.06368660570657851,0.009429177309780028,1.3545576935175674,0.42663744801818265,7.175962285609897e-9,9.257293084840126e7,1.013283205021453e8,1.2055796959914298,0.5443647096562589,2.615388883317202,0.11794283473579244,37.294769014850544,-5100.636091081047,7.0,1.0,0.9228384695554966,-5100.636091081047,5105.425754691661,-0.2096394127856911,-1.1749692381627028,3.0,0.0,0.5592341991082216,0.5592341991082216
1728,1,0.05778637135511543,0.060311250636718355,0.009335134851449989,1.3326099592953533,0.43335429048478125,7.1672655392382165e-9,8.94951230287066e7,9.458894525686465e7,0.9503655095609438,0.5270049419315497,2.1973370604700513,0.14144085270931744,37.858446208963635,-5096.661690871463,7.0,1.0,0.851398095842702,-5096.661690871463,5109.776162485108,-0.26610830510071537,0.5263077789077215,3.0,0.0,0.5592341991082216,0.5592341991082216
1729,1,0.05780549419533385,0.06034283234644224,0.009574826580665927,1.3523844393858526,0.4235119532609684,7.192305226264498e-9,1.1565676198758085e8,8.19390194614333e7,1.155320294457195,0.5369045890459312,2.092077549705775,0.11504005409076185,43.937718253639574,-5099.629608705687,7.0,1.0,0.7979993792373884,-5099.629608705687,5104.014280574365,0.27050654984850553,0.3739096740946479,3.0,0.0,0.5592341991082216,0.5592341991082216
1730,1,0.058116201315612855,0.06224872710357923,0.009190753649154827,1.351694305217674,0.4414710265186916,7.145473835873019e-9,8.186980923316577e7,9.756359359435524e7,0.9558037419699791,0.5813199682739941,2.1587005669756096,0.13112873489751795,37.55773383006594,-5100.918357917156,7.0,1.0,0.6722470550532594,-5100.918357917156,5109.644070950996,0.2238933588105283,0.977952274251038,3.0,0.0,0.5592341991082216,0.5592341991082216
1731,1,0.05769970757257148,0.062271567359867185,0.009440139997267082,1.339362812961449,0.4208640938902318,7.1827122383441655e-9,1.087864804477347e8,8.420134688256277e7,1.1677008867092764,0.4832801812525744,2.050108478957029,0.1171543147752804,41.42786322944105,-5098.652532083528,7.0,1.0,1.0,-5098.652532083528,5103.258441292691,-0.21885044077498605,-0.5839806374806358,3.0,0.0,0.5592341991082216,0.5592341991082216
1732,1,0.05763756610005071,0.06323478883432888,0.009371875168712473,1.3469611987600916,0.4309174215790228,7.219661171630825e-9,1.0928498662079784e8,8.261083578140804e7,1.163409926261335,0.5502044389889378,2.1844170304717014,0.12184579944621333,41.188737349338396,-5097.135723498655,7.0,1.0,0.941267610851072,-5097.135723498655,5102.195635863468,-0.18866325947237783,-0.3029122132284101,3.0,0.0,0.5592341991082216,0.5592341991082216
1733,1,0.0579640304048101,0.05945834826972134,0.009400160623367428,1.3508986492458872,0.4284864160582394,7.126236385930954e-9,8.375731145346518e7,9.67708286714829e7,1.0017025366746295,0.5124915198420316,1.999693314677401,0.12882855975199975,38.161070407607426,-5095.636856421497,7.0,1.0,0.9983894093111124,-5095.636856421497,5099.848361506107,-0.16281975148922356,-0.1724008137034616,3.0,0.0,0.5592341991082216,0.5592341991082216
1734,1,0.057765776575368376,0.06273966339969096,0.009470130642134759,1.3516904986491032,0.4290827025638299,7.1765784177436974e-9,9.423336547014503e7,8.905059752858984e7,1.0473696543525788,0.5481039925070377,2.0232367066310104,0.10937688997663016,37.497095237546056,-5094.618410249828,7.0,1.0,0.9264341534762286,-5094.618410249828,5098.28269514459,0.08202555961179314,0.2202198748027513,3.0,0.0,0.5592341991082216,0.5592341991082216
1735,1,0.058024402506798155,0.06007342997665751,0.009525256388929176,1.3413331490455238,0.42297247070590227,7.241373934932763e-9,9.400324726996022e7,9.959610923870759e7,1.0754721127674673,0.49207405459413767,2.2770051294740288,0.13089974990758838,40.618403004272345,-5097.033955599708,7.0,1.0,0.9322925363735978,-5097.033955599708,5099.402524300083,0.2708445152038621,0.2708445152038621,3.0,0.0,0.5592341991082216,0.5592341991082216
1736,1,0.058074111504112465,0.05858369006013798,0.009292998025340928,1.3538261149816295,0.4266365996992476,7.097597566406812e-9,9.640725609862794e7,9.40280525525552e7,1.0647934990101964,0.5294731548510293,2.195814727233653,0.11173033845326762,37.96116169546525,-5096.64217457905,7.0,1.0,0.9071630733094411,-5096.64217457905,5103.561175612095,0.01754382366016216,-0.49595174603655323,3.0,0.0,0.5592341991082216,0.5592341991082216
1737,1,0.05817224940478152,0.059228091180534834,0.0094267675141252,1.3630425304924967,0.4302933332997122,7.072704185627405e-9,8.934498484190658e7,9.532254781317128e7,1.0990416535964214,0.5317342709996957,2.025148826900475,0.11100851226664646,37.11938705517487,-5097.6569537319765,7.0,1.0,0.9574291304678576,-5097.6569537319765,5103.346540090395,-0.35285509772165824,-0.5622160207467459,3.0,0.0,0.5592341991082216,0.5592341991082216
1738,1,0.0579085437927936,0.06400568349168897,0.009251991472574581,1.314171559331101,0.436962085132844,7.1388229698280835e-9,9.487799808215755e7,9.087225702724022e7,1.012349231091752,0.5333695302337984,2.2550107722082045,0.1218487420319841,43.84210640453347,-5096.45849718856,7.0,1.0,0.9968245312889658,-5096.45849718856,5102.867480151511,-0.19690575259119214,-0.40125351098322426,3.0,0.0,0.5592341991082216,0.5592341991082216
1739,1,0.05781946618092848,0.06048828213026188,0.009399616424164006,1.354801593929731,0.42956332679686104,7.125705227456144e-9,9.355540043629222e7,8.349944509499286e7,1.0452903990033628,0.5555554405198181,2.1031560753987444,0.1271416370107529,37.05157032200876,-5093.905667546556,7.0,1.0,0.9938384477439739,-5093.905667546556,5098.969221932343,-0.132920194199869,-0.132920194199869,3.0,0.0,0.5592341991082216,0.5592341991082216
1740,1,0.0580289878861719,0.06314526924334082,0.009260553845014383,1.3472968164179808,0.43849676614792543,7.1854146767312615e-9,8.832992574554504e7,8.308501101579002e7,0.8810468911077962,0.5678796994161728,2.0160130411812416,0.12235149493269942,40.104597134169,-5100.071325988938,3.0,1.0,0.7202694932749504,-5100.071325988938,5102.16290783638,0.5451996570964184,0.5451996570964184,2.0,0.0,0.5592341991082216,0.5592341991082216
1741,1,0.05785126983079109,0.06231694258468998,0.009184111863380633,1.3474532715427079,0.4363936260445638,7.153105676438078e-9,9.152001001396056e7,7.583675364493172e7,0.8169883483002249,0.5738511080913888,1.8536778987828533,0.1292960098374002,40.48802933840571,-5107.556065012937,7.0,1.0,0.60587798779607,-5107.556065012937,5113.9252627550995,0.76524461156896,0.9944849604798947,2.0,0.0,0.5592341991082216,0.5592341991082216
1742,1,0.05786578094533607,0.05697567705353549,0.009548246779667091,1.3794952626666512,0.42175936167939376,7.210700119219804e-9,8.550666274400324e7,9.034547156633805e7,1.1354098528451324,0.49452531316806825,2.2849994437411083,0.11477953455607988,38.314546636575194,-5097.547026539728,7.0,1.0,0.9749066620967641,-5097.547026539728,5114.26186855016,-0.8350493582292984,-0.8766750581662563,3.0,0.0,0.5592341991082216,0.5592341991082216
1743,1,0.057803411899258195,0.0617581918689769,0.009446549528799256,1.3319987422162514,0.4266537197371585,7.136539167675778e-9,1.02897101285251e8,9.264151370203553e7,1.0321375385601896,0.5633176032992345,1.9468859405793046,0.1456489442592056,42.00702880948562,-5098.488435106755,7.0,1.0,0.23242661455094374,-5098.488435106755,5106.852852322387,1.0191121980851676,2.7454439927041676,3.0,0.0,0.5592341991082216,0.5592341991082216
1744,1,0.05763309392398691,0.05734294106421053,0.009527361870809659,1.3657009132308742,0.4201891921958686,7.206406183774306e-9,8.627648595185655e7,8.790043160406525e7,1.072089170271215,0.5265432111025966,2.3932361600396512,0.10467795031846645,38.10214197217214,-5099.393072323674,7.0,1.0,0.9660540758666463,-5099.393072323674,5104.22711423226,0.13256793243090215,-0.3031903027103908,3.0,0.0,0.5592341991082216,0.5592341991082216
1745,1,0.05787581944490283,0.06386763165631232,0.009342184373057779,1.3766159362480836,0.4348722980261034,7.195494085321605e-9,1.0023009519536328e8,9.246852731629013e7,1.0053778972496747,0.5835499816990931,1.9106531495176524,0.14359417212810213,40.48758385671906,-5100.400066232428,7.0,1.0,0.9581677897254817,-5100.400066232428,5107.051721607824,0.023727145977318287,-0.4930066651531888,3.0,0.0,0.5592341991082216,0.5592341991082216
1746,1,0.057755778496191755,0.05753832042773922,0.009422015522671186,1.3144352370685883,0.42847179849410477,7.1217925330283615e-9,9.377188340215442e7,9.488854353522925e7,0.9948269210253604,0.4841107913606393,2.0175958636189892,0.11457864500793813,41.32902001048397,-5099.145586848135,7.0,1.0,0.6342981166329692,-5099.145586848135,5111.081286184262,0.12931118791948393,1.0148023877000014,3.0,0.0,0.5592341991082216,0.5592341991082216
1747,1,0.05800622829858549,0.061999290746199004,0.00936001889695327,1.3521548605505587,0.4299031642506327,7.213824167094596e-9,9.180795817754667e7,8.782256636107215e7,0.8912229407345265,0.5778705579078043,2.1170526797704117,0.12322605698608564,41.56239353248507,-5098.125570847365,7.0,1.0,0.9637085701038466,-5098.125570847365,5105.095112132728,0.03197332356012339,-0.33917211462176056,3.0,0.0,0.5592341991082216,0.5592341991082216
1748,1,0.05774080670873694,0.06087696559461946,0.00931533174304549,1.3752103117502172,0.42437813554081033,7.141034457864204e-9,9.158258535325344e7,9.172068851833618e7,1.2635101850898627,0.4774627430615473,2.6567666908531127,0.11628931537319172,38.58243618858355,-5104.20177309576,7.0,1.0,0.8809917868858247,-5104.20177309576,5107.561056874089,0.43859784514461353,0.43859784514461353,3.0,0.0,0.5592341991082216,0.5592341991082216
1749,1,0.05789012707873593,0.059468407340259474,0.009541438449986141,1.345057937425312,0.43115466727364843,7.243898326015762e-9,9.874988878564471e7,8.498695627809829e7,1.0490720664415636,0.5455072028577023,1.929342602415753,0.14141674232513451,40.85510937451171,-5096.970688094927,7.0,1.0,0.8958217361297857,-5096.970688094927,5107.883167656145,-0.7814782710374857,-0.7814782710374857,3.0,0.0,0.5592341991082216,0.5592341991082216
1750,1,0.057785526159866214,0.059998536173382466,0.009511010072002252,1.358322903681237,0.4266838891189822,7.222402737442147e-9,9.698744832462624e7,8.204389846944512e7,1.0569766503900897,0.5310382573792631,2.0672894427448663,0.14382900115219785,40.08753435208832,-5095.5037542046,7.0,1.0,0.9466998145213799,-5095.5037542046,5100.8633786011205,-0.13534174986398284,-0.21302687450315716,3.0,0.0,0.5592341991082216,0.5592341991082216
1751,1,0.05810996835927751,0.058507699207905425,0.00957008489109406,1.3670343600279704,0.42706929845215674,7.15383393720484e-9,8.863932592174205e7,8.517660908702964e7,1.0972753196483573,0.4777502915819475,1.874105584738021,0.13905126806290366,38.47409366232151,-5098.403180292182,7.0,1.0,0.8799233543590954,-5098.403180292182,5101.409698659854,0.2428264722620952,0.2428264722620952,3.0,0.0,0.5592341991082216,0.5592341991082216
1752,1,0.05758095751081388,0.061536518204745365,0.00938232089062506,1.3314034433008384,0.42850018855981187,7.156675909078358e-9,1.014124974896643e8,9.564443779197408e7,1.0130469955940549,0.5988144002635255,2.425624061162917,0.12048918086854658,40.43676961320822,-5097.8679693746835,7.0,1.0,0.9120053392193954,-5097.8679693746835,5103.390853115055,0.07451840411886224,0.247156291768988,3.0,0.0,0.5592341991082216,0.5592341991082216
1753,1,0.057539714314225915,0.06400372021194858,0.009444695524223577,1.343305005373066,0.4202621136620314,7.234741223371676e-9,1.0112692486631727e8,1.0008501812632494e8,1.1064009307198095,0.5726969282017502,2.385659762164372,0.12619181843278737,42.315493878154996,-5099.8840519753085,7.0,1.0,0.9635119458066227,-5099.8840519753085,5103.251322621525,0.16750042865351134,-0.29813171780460834,3.0,0.0,0.5592341991082216,0.5592341991082216
1754,1,0.05800810917489602,0.06215934784726274,0.009316459433458674,1.3585366697780306,0.4326821189970374,7.156119427922199e-9,9.061422359570275e7,8.865621399662955e7,1.0850910343660822,0.4823366594648716,1.9912496664562813,0.1401018788568482,37.24262339033389,-5096.4826592395075,7.0,1.0,0.9553682019959704,-5096.4826592395075,5104.953360561904,-0.3177214263514543,-0.3177214263514543,3.0,0.0,0.5592341991082216,0.5592341991082216
1755,1,0.057813334233367195,0.06364179878362926,0.009476510538025996,1.3462590106655155,0.43126238159733915,7.222701471590528e-9,9.970449164859179e7,9.536733280000582e7,1.1107103067000588,0.5006770112606534,2.138176949051735,0.12991995123580902,39.958568724475235,-5095.44221654726,7.0,1.0,0.85937144532274,-5095.44221654726,5101.503532895189,-0.0014186407179295202,0.4239988873987386,3.0,0.0,0.5592341991082216,0.5592341991082216
1756,1,0.05786063949260705,0.059345452046478814,0.009398448627523148,1.3488653387073848,0.4270208574477157,7.219037361503797e-9,9.975878021552075e7,9.438793518997335e7,0.9474937828933689,0.49628279549006854,2.065286735856951,0.12821620228687358,40.11067379060722,-5095.82207635064,7.0,1.0,0.6769351332661075,-5095.82207635064,5099.906910450893,0.22422112626827584,0.9876095627678296,3.0,0.0,0.5592341991082216,0.5592341991082216
1757,1,0.05794616798111499,0.05961070768923078,0.009635085600606046,1.3431607230998752,0.4283973986450989,7.210680523000128e-9,9.618219090863661e7,8.151641465792306e7,1.1173841098116075,0.5606740810042753,2.1173270939158835,0.12590222972575282,39.33495608700457,-5095.660890841634,7.0,1.0,0.9404265193345918,-5095.660890841634,5100.236751494987,0.021041804800915997,-0.4481146045636706,3.0,0.0,0.5592341991082216,0.5592341991082216
1758,1,0.05784727724302629,0.05709680408413033,0.009581696293475144,1.3544055469503595,0.4243432695319093,7.186268561007164e-9,9.562420313112387e7,9.462075261676517e7,1.1390821177114308,0.5700775210581962,2.1663380057447164,0.1167142678211169,39.464412775959886,-5094.439115725251,7.0,1.0,0.6661451271795011,-5094.439115725251,5105.060631709777,-0.37245187211919983,0.8538680912251948,3.0,0.0,0.5592341991082216,0.5592341991082216
1759,1,0.058037615923975425,0.060638235957246496,0.009295731303191751,1.3501120753896965,0.43072160537415716,7.145850117446548e-9,9.012630797715591e7,8.762287837728144e7,0.9630881271746448,0.5126675952601202,2.5750504726467707,0.1193392229440538,38.0078430822529,-5098.195778245943,7.0,1.0,0.7065519820104293,-5098.195778245943,5101.092289168282,0.5651865776790146,0.5651865776790146,3.0,0.0,0.5592341991082216,0.5592341991082216
1760,1,0.05798292867394358,0.062380593400698715,0.009418848453061558,1.351475549608299,0.43346465011882046,7.1349719056231416e-9,9.056749621017967e7,8.8300934437078e7,0.9533511955486207,0.5237762989442494,2.6542155348903664,0.12419168604445077,36.87460133315819,-5099.771156998834,7.0,1.0,0.9549152682043179,-5099.771156998834,5101.375608554855,0.13126373923023493,-0.5424628318642135,3.0,0.0,0.5592341991082216,0.5592341991082216
1761,1,0.057580932578356704,0.05954223508931881,0.009593732065380788,1.355687255335418,0.4263297685855331,7.234961832247292e-9,9.91203039050428e7,9.059429905712987e7,1.1675228243665514,0.536617835084645,1.8526934723322597,0.11955383387902864,43.033343119804115,-5097.5459941677445,7.0,1.0,0.9875054810780003,-5097.5459941677445,5104.782182557444,-0.18318513139638526,-0.4110060347320541,3.0,0.0,0.5592341991082216,0.5592341991082216
1762,1,0.05815106897239202,0.05628193220336255,0.009900534026404423,1.378208666216061,0.409567348226267,7.21349757902792e-9,9.130828266076912e7,8.919067106263179e7,1.070557066975075,0.5668783954420463,2.08483497619019,0.13239948992717587,36.92956046712479,-5099.302204090645,7.0,1.0,0.5503692683609065,-5099.302204090645,5108.850377795094,-0.20475560928116465,1.4008766390834353,3.0,0.0,0.5592341991082216,0.5592341991082216
1763,1,0.05745234587189276,0.05926270409792386,0.009293104964200365,1.3583046617593106,0.43163615778104086,7.183532979504791e-9,9.60015217316743e7,9.704508947510469e7,1.0692782405798036,0.49300236286026133,2.242409794714167,0.1150860223766078,42.5849098689186,-5096.6983666476535,7.0,1.0,0.7338670425743695,-5096.6983666476535,5108.017046092546,0.11713717424481729,0.5515924530436678,3.0,0.0,0.5592341991082216,0.5592341991082216
1764,1,0.0578048532685364,0.06021871765671997,0.009346515500713422,1.3245558696676951,0.43518039147404125,7.1673562680490206e-9,9.056068249099697e7,9.09892180744078e7,1.0507030678958365,0.5057385774002972,2.419766401340306,0.12239819836823991,41.71214875085417,-5095.973810545535,7.0,1.0,0.8726543476330514,-5095.973810545535,5101.0866696393305,-0.07819884821492451,0.25272174677593284,3.0,0.0,0.5592341991082216,0.5592341991082216
1765,1,0.05752976898099769,0.06282542112295607,0.009433840750138377,1.3632684063970286,0.42878273568062475,7.1694201133687966e-9,1.0228698137063704e8,8.382395318980503e7,1.0686313357691335,0.5887344610985393,2.006720438673198,0.12000063391184639,36.76622064763474,-5097.024138960303,7.0,1.0,0.6008112802921045,-5097.024138960303,5101.669155519786,0.12608609389826597,1.2788281715438643,3.0,0.0,0.5592341991082216,0.5592341991082216
1766,1,0.057642303674305194,0.06040553454322536,0.009424984985988795,1.3433122195282052,0.4193215471841247,7.179572002186165e-9,1.0001166366810766e8,8.262605050539933e7,1.094924222359041,0.565641120405995,2.173700953488342,0.13906444725707892,47.129109394901796,-5099.970896214507,7.0,1.0,0.7630312282764155,-5099.970896214507,5106.878661273581,0.21459888439585484,0.5617698667456352,3.0,0.0,0.5592341991082216,0.5592341991082216
1767,1,0.058116874870771155,0.06042972953654311,0.009498810168003111,1.3532792383988024,0.4379923034254754,7.168156147021754e-9,9.41358467284005e7,9.472985192664759e7,1.006385068254577,0.5004033452972554,2.1452688199176415,0.10956579878321336,35.03630909778287,-5100.1729602074165,7.0,1.0,0.823593095468499,-5100.1729602074165,5108.321762753463,0.5173149890460991,-0.8492420663715166,3.0,0.0,0.5592341991082216,0.5592341991082216
1768,1,0.05780666827638221,0.05820343950485165,0.009452015839063969,1.3657910358618093,0.42227106690636235,7.208235868554917e-9,9.62101730593296e7,9.024786378910215e7,1.1387969790450871,0.5097060697357366,2.0927989954271013,0.12384023298604024,36.76085053270684,-5095.316009472269,7.0,1.0,1.0,-5095.316009472269,5102.669720939808,-0.6915527735582145,-1.3486775191531706,3.0,0.0,0.5592341991082216,0.5592341991082216
1769,1,0.057851705742684084,0.06237968037850798,0.009527469675621195,1.3428854661977931,0.4299259221600494,7.164076256017591e-9,9.329500247618875e7,8.847485396367437e7,1.0082361236970294,0.5407294014963617,2.1617661027020065,0.1258307306798399,42.749973189383226,-5094.911262258787,7.0,1.0,0.8304512059847384,-5094.911262258787,5098.087936446099,0.02873124634152191,2.511491153728457,3.0,0.0,0.5592341991082216,0.5592341991082216
1770,1,0.05787077503518303,0.0586913800822113,0.009437981384216185,1.358165655398654,0.4248339067282434,7.23701621790872e-9,9.569581366783011e7,9.033959841863842e7,1.1112055915159946,0.521207855275747,2.0634992425900354,0.12293304426377881,37.445600218995175,-5094.896665610301,7.0,1.0,0.9443344853859724,-5094.896665610301,5096.667647914866,0.10347016608193371,-0.7995990612744208,3.0,0.0,0.5592341991082216,0.5592341991082216
1771,1,0.057550407345166754,0.055823052140848275,0.009623630623326367,1.3502245707910174,0.42243133397168253,7.172891565672517e-9,9.291100431293511e7,1.0878440653143832e8,1.1389933981528906,0.5495561086930391,1.9892631928506754,0.1230291938620418,37.31025631786304,-5100.971799675338,3.0,1.0,0.468430504893647,-5100.971799675338,5103.916981672553,0.41360208681635413,1.2713151991310951,2.0,0.0,0.5592341991082216,0.5592341991082216
1772,1,0.05800221394303803,0.06096041461543041,0.009441407534707767,1.3657519830987275,0.4215603473997348,7.128120494169996e-9,9.357588137079558e7,7.707299715982543e7,1.000309212918727,0.5061264930202225,2.183033914419401,0.12237524301117171,42.92175173238246,-5098.000208410502,7.0,1.0,0.9613963670321978,-5098.000208410502,5107.739015726592,-0.4033362103255058,-0.572182773039458,3.0,0.0,0.5592341991082216,0.5592341991082216
1773,1,0.057871019429871925,0.05988616375690485,0.00956314123855245,1.3533063288846896,0.4202018912746972,7.150266707774203e-9,1.0304183068138054e8,8.149102648137476e7,1.0681736931172194,0.5666236679394528,2.176956964760105,0.12015022586170877,43.09650620972675,-5096.347725915911,7.0,1.0,0.7927127473154979,-5096.347725915911,5107.575594296674,-0.28280945717779105,0.5943575077144487,3.0,0.0,0.5592341991082216,0.5592341991082216
1774,1,0.05831668289470697,0.060194441082436066,0.009268665558269603,1.324907688346551,0.43175960687210807,7.121154435721439e-9,9.523253563862355e7,9.527057792082581e7,1.0836190975576647,0.5031867698635626,2.1796484633447126,0.121931410645021,39.34910573524107,-5096.511066576458,7.0,1.0,0.3676058252993143,-5096.511066576458,5106.071275176173,0.434009896632233,2.158147233132695,3.0,0.0,0.5592341991082216,0.5592341991082216
1775,1,0.057431701055631605,0.05973721702213663,0.009496593057345251,1.3636680516606983,0.4265218548666751,7.2245058076684695e-9,9.46468790132634e7,8.412389020661514e7,1.0327481221386103,0.5415474764646767,2.0744075064156644,0.12496616373006207,39.47506313182557,-5094.5385597092,7.0,1.0,0.8975322495837965,-5094.5385597092,5104.631897336883,-0.38293574488670856,-0.38293574488670856,3.0,0.0,0.5592341991082216,0.5592341991082216
1776,1,0.058374045167332585,0.05773801065367821,0.00968441827188547,1.3468678366330449,0.4245830082140553,7.135525029076361e-9,9.224253794667734e7,9.620751131815577e7,1.1612529520187445,0.5150298874064827,2.156882022593489,0.12343192676739427,39.41052012366304,-5097.030441492633,7.0,1.0,0.8637933700766508,-5097.030441492633,5100.151561392437,0.27669981891267525,0.35967342662752344,3.0,0.0,0.5592341991082216,0.5592341991082216
1777,1,0.05741204886809857,0.06436399965322753,0.00916599739291087,1.3455900045666815,0.43554504896760493,7.1499832662489605e-9,9.92902018858417e7,8.655221360875146e7,0.9899075030693759,0.5427182499646185,2.1344087982760067,0.12797311532676622,39.93186183301695,-5095.645482209245,7.0,1.0,0.9686055833634803,-5095.645482209245,5101.537044060978,-0.2440877606959475,-0.2440877606959475,3.0,0.0,0.5592341991082216,0.5592341991082216
1778,1,0.057843061194792364,0.06330622671356083,0.009220286050894432,1.338545821987453,0.4385788404542713,7.154288848754157e-9,9.016113691522433e7,9.088857149343653e7,1.05962323682016,0.570238734214439,2.2050132435601726,0.12715934799606127,41.16413343414853,-5094.601509728002,7.0,1.0,0.9980870183936033,-5094.601509728002,5097.4192743903295,-0.09310863720565976,-0.1807996705902042,3.0,0.0,0.5592341991082216,0.5592341991082216
1779,1,0.05789044489289756,0.062490246621811865,0.00927265759482759,1.3246058518246504,0.4332360890366624,7.0777595197526876e-9,9.563352836425804e7,9.256900633991282e7,1.0673059831884073,0.5304443527241097,2.3131407489762186,0.1154732453228019,40.79930099788778,-5095.394510492034,7.0,1.0,0.7541666896126521,-5095.394510492034,5101.075401592794,0.11915556743861089,0.577443220720852,3.0,0.0,0.5592341991082216,0.5592341991082216
1780,1,0.05825456287870428,0.06232955593052614,0.00906842039385609,1.3245626954035121,0.4416826279746993,7.008406525194584e-9,9.638819912433863e7,9.685480223582378e7,1.0844188433067297,0.5037680461331498,2.1892879006317054,0.11462910548531437,40.36333480106863,-5099.508130852273,7.0,1.0,0.8730819584477941,-5099.508130852273,5102.3365814863655,0.16595058540133323,0.4271053247011878,3.0,0.0,0.5592341991082216,0.5592341991082216
1781,1,0.0576283789016673,0.06686598284188744,0.009248724426381312,1.3413517363520617,0.433162922535169,7.23108947308021e-9,9.534522560335074e7,8.53127159844499e7,1.0275750659415177,0.5593682259619507,2.0843830992157164,0.13621658556269753,39.047152325361985,-5097.6139476278995,7.0,1.0,0.8727629942664777,-5097.6139476278995,5103.8953028674405,0.06830277325661882,0.36860540999077784,3.0,0.0,0.5592341991082216,0.5592341991082216
1782,1,0.05806398763958556,0.056669088910408845,0.009510070799125206,1.3509769591593153,0.4295018887472449,7.194537440705004e-9,8.625208524689704e7,9.05549372996413e7,1.1809508686736612,0.4894901806123707,2.1372586396861712,0.11083187923435799,39.160211380707686,-5097.198088514386,7.0,1.0,0.7863378296080498,-5097.198088514386,5102.686156457725,-0.2609618947517447,0.6701359311146007,3.0,0.0,0.5592341991082216,0.5592341991082216
1783,1,0.05789790830324072,0.0570306249494589,0.009616042825589248,1.3626641415327276,0.42539777305285786,7.200322358566234e-9,8.743026277036725e7,8.866172943407853e7,1.180609236879715,0.4828425358092532,2.0310368203188456,0.110507512489666,38.1122730784002,-5096.926606302298,7.0,1.0,1.0,-5096.926606302298,5101.250737394159,-0.11832231841253815,-0.2750891056357432,3.0,0.0,0.5592341991082216,0.5592341991082216
1784,1,0.057782059884574306,0.05947337385015051,0.009549866820284088,1.3713863712507333,0.4226006984856833,7.170324197131273e-9,8.876808060588218e7,8.633466381909935e7,1.1185335375532384,0.4894185365591194,2.024627914777896,0.12469725958595411,42.333437799117064,-5095.32953577504,7.0,1.0,0.3850618484470135,-5095.32953577504,5101.40994566331,0.15737528784393362,1.9599704871916401,3.0,0.0,0.5592341991082216,0.5592341991082216
1785,1,0.058139280183465064,0.06010903686617044,0.009461281687751157,1.3267590213844245,0.4310522738347193,7.167300975661566e-9,9.694210508243363e7,8.97505777235087e7,0.9457829371408163,0.5568860403233172,1.8969781535743906,0.12626862983882203,36.17917568399326,-5098.16118156202,7.0,1.0,0.7143639944224596,-5098.16118156202,5105.507904275351,0.15707141611073894,0.8256705406956826,3.0,0.0,0.5592341991082216,0.5592341991082216
1786,1,0.05773987769257789,0.06420470134103229,0.009448261735667752,1.3397553144813914,0.42782471840156766,7.27411372739128e-9,9.446289449002804e7,8.671256077428485e7,1.1670412828280152,0.47979694505367554,2.4172375529305876,0.12065723896754153,42.92843481181375,-5100.02292250654,7.0,1.0,0.9358568954243853,-5100.02292250654,5102.662562167012,0.2638595681919469,0.2638595681919469,3.0,0.0,0.5592341991082216,0.5592341991082216
1787,1,0.057787890010883775,0.05804440947410057,0.009233475605726273,1.3474957618272516,0.42954471751974943,7.157121729818783e-9,8.516679050835054e7,9.133863172499235e7,1.0532317881849,0.48849187870133076,2.0566321826957563,0.13765534345598354,38.281019142731935,-5098.336367659494,7.0,1.0,0.6116410860392534,-5098.336367659494,5106.7350195109375,0.45693975759695604,1.260101703202963,3.0,0.0,0.5592341991082216,0.5592341991082216
1788,1,0.05785103594880023,0.05838011667357335,0.009306002018460546,1.3455989309423377,0.43166351712765644,7.183577024086108e-9,8.849510378173484e7,9.20618199070951e7,0.9984702156217052,0.5103092777882813,2.161037757447367,0.13489680133250168,36.338721150924115,-5096.09785564836,7.0,1.0,0.9902106239040611,-5096.09785564836,5101.793556033537,-0.539593393067662,-0.7182902392105461,3.0,0.0,0.5592341991082216,0.5592341991082216
1789,1,0.057933120613995887,0.06145379173458744,0.009442916824043066,1.343704991742855,0.4226844149420647,7.189853073693619e-9,1.056964942442948e8,9.407312395986366e7,1.1641814681172638,0.5803677899107356,2.2824360869283122,0.11758337981392437,40.343843337752475,-5097.377274394765,7.0,1.0,0.9854664751749846,-5097.377274394765,5100.624667712863,0.03842305604121066,-0.3605120136644473,3.0,0.0,0.5592341991082216,0.5592341991082216
1790,1,0.05777191656028583,0.060289663667817225,0.009363756664755266,1.361822838687707,0.4268715962319463,7.196016477048521e-9,8.505261684377453e7,8.480777143902199e7,1.040981192459884,0.48501619803740736,2.081119147982078,0.12650406869456932,38.848580504461246,-5095.55816491411,7.0,1.0,0.9314403272354715,-5095.55816491411,5103.46012960903,-0.11764721906729392,0.33836246088685584,3.0,0.0,0.5592341991082216,0.5592341991082216
1791,1,0.05820590159068048,0.06120562923799917,0.009549592641702964,1.3506261606039547,0.42639550672481735,7.102167092949329e-9,8.477329705717924e7,9.031065879450639e7,0.9615451040088382,0.5020264600897237,1.9227498655659994,0.11694005746538318,37.04773430147242,-5098.6620886856435,7.0,1.0,0.865274774130836,-5098.6620886856435,5102.309439195811,0.17476594022900827,0.3023662543446335,3.0,0.0,0.5592341991082216,0.5592341991082216
1792,1,0.05752052626880734,0.06072772611218814,0.00952692316675939,1.355848417630025,0.42734053451543047,7.258606186359903e-9,1.0351849280167648e8,9.084205730896112e7,1.2076666993227323,0.5610172035023032,2.2349268639331648,0.12877005113976858,41.967775890035284,-5097.438539260498,7.0,1.0,0.9961950451985385,-5097.438539260498,5102.520879075621,-0.34488122977109015,-0.47375278554409306,3.0,0.0,0.5592341991082216,0.5592341991082216
1793,1,0.05755226403152744,0.05934427478020424,0.009533816406295054,1.3526959478212044,0.42441652349720044,7.262983201020328e-9,1.0449169255457231e8,8.746454787633425e7,1.1445761283547742,0.5387921414661487,2.225518983747311,0.11951236931162036,41.901258028089046,-5095.892643940883,7.0,1.0,0.9887656130598083,-5095.892643940883,5100.559216421805,-0.1886508290144775,-0.1886508290144775,3.0,0.0,0.5592341991082216,0.5592341991082216
1794,1,0.05812791494986001,0.062081839348279995,0.009562218024300854,1.3459260706892608,0.4283005775992586,7.174745829388238e-9,1.0717401757067148e8,9.136327509067336e7,1.2465066992489524,0.45918601270321163,2.1252985509737266,0.11739354200440476,41.35819699790023,-5100.708987616142,7.0,1.0,0.6282078639637213,-5100.708987616142,5105.580493750215,0.6450078984562424,0.7228818619005324,3.0,0.0,0.5592341991082216,0.5592341991082216
1795,1,0.05763221557174857,0.06441209836292888,0.009306923017001697,1.3406633756559794,0.4287021381534679,7.217309282060575e-9,8.528743139080656e7,9.696220091730429e7,0.9205974741049295,0.6068389141929458,2.134830730298652,0.1268179636358845,39.00530620044952,-5099.936475646781,7.0,1.0,0.997168487095054,-5099.936475646781,5106.368399325849,-0.08335493115373538,-0.32612304846315965,3.0,0.0,0.5592341991082216,0.5592341991082216
1796,1,0.058039104987515806,0.059808655511296376,0.00950809289611695,1.334597736309048,0.42639838417123965,7.12482505283334e-9,1.0897660554142019e8,9.092271366635238e7,1.1240772492745021,0.559216180797708,2.0468703295083226,0.1097186730518872,42.478618811175096,-5098.166517748271,7.0,1.0,0.9489894363806398,-5098.166517748271,5108.563179557897,-0.256463638207606,0.3384961317260604,3.0,0.0,0.5592341991082216,0.5592341991082216
1797,1,0.05757111678505656,0.06288731866151279,0.009324240769293998,1.3618185675211911,0.4355650803384639,7.190381586625827e-9,8.462405885329711e7,9.572550060442977e7,0.9798075855496237,0.5012688517098832,2.2106915184203917,0.1360789072503866,37.05078398001645,-5098.405379353294,7.0,1.0,0.9602180970292411,-5098.405379353294,5104.517585407271,0.025877360862978094,-0.1543716404503357,3.0,0.0,0.5592341991082216,0.5592341991082216
1798,1,0.05776643687306971,0.06582703134476227,0.009203542652042904,1.3365333566362687,0.42967976661694685,7.127147104705342e-9,8.129306464650248e7,1.0454111422530593e8,1.0379187744108405,0.5407527242386263,2.0602457576072046,0.1229731097358685,37.227275727763676,-5099.436858313728,7.0,1.0,0.9850953290144095,-5099.436858313728,5105.19172730857,0.012704071785265114,-0.23643150172938476,3.0,0.0,0.5592341991082216,0.5592341991082216
1799,1,0.05743163563845273,0.05623731244851355,0.009548704091233488,1.3294047443788817,0.4285956998629253,7.221869491449508e-9,1.0475456424140722e8,8.386945533023468e7,1.0724148232141457,0.5334771422082463,2.237851250909366,0.12417482904744907,38.32326573542943,-5098.97059321922,7.0,1.0,0.9799658129574091,-5098.97059321922,5104.621785677393,0.0774315511180248,-0.21413920441227674,3.0,0.0,0.5592341991082216,0.5592341991082216
1800,1,0.05795759459941561,0.0671754318070556,0.009229283954125447,1.3527948836250547,0.4353168702554147,7.125010885952069e-9,9.13604916083593e7,9.170514126202078e7,1.0380783260965534,0.49488764423731163,1.9823070526981879,0.11554022615252289,42.245857204653944,-5096.558892085133,7.0,1.0,0.7468418246675897,-5096.558892085133,5103.7686726442125,-0.5435511512896483,0.7833704905151535,3.0,0.0,0.5592341991082216,0.5592341991082216
1801,1,0.05788657819973635,0.06416067535206067,0.009168201140253001,1.3345109696262927,0.43465336063220467,7.102888816266057e-9,9.216165027626747e7,1.0341704103553873e8,1.0331706566221053,0.5558702438665595,1.9148111696667787,0.11761488560537008,46.1763290172136,-5099.30773425353,7.0,1.0,0.8939222011531308,-5099.30773425353,5102.931453667899,0.23133515380231984,0.3141903549203562,3.0,0.0,0.5592341991082216,0.5592341991082216
1802,1,0.057802870031884716,0.06245883384885962,0.00933607300426547,1.346785547150261,0.4326417704314748,7.181943207715915e-9,9.887395304296948e7,7.805739520795135e7,1.0657010938378617,0.5073261661079111,2.324169240490033,0.13160945875853344,35.02398584301757,-5097.77571058512,7.0,1.0,0.9939865149704765,-5097.77571058512,5102.584773144798,-0.09498743276253663,-0.25214394907743554,3.0,0.0,0.5592341991082216,0.5592341991082216
1803,1,0.0574314818611545,0.05896116855978188,0.00941314935160124,1.3754624175227825,0.42893825253457823,7.244265781664124e-9,9.828261114302537e7,1.007834379718609e8,1.265395494195674,0.5221691252468513,2.0380529957960976,0.10726042092283485,40.911923044331324,-5101.307180960887,7.0,1.0,0.8444320960806693,-5101.307180960887,5106.4675370952555,0.23965127982410195,0.35585065485611267,3.0,0.0,0.5592341991082216,0.5592341991082216
1804,1,0.05756346132987887,0.06131934615230627,0.009338578429371944,1.360635870459276,0.4273506943530298,7.238634431433643e-9,1.0292205818643536e8,8.469153225458726e7,0.9014934553751254,0.5492046000779996,2.2093896588914177,0.13503018102767822,37.58518942916137,-5099.394032882914,7.0,1.0,0.6638077965913322,-5099.394032882914,5109.343886071002,0.0794713002997014,0.9336718831882536,3.0,0.0,0.5592341991082216,0.5592341991082216
1805,1,0.058000063530388064,0.06336753830699657,0.00945659618085054,1.342217024969306,0.4223026984278163,7.158573494632918e-9,8.49075301672085e7,9.991724824386051e7,1.1444760309101139,0.4888859417316979,2.2955539977447796,0.1226296174352766,38.68837113106867,-5097.77084504002,7.0,1.0,0.8021852803575854,-5097.77084504002,5108.907293493799,-0.11858391687474068,0.5484710808186719,3.0,0.0,0.5592341991082216,0.5592341991082216
1806,1,0.057726889210100774,0.05741027782054549,0.00936010218560085,1.3586281042381303,0.43289794620682126,7.184982955347365e-9,1.0342258635125327e8,8.07014805645176e7,0.9746820066687955,0.5784008220069851,1.975860222335761,0.12360626255619807,40.03047068140147,-5097.733990743328,7.0,1.0,1.0,-5097.733990743328,5101.169967665507,-0.0258714370056623,-0.2227911627423964,3.0,0.0,0.5592341991082216,0.5592341991082216
1807,1,0.05777196319884139,0.058325716275416446,0.009474863024573735,1.3541542309455288,0.4161895608330936,7.288243649214992e-9,9.79945887319474e7,9.39613308299801e7,1.1096474564012129,0.5281658460655091,2.129457380593534,0.11705448199176996,46.2055534066389,-5102.0596662955195,7.0,1.0,0.25402505862014607,-5102.0596662955195,5108.150717538404,1.935304122521302,2.83634853185049,3.0,0.0,0.5592341991082216,0.5592341991082216
1808,1,0.057706350281377834,0.05803279942212487,0.009749696587605456,1.359852257898009,0.42288533357161845,7.26688114790047e-9,1.002410216449646e8,9.322154420629084e7,1.2016221174597823,0.4807307128034822,2.2039604421202506,0.12739357579518165,37.833565903388944,-5097.987027091915,7.0,1.0,0.9807684809841797,-5097.987027091915,5104.674028208142,-1.8377605515106552,-1.8581982695232,3.0,0.0,0.5592341991082216,0.5592341991082216
1809,1,0.05806329294404765,0.06330579822371021,0.009347208970928046,1.351038117357546,0.4383440860404416,7.090219382138782e-9,9.109900873420501e7,8.817560443501775e7,1.0179490923276553,0.5943900016407062,2.049895530425717,0.12171073860664518,41.11241175586315,-5097.100862827522,7.0,1.0,0.562483614502994,-5097.100862827522,5105.382977353642,0.20177611296094256,1.766875754296052,3.0,0.0,0.5592341991082216,0.5592341991082216
1810,1,0.05808552248723725,0.05967322171771217,0.009314598194860413,1.3283491893342536,0.42753183976912823,7.091164386592282e-9,8.933510055766843e7,8.865016004926312e7,1.0866427793945899,0.5150105369491698,2.1550280288784163,0.14586786900323018,40.969525842788805,-5097.52540280399,7.0,1.0,0.7805512656140979,-5097.52540280399,5103.980912008011,-0.2677814729640886,0.78058273518036,3.0,0.0,0.5592341991082216,0.5592341991082216
1811,1,0.05766597498481129,0.06667708447327754,0.009179044728872994,1.351373646053669,0.4367376072332189,7.209193126522072e-9,1.0097836230229828e8,9.007789556917852e7,1.0125702972164226,0.5457503982599294,2.24479477811172,0.104622945823926,37.94837481019134,-5099.165864287501,7.0,1.0,0.7413056110739181,-5099.165864287501,5110.576964040582,0.10060768042421842,0.7140162537516517,3.0,0.0,0.5592341991082216,0.5592341991082216
1812,1,0.058291636145260416,0.05775871350116592,0.009658207646500841,1.3551683976377338,0.4228880640946001,7.224331797313544e-9,8.888696645986666e7,8.918834073730794e7,1.0947042115670116,0.5133947365757321,2.083974944765985,0.1406761609609988,41.34429440126153,-5097.168734063576,7.0,1.0,0.7149344428279585,-5097.168734063576,5109.985691477655,-0.012093857338186353,0.8317143377907996,3.0,0.0,0.5592341991082216,0.5592341991082216
1813,1,0.05818150324026916,0.05762027340294499,0.009604502068211788,1.3676195723594455,0.4231880330586728,7.208765465788663e-9,8.776398124809662e7,8.212514852405082e7,1.212692177799933,0.5410715736672248,2.1287508248683937,0.13867633894744666,38.777343626647166,-5098.659460321259,7.0,1.0,0.7383735564820572,-5098.659460321259,5106.540670773344,0.25216941876078636,0.6861004210086321,3.0,0.0,0.5592341991082216,0.5592341991082216
1814,1,0.05762014046680855,0.06693408394820284,0.00906845446745375,1.3325328033569224,0.43715555939394574,7.0617925785997315e-9,1.0581690171880051e8,9.545836952149692e7,0.9296747746724652,0.5198195114253146,2.1275610984953888,0.11427862099006951,41.6763270650384,-5100.110341045343,7.0,1.0,0.8208810369102277,-5100.110341045343,5106.942261719927,-0.3298505031489185,0.6940659314686854,3.0,0.0,0.5592341991082216,0.5592341991082216
1815,1,0.05747766515189301,0.07082907680865269,0.009221785352261404,1.3411481354030246,0.4307555962214606,7.220896257088565e-9,1.016047556818753e8,8.629279622504644e7,1.108230407652207,0.5480383227730433,2.1534386541250696,0.10147384995289346,38.57247423095733,-5104.103452147701,7.0,1.0,0.6323628445954187,-5104.103452147701,5111.733041902974,0.20397407308701077,1.2929411058139522,3.0,0.0,0.5592341991082216,0.5592341991082216
1816,1,0.05819082153404274,0.05390721858038936,0.00947533593303223,1.3514823218136984,0.4331587971174535,7.096377913353472e-9,9.817104875532511e7,9.524611298988773e7,1.005332321920123,0.5175028422579676,2.1996341481372204,0.15050177795137976,42.47689306572796,-5102.7273637897215,7.0,1.0,0.987629624962061,-5102.7273637897215,5110.378576074932,-0.09876412385892763,-0.45720422402064287,3.0,0.0,0.5592341991082216,0.5592341991082216
1817,1,0.057979536059066875,0.06725366518719733,0.009288551568396097,1.3080157772668728,0.4307109538685254,7.161017339590422e-9,8.223306536674882e7,8.260006840391083e7,1.1300552171554077,0.570746847370561,2.055488357933173,0.14142767564565953,42.577061916003764,-5104.266877515526,7.0,1.0,0.9621937782695333,-5104.266877515526,5111.863878247464,0.18765462195187865,-0.39920674821405555,3.0,0.0,0.5592341991082216,0.5592341991082216
1818,1,0.057763461321895804,0.05694060051184179,0.009444864993667732,1.3945144408861534,0.4246478143416982,7.184558564863101e-9,1.080365091361311e8,1.0651807832208872e8,0.9885203621727208,0.5010863226591004,2.0958383491525123,0.10921234619816841,37.01520788971703,-5104.25098785619,7.0,1.0,0.8308209739195153,-5104.25098785619,5119.366725245686,-0.20172231637752702,0.5279887016549765,3.0,0.0,0.5592341991082216,0.5592341991082216
1819,1,0.05800632499808886,0.06209244043785231,0.009630640280418427,1.3483630152217356,0.41818641954104957,7.223729140763269e-9,1.1509212966039625e8,9.566062166449328e7,0.9711524220375071,0.5398773390875493,1.9007888154425228,0.13232304309259044,45.57647667282045,-5103.673735839046,7.0,1.0,0.9355129332047035,-5103.673735839046,5114.495707642446,-0.2036077486418435,0.29030726632390724,3.0,0.0,0.5592341991082216,0.5592341991082216
1820,1,0.05791395208580836,0.06319679989927719,0.009255277251808025,1.3446361471221373,0.44710046103365175,7.165174044874808e-9,8.076641034102494e7,8.665247618551846e7,1.169857491702089,0.5146106935728774,2.381661575830469,0.11513735028555569,35.0408648597771,-5105.546103573622,7.0,1.0,0.8934520123151267,-5105.546103573622,5109.53824667179,0.5898095852235201,0.5898095852235201,3.0,0.0,0.5592341991082216,0.5592341991082216
1821,1,0.057963564248565067,0.06245714645566702,0.00920676850704949,1.3672224277063774,0.43497462548774335,7.054955039255351e-9,9.249300703988881e7,8.84004948626865e7,1.088895931424378,0.531252666025872,2.0597181463535446,0.12729731146316667,40.176171057326236,-5096.380829855009,7.0,1.0,0.8571731708598558,-5096.380829855009,5109.842141007673,-1.2747548432407712,8.458000092608927,3.0,0.0,0.5592341991082216,0.5592341991082216
1822,1,0.057410518762179175,0.0566148464576119,0.009459834197380362,1.3417082443253356,0.420728383306353,7.193527421121306e-9,9.327475510478114e7,9.299556808207706e7,1.090222630930995,0.5058692408229939,2.1716068446410715,0.11555405841098977,41.5019370572589,-5097.704912467338,7.0,1.0,0.8581377785782455,-5097.704912467338,5100.7903027821585,0.3143363153894825,0.3143363153894825,3.0,0.0,0.5592341991082216,0.5592341991082216
1823,1,0.058163147046633765,0.06312183419433613,0.00935250955915444,1.3548207240168941,0.4313220786654124,7.1114764727544164e-9,9.504663402989292e7,8.728565283381425e7,1.0213481278057666,0.5533240310245443,2.2236070111376294,0.1287967399363141,38.98298731754506,-5094.520840571899,7.0,1.0,1.0,-5094.520840571899,5101.0757991781775,-0.6361829622337609,-0.6361829622337609,3.0,0.0,0.5592341991082216,0.5592341991082216
1824,1,0.05756418064388309,0.061336231965604775,0.009353739890165812,1.3350006626130757,0.43499038380243354,7.2088718798995996e-9,9.5329389416556e7,9.516381784879594e7,1.0757815872770793,0.5166512821855107,1.937379772050098,0.1201349997993226,39.7637386758498,-5095.510229815102,7.0,1.0,0.7666850313844823,-5095.510229815102,5099.431668515992,0.204460809784905,0.39075579953714623,3.0,0.0,0.5592341991082216,0.5592341991082216
1825,1,0.058275810007975604,0.0612642681361147,0.009427313786590747,1.3562365213435457,0.42516883658404225,7.138452896713586e-9,9.599791200485246e7,8.502637028859897e7,1.0977087833593948,0.5611599339774036,2.3310298583592095,0.12491871802277606,41.05509774841382,-5096.392753425771,7.0,1.0,0.9141422100455553,-5096.392753425771,5100.534218403761,0.17981289414092316,0.22423579655787762,3.0,0.0,0.5592341991082216,0.5592341991082216
1826,1,0.05784755553173532,0.062035748519374365,0.009569994994074123,1.3479922160929918,0.4201439792362893,7.14180263828689e-9,9.327669786576067e7,8.274773189114074e7,1.0894594537822548,0.5524168370640267,2.224390050696029,0.12286342755092153,42.77979969023332,-5095.944736016604,7.0,1.0,0.9366370564624902,-5095.944736016604,5099.167623390582,-0.12960521611876175,-0.4352946047392834,3.0,0.0,0.5592341991082216,0.5592341991082216
1827,1,0.05830119377292976,0.0597750958653529,0.009410949294375408,1.3590763746420833,0.4277177647400908,7.1471295808233645e-9,9.535734360386121e7,8.445196501434892e7,1.0749217929658217,0.5315395864963298,2.0788980020229535,0.12512063584501842,37.649586420363015,-5095.628913500679,7.0,1.0,0.6003327375589456,-5095.628913500679,5100.903945766962,0.10886502145876875,1.1721448763400986,3.0,0.0,0.5592341991082216,0.5592341991082216
1828,1,0.0574972561213514,0.05894346332956892,0.009394977457680805,1.356995044771967,0.42110040366857193,7.245285194418382e-9,9.262557600991157e7,9.043169089125183e7,1.0879802703333303,0.5125069381589457,2.0411037574921873,0.1203893098618382,41.56622205318162,-5096.569485555676,7.0,1.0,0.8885643625848905,-5096.569485555676,5099.584718779666,0.34913316985057463,0.34913316985057463,3.0,0.0,0.5592341991082216,0.5592341991082216
1829,1,0.05825768745588656,0.06122489565790662,0.009237742737679092,1.3484629581232461,0.43314812748701814,7.15493471422597e-9,9.865801409732234e7,8.828607397111514e7,1.0234271513103372,0.5496965854069084,2.263596577487954,0.1307189273272685,37.5383653231794,-5097.619206063437,7.0,1.0,0.8912265929024894,-5097.619206063437,5101.293294637346,0.3100357638340938,-0.6271646881004926,3.0,0.0,0.5592341991082216,0.5592341991082216
1830,1,0.05817026505243245,0.06072885578307085,0.009405862369166334,1.3514133150806447,0.4391807344859407,7.126159669848738e-9,9.164564900996955e7,8.933490375286742e7,1.0601360812846559,0.5416687542225463,2.244367239772675,0.12846593690166674,35.451662663366946,-5097.195555380194,7.0,1.0,0.88351067026793,-5097.195555380194,5101.80707566639,-0.731465544036837,-0.9008465984143186,3.0,0.0,0.5592341991082216,0.5592341991082216
1831,1,0.057463679414500514,0.05941979332799186,0.009705174577128366,1.3610379045620755,0.4173115211598676,7.2179009535954e-9,9.758615642173783e7,9.106252247262813e7,1.1534605840812853,0.5149536882693785,2.185728082212216,0.12029724546511385,46.95269535682222,-5099.788860551621,7.0,1.0,0.8711827291475281,-5099.788860551621,5106.798560674564,0.2267329720662019,-0.361661934213771,3.0,0.0,0.5592341991082216,0.5592341991082216
1832,1,0.05801119743306349,0.05909095223454578,0.00943745355126921,1.364156709386209,0.43116790557051976,7.2083431343045e-9,9.505964334441407e7,8.735273420597333e7,1.0293983241489144,0.5537840925138093,1.8621894269766885,0.13173492471868872,37.79660020883906,-5096.406680898547,7.0,1.0,0.6601610163343451,-5096.406680898547,5104.483484828299,-0.5978918159671593,0.984168453726852,3.0,0.0,0.5592341991082216,0.5592341991082216
1833,1,0.05785675413075783,0.06514236465250921,0.00947508254541916,1.3258313818808547,0.42962012029134744,7.20170344039447e-9,9.6822450415973e7,9.167411380406924e7,1.0821136714511093,0.5303170013529103,2.4301527824221103,0.11896638920446802,42.72727178940741,-5098.062966465335,7.0,1.0,0.9146338725401023,-5098.062966465335,5103.329504673506,0.17232946600324794,0.2477367750243502,3.0,0.0,0.5592341991082216,0.5592341991082216
1834,1,0.05781795462177948,0.05847315684054392,0.009460414079908542,1.3824545027555337,0.4282255938270727,7.133227306585863e-9,9.11944724736327e7,9.778361143281457e7,0.9956158163217222,0.533999678910753,2.3003829244886154,0.14355527988483782,38.25833369962739,-5099.102254234291,7.0,1.0,0.9522683596988596,-5099.102254234291,5105.271557777123,-0.13091156355221756,-0.5588135813586632,3.0,0.0,0.5592341991082216,0.5592341991082216
1835,1,0.0577587250558114,0.059278392174604524,0.009594178978412794,1.3424310739170213,0.41772982813408155,7.258107884110241e-9,9.580511689084013e7,8.177624130068208e7,1.1497218317352778,0.5213707544538159,1.9938659016890865,0.10728527103277709,40.72969432250629,-5099.0833376848705,7.0,1.0,0.9471455830454251,-5099.0833376848705,5106.094825298857,-0.021161564509384334,-0.1457827587310021,3.0,0.0,0.5592341991082216,0.5592341991082216
1836,1,0.05788042390303279,0.06012043522683905,0.00924303342983282,1.354114789520384,0.43341295635518756,7.154026894481922e-9,8.973329320004198e7,9.380487008825815e7,1.1600047291435713,0.4980863709588707,2.1446582843909012,0.12642703067364294,40.87106108202403,-5095.364564444852,7.0,1.0,0.8977160543130357,-5095.364564444852,5106.247523483645,-0.26836617165099597,-0.4198870631335012,3.0,0.0,0.5592341991082216,0.5592341991082216
1837,1,0.05781197930561709,0.06107113708441958,0.009524581779061066,1.3413653338894558,0.4284992215077794,7.189055509688823e-9,9.466964053571877e7,7.958529764960542e7,1.1489597407266416,0.5109568062700797,2.0584803710063793,0.12099462305845311,36.76312147555381,-5095.829881622877,7.0,1.0,0.9610947995892871,-5095.829881622877,5100.875373244145,0.024009016195122967,-0.2536694837090181,3.0,0.0,0.5592341991082216,0.5592341991082216
1838,1,0.05795039963085044,0.06164204573594412,0.009440720505600603,1.365844727890516,0.4221331181995476,7.167767161043626e-9,9.356026975382178e7,9.222245848514825e7,1.0296679458489837,0.5501731254837092,2.1771493948843497,0.10946228936671165,38.388523433824,-5095.548049670992,7.0,1.0,0.32318829477113614,-5095.548049670992,5103.184125303936,-0.07448132520676154,2.456280582844556,3.0,0.0,0.5592341991082216,0.5592341991082216
1839,1,0.05766890234348976,0.056225954106774965,0.009537911331915193,1.3725455787835437,0.4244918769149617,7.113763335632093e-9,9.603269048620214e7,9.115720237718995e7,1.121615095263448,0.522474591038326,2.6169959441562383,0.12595195908889067,40.9600814645468,-5101.328064311042,7.0,1.0,0.7953698162206871,-5101.328064311042,5106.024331816302,0.4731996184355012,0.7288840991031975,3.0,0.0,0.5592341991082216,0.5592341991082216
1840,1,0.05778956706100612,0.05764295164788923,0.009554331386412807,1.3663386927046444,0.42291040582680345,7.127055318436815e-9,9.321000698304735e7,9.42048459451757e7,1.0733072192150552,0.5195555547109688,2.7753934393506268,0.12180263921028846,41.38682087327775,-5101.4193540855595,7.0,1.0,1.0,-5101.4193540855595,5105.590329722731,-0.27810094813048636,-0.6406199243683659,3.0,0.0,0.5592341991082216,0.5592341991082216
1841,1,0.057592588835871865,0.059277726044284273,0.009467537635945125,1.3505417207485868,0.4204120593990343,7.1875801259321715e-9,9.27947100522768e7,8.554086707927103e7,1.0412651327238884,0.55482427506207,1.6896177737495286,0.1247927119813688,40.2442790356884,-5100.387863841491,7.0,1.0,0.9607286389332719,-5100.387863841491,5106.057609751377,-0.22255824247440614,-0.44164716903287626,3.0,0.0,0.5592341991082216,0.5592341991082216
1842,1,0.057794482107891544,0.05945329750631227,0.009452087863206476,1.3547763982688403,0.42735873177058437,7.147565721077841e-9,7.961198557164723e7,8.524337683174156e7,1.1627239430192484,0.5055272356994774,1.9381011239961843,0.1183674370423373,41.62372715788855,-5098.200786742529,7.0,1.0,0.7262471348516651,-5098.200786742529,5107.213234834597,-0.27988915300375083,0.7410150014839019,3.0,0.0,0.5592341991082216,0.5592341991082216
1843,1,0.057856482660475626,0.061497621463462875,0.009494866833863875,1.3534565994110201,0.4247730454021938,7.1071889463924125e-9,8.041737777475744e7,8.891551378546515e7,1.177046516181743,0.5725601976131152,1.9516200311701997,0.1166008919171695,42.07044200440228,-5099.491572897946,7.0,1.0,0.8038030538597296,-5099.491572897946,5105.779495127911,0.33397499530929053,0.33397499530929053,3.0,0.0,0.5592341991082216,0.5592341991082216
1844,1,0.058173542195113705,0.06171417339461366,0.009503403767172219,1.3340676595919572,0.42647669437957264,7.1463034652821146e-9,9.092227649292783e7,8.026944922197095e7,1.2019038075863044,0.5303359007557261,2.01265740888634,0.11511032694379283,36.595138941033625,-5098.113701772902,7.0,1.0,0.8958310237196004,-5098.113701772902,5106.695065597527,-0.24449154119065497,-0.40003196866473445,3.0,0.0,0.5592341991082216,0.5592341991082216
1845,1,0.05802652966705969,0.05871539682822232,0.009488598466419019,1.3774544747977344,0.42357186521801055,7.111020554347436e-9,9.259411420203668e7,8.372042563556819e7,1.1256390138725385,0.44491450558854184,2.006955081824618,0.11717376949655382,38.21099169982071,-5100.309424561258,7.0,1.0,0.8899033373565116,-5100.309424561258,5105.897750174754,0.3278578759800439,0.3278578759800439,3.0,0.0,0.5592341991082216,0.5592341991082216
1846,1,0.05776944435441817,0.06357572857151969,0.009508549849252427,1.3519897449059874,0.42504439565762003,7.200152300970887e-9,8.695657425352556e7,9.439545931855533e7,1.1657002519574025,0.5314958788915947,2.400517337892313,0.12712391545752869,38.4000968613397,-5096.8876220224765,7.0,1.0,0.9821837598895049,-5096.8876220224765,5105.227992559149,-0.3450745759464553,-0.3536511508964395,3.0,0.0,0.5592341991082216,0.5592341991082216
1847,1,0.05799107925960663,0.06159662627267768,0.009198806982046288,1.332021365974117,0.44385993254223916,7.127886007252605e-9,1.0329943536365196e8,8.518040185138527e7,0.9797909914147326,0.5605644511955187,1.8980308114775883,0.12210734787949888,40.37178568171876,-5098.680755168818,7.0,1.0,0.6857164240782119,-5098.680755168818,5103.046900718784,0.24723277397333732,0.7404112728172549,3.0,0.0,0.5592341991082216,0.5592341991082216
1848,1,0.05751427934960536,0.06490810079429254,0.009281180790143936,1.3592889828285193,0.42442485525260837,7.145925099117302e-9,9.600050596810862e7,8.786105408215998e7,1.1302537125155763,0.5099842106084495,2.247208939532313,0.12775222119415608,37.90085579265693,-5096.55528255956,7.0,1.0,0.8435198001269159,-5096.55528255956,5102.227938826074,-0.13515808977081178,0.5402134169198689,3.0,0.0,0.5592341991082216,0.5592341991082216
1849,1,0.057885669893847524,0.06241991596364729,0.009406309616092415,1.365269541586322,0.43135309307907943,7.157883767136607e-9,9.836117112275988e7,8.33292623177472e7,0.9330216293877293,0.48966678950401443,2.0351670757045452,0.11294347693190217,41.92802779165372,-5097.2126311683205,7.0,1.0,0.8805084991257756,-5097.2126311683205,5103.432356795696,-0.05304850079210155,0.29499739135098935,3.0,0.0,0.5592341991082216,0.5592341991082216
1850,1,0.05780861704068875,0.057926019529240556,0.00967910937358572,1.34876924189792,0.4214203120580432,7.263181138101407e-9,8.434048429240364e7,9.14498221355272e7,1.1585015518508637,0.542539000211323,2.155999546979611,0.1371280649258297,42.87472084848112,-5097.769222890559,7.0,1.0,0.9943206191725602,-5097.769222890559,5103.423109788859,-0.05551484444094967,-0.17891825996866828,3.0,0.0,0.5592341991082216,0.5592341991082216
1851,1,0.05789246565531246,0.06011542788224892,0.009424516711860696,1.362786810472707,0.42761767847587656,7.093506730408085e-9,1.1462757616000427e8,8.919972231834346e7,1.0677112394848156,0.512269761877455,2.084670809921176,0.12440971359424743,36.59023954434078,-5098.5123803790275,7.0,1.0,0.47583692032536684,-5098.5123803790275,5109.402354848968,0.4989261202945272,1.0353223050205997,3.0,0.0,0.5592341991082216,0.5592341991082216
1852,1,0.05767696756660144,0.06335849523968295,0.009188344902046553,1.328740031916582,0.43676027230895426,7.155216508816606e-9,7.881293514764275e7,9.082751470908041e7,1.0873164534343822,0.5467042817740714,2.1812364483282725,0.12170802135824338,42.722746415062204,-5098.919283351497,7.0,1.0,0.9848793990390572,-5098.919283351497,5106.085310425808,-0.2251416531180439,-0.2251416531180439,3.0,0.0,0.5592341991082216,0.5592341991082216
1853,1,0.057452138699452766,0.06596665893385852,0.009279043322314932,1.3220356526536874,0.43200543676244163,7.277020039588738e-9,8.835362427303287e7,8.711833418689063e7,0.9293646619893665,0.598085058613105,2.143368668524328,0.11659134360229799,41.09053889806279,-5103.1413015321705,7.0,1.0,0.7641502461794555,-5103.1413015321705,5108.954284780278,0.33552649746525276,0.5064805188067112,3.0,0.0,0.5592341991082216,0.5592341991082216
1854,1,0.05816523537895181,0.060255987961073336,0.009236252766762529,1.3425110063625394,0.4311938680842905,7.042535257132249e-9,1.1266190494876786e8,9.360217827362497e7,1.1608145327586115,0.49624737094316557,2.3996876771711833,0.11790557305600374,38.47257167745644,-5101.643970240114,7.0,1.0,0.9985932062911331,-5101.643970240114,5109.525581422394,-0.19710058751934412,-0.45718857985866634,3.0,0.0,0.5592341991082216,0.5592341991082216
1855,1,0.057723382017198434,0.06573327111813382,0.009344476682888115,1.3448904611592027,0.43653356312623937,7.311577549515398e-9,8.105450736618753e7,8.610981358720557e7,0.962396540073805,0.5680895600889803,1.8525101229622905,0.12756025039224506,41.286452243959566,-5106.169218459015,7.0,1.0,0.8308832568846297,-5106.169218459015,5110.262953053888,0.6503895414543877,0.6503895414543877,3.0,0.0,0.5592341991082216,0.5592341991082216
1856,1,0.05777621645712944,0.06240144976725679,0.009178729235278557,1.3480487826084706,0.4396443869905418,7.082066358014344e-9,8.280902885266916e7,8.871670504152764e7,1.0678504162192466,0.5693114015322724,1.9239374645617744,0.11876160563423772,39.12765518267875,-5098.456744647369,7.0,1.0,0.8250673089402109,-5098.456744647369,5112.161560175367,-0.8639926443620425,-0.8639926443620425,3.0,0.0,0.5592341991082216,0.5592341991082216
1857,1,0.05758011704097154,0.06258786899740494,0.009503047728754238,1.3510218738951782,0.4269348447813145,7.206164681326908e-9,1.0587806274578953e8,8.839727969616544e7,1.0450622220892118,0.5118381013389127,2.269974671294689,0.1224517773679377,37.34517934744903,-5095.805721228945,7.0,1.0,0.9334666246746371,-5095.805721228945,5102.737624687078,-0.14617491314402287,-0.14617491314402287,3.0,0.0,0.5592341991082216,0.5592341991082216
1858,1,0.05776057574110255,0.05688525335149059,0.00964913409678397,1.3744810985641875,0.4248856781032975,7.232781376048466e-9,9.203076262078494e7,8.678831037258314e7,1.1177382827359181,0.5129255394513957,2.0828976213079313,0.12605883175340005,41.42355242781563,-5094.661319606191,7.0,1.0,0.729209548699166,-5094.661319606191,5100.357228038303,-0.36799557997983356,0.8387057447935149,3.0,0.0,0.5592341991082216,0.5592341991082216
1859,1,0.05795538723483378,0.06234154990329452,0.00946760401897432,1.3464330888298575,0.4247768832684678,7.150258114713682e-9,9.451096834436613e7,9.031172519697137e7,1.025976748163429,0.559106968106525,2.14240700824595,0.12086118171318819,38.29171445176895,-5093.142410089123,7.0,1.0,0.9320719470279647,-5093.142410089123,5097.686977027507,-0.04772848353059089,0.1634074569128643,3.0,0.0,0.5592341991082216,0.5592341991082216
1860,1,0.05770453845760576,0.06266368044707735,0.009411032582194768,1.3322456380750616,0.43481835758821025,7.167535677188353e-9,9.617294234979673e7,9.071065130332965e7,1.1301924577461155,0.5677472550938873,1.9775691274936609,0.11434053884691135,40.51354422249695,-5096.63103230044,7.0,1.0,0.55006498304821,-5096.63103230044,5098.422921999284,0.9824763919305042,1.0425063038301232,3.0,0.0,0.5592341991082216,0.5592341991082216
1861,1,0.05789974468227751,0.06856549278418668,0.009335522430753907,1.3571393190642012,0.4334735548715731,7.1083107360160035e-9,1.0034108913801078e8,1.0022917497374462e8,0.9957715368874759,0.5166385515678342,2.1105738694862577,0.12289759950137925,45.877462265696195,-5100.197738556384,7.0,1.0,0.8239715462306183,-5100.197738556384,5106.72984513704,-0.1623921112895914,1.1206356932761992,3.0,0.0,0.5592341991082216,0.5592341991082216
1862,1,0.05762693968656124,0.056923209851610604,0.009679088307289498,1.3458871495064821,0.43314076568208243,7.1999888942019285e-9,8.973353613170786e7,8.178540824432877e7,1.10945264790663,0.5441620840007312,2.195248433240111,0.12757031273334102,35.37435238900309,-5102.104361587902,7.0,1.0,0.5633883548306864,-5102.104361587902,5108.1277862858215,1.1787610940509694,1.8054563748137298,3.0,0.0,0.5592341991082216,0.5592341991082216
1863,1,0.058078673043204944,0.0617103383796905,0.009660994944970157,1.333172215983611,0.4195342860125069,7.163713030719856e-9,9.516185711462367e7,7.955625250028403e7,1.0744356468851677,0.5085199543319292,2.183533408581875,0.11393406395082552,39.00644179951422,-5098.356561210756,7.0,1.0,0.9916446599066104,-5098.356561210756,5107.4665366369645,-1.8199555302708177,-2.198892174696084,3.0,0.0,0.5592341991082216,0.5592341991082216
1864,1,0.057681116294800855,0.05996418880003104,0.00928295204201527,1.3714095645480064,0.4399429962562345,7.195394597871763e-9,9.20536974688959e7,1.0079890525568388e8,1.0442820851482428,0.5680812369897528,2.123776128566695,0.13676492990151617,40.72400591989791,-5098.417741656931,7.0,1.0,0.975771148905862,-5098.417741656931,5102.60737249481,-0.14312833013627824,-0.19817096270435286,3.0,0.0,0.5592341991082216,0.5592341991082216
1865,1,0.05761229354713545,0.06363862450302786,0.009371194823903674,1.3757376911111117,0.4239194469089166,7.121530918056188e-9,8.683109413803563e7,8.203534589240856e7,0.9572003555449327,0.50515894161702,2.229895795217464,0.13001731484531961,42.58293911797647,-5099.865366116008,7.0,1.0,0.7257275851444042,-5099.865366116008,5107.457724005137,0.09914403736001987,0.5773456340930352,3.0,0.0,0.5592341991082216,0.5592341991082216
1866,1,0.05782609479587212,0.06674741717073575,0.009405265532529312,1.3741537650830558,0.4220451993435603,7.19561260314492e-9,9.247110270511737e7,9.15674479011805e7,1.096425658929977,0.5716240511111207,2.2232506661645357,0.12831186310561987,45.07954027483268,-5099.7215693446315,7.0,1.0,0.8385929984142703,-5099.7215693446315,5106.353788673541,0.08168458789987199,0.40976184777991875,3.0,0.0,0.5592341991082216,0.5592341991082216
1867,1,0.0579988630827585,0.054268025970989044,0.00942773780963371,1.3400601222089243,0.4263348440806613,7.191858682263001e-9,9.108517248790675e7,9.414084424022281e7,1.0642870491492125,0.485227765539807,2.1901769615988544,0.11650791268103156,36.729320143438066,-5098.836222183636,7.0,1.0,0.9189610191621013,-5098.836222183636,5103.242074643451,0.28646292959183484,-0.6140784442404765,3.0,0.0,0.5592341991082216,0.5592341991082216
1868,1,0.0577497288753986,0.06801169639352149,0.00916155240976093,1.3626244680400703,0.428404720655788,7.195159849803141e-9,1.022423111785063e8,8.586307936984049e7,1.066612381327856,0.6053527026412668,2.055334555728534,0.12589674832782707,42.55131813691031,-5101.284829052117,7.0,1.0,0.7616568215279952,-5101.284829052117,5108.09374987674,0.3967653334620991,0.5757340916952671,3.0,0.0,0.5592341991082216,0.5592341991082216
1869,1,0.05731207357752186,0.061074942386765294,0.009395442690727257,1.3723069030329402,0.43068615341967864,7.185623685753993e-9,1.0610978664123233e8,8.111792124093288e7,0.9766022538159235,0.6119399240689807,2.1671566658582324,0.1251605122043689,41.41644856876007,-5100.965077100436,7.0,1.0,0.9732260212113807,-5100.965077100436,5107.783110226464,-0.5110112733163987,-0.9081464242153743,3.0,0.0,0.5592341991082216,0.5592341991082216
1870,1,0.0584411461052574,0.06134346107921833,0.009367931417324983,1.3168933487429868,0.43274255663990274,7.095411680128371e-9,8.555793343928479e7,9.802322210482934e7,1.1291402877057652,0.4567006713794218,1.99825795317927,0.11154340958666663,40.227595000534706,-5102.419913793535,7.0,1.0,0.8062395110916957,-5102.419913793535,5107.259771192823,-0.2397883474959599,0.8123895846583764,3.0,0.0,0.5592341991082216,0.5592341991082216
1871,1,0.05744641215700169,0.0626576137962991,0.009641645400491134,1.3791353909013735,0.42374084829143793,7.339551927178254e-9,1.0224737698648158e8,8.266590456078163e7,0.9963285131347128,0.6180830955504254,2.2688823917160144,0.13707126984232423,38.83406304120325,-5104.9485174316715,7.0,1.0,0.8821505395440015,-5104.9485174316715,5110.630364994296,0.38755587804553215,0.38755587804553215,3.0,0.0,0.5592341991082216,0.5592341991082216
1872,1,0.05800486437028825,0.06193612779069067,0.009373649894579898,1.3569955131311853,0.43087591042477696,7.1644309536545176e-9,8.015343213793753e7,8.118851492914158e7,1.191143942147283,0.614938185162401,2.3086491917423135,0.13413286696070775,38.45223979882712,-5101.645036725173,7.0,1.0,0.9350094831050677,-5101.645036725173,5117.7122440961975,-0.33518955896943226,-0.33518955896943226,3.0,0.0,0.5592341991082216,0.5592341991082216
1873,1,0.05788489366286712,0.06357788587082111,0.009197281563546853,1.3253118229681227,0.42384480221954807,7.167643443937672e-9,1.0066523838737968e8,8.754137531170815e7,1.0877144750351393,0.5598066031549503,1.9514856001829106,0.11911135577574819,39.99340107143242,-5099.335930629618,7.0,1.0,0.5135201536756935,-5099.335930629618,5109.416476709594,1.0704028070813365,1.7933580322542184,3.0,0.0,0.5592341991082216,0.5592341991082216
1874,1,0.0579886010541382,0.05948408639843849,0.009176812006497191,1.3696688153012864,0.43156501261200897,7.174272606661797e-9,1.0704903048409267e8,9.563819494459234e7,1.090469293403413,0.5022249499197904,2.1993334920931304,0.12023930878390743,37.71588051722089,-5100.694280028205,7.0,1.0,0.9274653645423,-5100.694280028205,5104.627534023842,0.28355938365530164,-1.6334805302722089,3.0,0.0,0.5592341991082216,0.5592341991082216
1875,1,0.05802170708378616,0.06445615673142854,0.009320709703604338,1.366991267258214,0.43549836355025356,7.153314035581754e-9,1.1042498698167315e8,1.0478992790692836e8,1.1190848956523092,0.5122511160421955,2.196167329480886,0.11575996636590229,36.488210099829416,-5100.59868113894,7.0,1.0,0.862795484130171,-5100.59868113894,5108.833942467644,-1.1625923335313928,-1.281091743970137,3.0,0.0,0.5592341991082216,0.5592341991082216
1876,1,0.057654206140352035,0.06297970535003779,0.009322771460370284,1.3679768821800466,0.42684607265282126,7.146329273834216e-9,9.849689381444381e7,9.176472106801084e7,1.0705573034600129,0.47511334158534807,2.3038166799686035,0.11124069839824062,34.73971429525258,-5098.711738655196,7.0,1.0,0.42975260579199814,-5098.711738655196,5108.279732776591,-0.38853792881400295,2.159390962584439,3.0,0.0,0.5592341991082216,0.5592341991082216
1877,1,0.05792326463759292,0.056029045181503194,0.009503551047329799,1.3378574203466032,0.4230883055547423,7.168799866071931e-9,9.12620428407499e7,8.800388925327344e7,1.1162047171255047,0.5901170800513454,1.9051415534788014,0.13663580495238317,46.700661760974576,-5100.9232559500715,7.0,1.0,0.7966462484543487,-5100.9232559500715,5105.546644400403,0.420892312748947,0.7186692176928773,3.0,0.0,0.5592341991082216,0.5592341991082216
1878,1,0.05747592459292518,0.06537816975542403,0.009532063109613447,1.3863363491372271,0.4283779657100866,7.242885973413444e-9,1.0468767975688499e8,9.2503942899341e7,1.0233507982643633,0.47679036100871,2.4123861964502455,0.10832057358978668,35.004536880596476,-5105.281632755606,7.0,1.0,0.6889334752887749,-5105.281632755606,5112.221142749132,-0.08155902235375834,1.1631686920954962,3.0,0.0,0.5592341991082216,0.5592341991082216
1879,1,0.05793644366215587,0.05968792149544184,0.009355014253669185,1.3247471079350597,0.4331478459710436,7.131557237177208e-9,8.20147121531699e7,8.858083600008865e7,1.0333323644533519,0.5572057729438322,1.7743185885010897,0.12593754145318642,50.67007275351048,-5105.685700093561,7.0,1.0,0.9250000581459824,-5105.685700093561,5115.292827787707,-0.09101797624134633,0.6797915411143549,3.0,0.0,0.5592341991082216,0.5592341991082216
1880,1,0.058038237387421136,0.06261146996825191,0.009160529339755263,1.3387374632485705,0.4436692224406094,7.115775602244929e-9,8.770786515814258e7,8.774551792615785e7,1.1296232722049,0.5865799624961159,1.982399883670118,0.13055734587250387,47.06830135787422,-5100.854308716741,7.0,1.0,0.9880256016210553,-5100.854308716741,5110.693947572289,-0.41873903506166243,-0.6880320417940311,3.0,0.0,0.5592341991082216,0.5592341991082216
1881,1,0.05771089468266192,0.05765436757110646,0.009600407806778146,1.3620823291018669,0.41852806336404097,7.274487524337463e-9,1.0234763290463667e8,9.682016041405587e7,0.9980873481202157,0.4894406974348187,2.277210045159753,0.11592252673354417,37.83040505963629,-5098.606601579709,7.0,1.0,0.47907266888682676,-5098.606601579709,5110.514186160031,-0.35844113133771316,2.176432117976219,3.0,0.0,0.5592341991082216,0.5592341991082216
1882,1,0.05757226677325235,0.057356192803170385,0.009558755035822045,1.3839010563526664,0.42141019162021587,7.285158067531326e-9,9.824635918992849e7,8.258789959604113e7,1.090695992155098,0.5573328801938201,2.2807920266147277,0.12682819670275178,39.03834146771417,-5097.9761118870665,7.0,1.0,0.923784086344748,-5097.9761118870665,5106.9428405145745,-0.1540431228477246,0.4141272303804726,3.0,0.0,0.5592341991082216,0.5592341991082216
1883,1,0.05782888715402849,0.06212956584733063,0.009483060316002833,1.3992003023776354,0.42944064668329185,7.134918976782764e-9,8.701825839796126e7,8.136004118075542e7,1.033465781127725,0.5027070667041056,2.3214275799594444,0.10952869600572915,36.196389681158735,-5102.66704395299,7.0,1.0,0.758395974611819,-5102.66704395299,5109.168408129749,0.41730223561080493,0.7082194339400303,3.0,0.0,0.5592341991082216,0.5592341991082216
1884,1,0.05777052510814375,0.05888614997125602,0.009459155222869421,1.3111125547354514,0.42648942436515297,7.197279197013716e-9,1.0124701355395542e8,9.866532829003896e7,1.0759820173734662,0.5677548231322316,2.1051984386523572,0.13471621078513307,43.10334656067357,-5099.564281408273,7.0,1.0,1.0,-5099.564281408273,5106.08659061635,-0.5279575859831311,-0.845156392942954,3.0,0.0,0.5592341991082216,0.5592341991082216
1885,1,0.05816062218358831,0.05870196475925367,0.009329110820617326,1.3500410401043588,0.43452901776381897,7.088739061676876e-9,9.262339621136345e7,9.005358666024758e7,1.0663610230011729,0.47955963346654373,1.9282684910727212,0.13445246348807358,39.912788749523116,-5097.249613331277,7.0,1.0,0.9917933415958844,-5097.249613331277,5104.522281334178,-0.3015231976751238,-0.3015231976751238,3.0,0.0,0.5592341991082216,0.5592341991082216
1886,1,0.058035604095164596,0.06635535329429407,0.009254560057637098,1.3526628844827409,0.4289734588934509,7.133050030299042e-9,9.370404388282263e7,8.172286402080414e7,1.0273874417336537,0.5078556589607492,2.028882260163063,0.11201999066565513,39.68612972816813,-5097.255508054534,7.0,1.0,0.875474131661465,-5097.255508054534,5102.981209827778,0.13139928668169887,0.31140625523767085,3.0,0.0,0.5592341991082216,0.5592341991082216
1887,1,0.057661162088954186,0.06440855539405466,0.009109851928560526,1.3492099681473397,0.4362974583236193,7.139231122920653e-9,9.011501728141454e7,1.0127869395442925e8,1.1119537414203136,0.597554492062427,2.0406978063026604,0.12610424159129374,38.565869452837525,-5097.851684608784,7.0,1.0,0.807071057897878,-5097.851684608784,5106.918916258207,-0.09042165014034254,0.5441390746891557,3.0,0.0,0.5592341991082216,0.5592341991082216
1888,1,0.057930712495079424,0.059125921556014004,0.009380932315114592,1.3296292890183303,0.4376514160073814,7.0896827222574615e-9,8.953372196298772e7,9.554959610638353e7,1.0280212872474037,0.5576502486455011,2.2543266404751843,0.1185654662882117,32.49361780958931,-5102.958063844825,7.0,1.0,0.4779619205539777,-5102.958063844825,5110.3407155817185,1.6035794357258055,1.7996452228389899,3.0,0.0,0.5592341991082216,0.5592341991082216
1889,1,0.05793617735634095,0.06124246790074614,0.009440820392892832,1.3412676116163345,0.4264492331570259,7.21095877579597e-9,8.807471101059756e7,1.0587841185770014e8,1.005594841057662,0.5904464139410897,2.063286130843626,0.11025667979703901,40.8587345308129,-5098.694694461238,7.0,1.0,0.9653901448115784,-5098.694694461238,5109.056848986242,-1.384349083977213,-1.393930020213702,3.0,0.0,0.5592341991082216,0.5592341991082216
1890,1,0.05769407704131007,0.06239449068024845,0.00926498192862698,1.3724140550414974,0.4363610574422275,7.1716733155144785e-9,8.964297130768527e7,9.226764134033221e7,1.017275955869036,0.4910454806621212,2.163935783864038,0.13412827361833635,38.51102754803183,-5096.41218092241,7.0,1.0,0.9759232474623776,-5096.41218092241,5102.829872764541,-0.22293307577092492,-0.22293307577092492,3.0,0.0,0.5592341991082216,0.5592341991082216
1891,1,0.057850655182312034,0.06440741166175082,0.00929434458394537,1.3625554927480859,0.43460911958949466,7.1782255081887544e-9,9.742356630390058e7,8.710749276573296e7,0.9990626119654012,0.4690470382364747,2.303855302508172,0.13781180820461972,36.91012165542886,-5098.240229025247,7.0,1.0,0.7512733836755755,-5098.240229025247,5104.928513662212,0.19253126705916657,0.4724273333513338,3.0,0.0,0.5592341991082216,0.5592341991082216
1892,1,0.058068417852686245,0.05814538966298196,0.009513240628960331,1.3469670820496504,0.4204886758978349,7.124629621959422e-9,1.0384482172526152e8,9.027418797069927e7,1.0297331590691903,0.5713189622682111,2.180695602597549,0.11779211684545586,41.19430251503012,-5096.352964468076,7.0,1.0,0.8391092531864134,-5096.352964468076,5104.938130228646,-0.11367544815129804,0.4441907112886838,3.0,0.0,0.5592341991082216,0.5592341991082216
1893,1,0.057528363226281305,0.06319971209812998,0.009409837576230436,1.3523153193533795,0.4321317899620493,7.174524870044057e-9,8.413365590373442e7,9.008430524915808e7,1.0911990838299652,0.4968835474588671,2.0302094323481086,0.12553735846175756,38.44794370730972,-5096.771647729996,7.0,1.0,0.8456048699930744,-5096.771647729996,5103.851026833036,0.06013490953409928,0.4168592557534794,3.0,0.0,0.5592341991082216,0.5592341991082216
1894,1,0.058086257596421415,0.06128611008713645,0.009308897220331576,1.3475207316543176,0.4373199560980524,7.16022669854676e-9,8.923351022496909e7,9.244962723410511e7,0.9860728471995448,0.5492580505632046,2.2268926897538845,0.11682129077251499,38.218686891223385,-5095.275012716072,7.0,1.0,0.9544738795040207,-5095.275012716072,5100.306226751031,-0.5569940569957907,-0.5569940569957907,3.0,0.0,0.5592341991082216,0.5592341991082216
1895,1,0.0576406856089763,0.06427063219748458,0.009390108242831829,1.3692060002271684,0.4231515311440866,7.149463939705986e-9,9.243363261054276e7,8.974262746445127e7,1.088282614205011,0.5143721540929438,2.051604315928933,0.11870098166826376,42.30518552111476,-5095.821947431317,7.0,1.0,0.7482664560250145,-5095.821947431317,5101.476393663532,0.12524687667792023,0.7453207641274275,3.0,0.0,0.5592341991082216,0.5592341991082216
1896,1,0.057795972541987366,0.0576079211802553,0.009533297907340959,1.3525106071685158,0.42667988581197636,7.276154367015721e-9,9.657036782693401e7,8.794151963115522e7,1.0971360278044235,0.5205320921065243,2.034114308717676,0.12024058443016783,38.75761855992182,-5094.785229059789,7.0,1.0,0.7914311350667333,-5094.785229059789,5100.784318549661,-0.1341623981579687,0.48721168323390884,3.0,0.0,0.5592341991082216,0.5592341991082216
1897,1,0.05799151989731668,0.06334788191378916,0.009472694739172446,1.361767104623649,0.4217288335647374,7.143395472504933e-9,9.394721640226118e7,9.117805249615972e7,1.0263196442288833,0.5474860297529089,2.1429619413897836,0.12419334689069694,41.87627485999138,-5094.52917138747,7.0,1.0,0.8921363897360136,-5094.52917138747,5099.59191624011,0.022038915804841963,0.3768056844628518,3.0,0.0,0.5592341991082216,0.5592341991082216
1898,1,0.057821108616568764,0.05931972821089969,0.00955699152269434,1.3846263748795087,0.42495992828968965,7.182600472288539e-9,9.62288231180453e7,8.134285565429161e7,1.0246105719464638,0.4887993713742791,2.1720972932212907,0.12857338417184805,38.96062190499038,-5096.219890876335,7.0,1.0,0.9320474174260835,-5096.219890876335,5099.628373566462,0.04486999497476063,0.1934306887378625,3.0,0.0,0.5592341991082216,0.5592341991082216
1899,1,0.057780582189913166,0.061177911594209114,0.009475397280010726,1.3641940987604817,0.4275144939928434,7.1941846050696385e-9,9.570095857375775e7,9.51303768753051e7,1.091634902151982,0.6213381639657984,2.1391295225959706,0.12179731427596402,41.62358705770231,-5095.617854758177,7.0,1.0,0.8488263426354762,-5095.617854758177,5102.4689292484745,-0.001757046934471873,0.4156973658991774,3.0,0.0,0.5592341991082216,0.5592341991082216
1900,1,0.05788407743855814,0.060405950805432575,0.009477096719144602,1.3542101469379835,0.42703513107462193,7.174952219238811e-9,9.635754351715928e7,9.559251034016071e7,1.1039047224367962,0.6254070538367263,2.2492023117092446,0.12197250536144208,38.136606850217625,-5095.768205471672,7.0,1.0,0.962533857244536,-5095.768205471672,5099.899327829784,-0.003661683978862129,0.10486467101509334,3.0,0.0,0.5592341991082216,0.5592341991082216
1901,1,0.05787513885754332,0.06138666814862429,0.009329935343146478,1.3518906450550312,0.43397625039139176,7.1527102610015665e-9,9.013348155493498e7,8.284619539601462e7,1.1504862823083108,0.5013770975274445,2.0542006461815587,0.11796533028587816,37.858257514724926,-5094.5860477281285,7.0,1.0,0.8224624898837251,-5094.5860477281285,5101.626081087957,-0.15453252233601233,0.37381500321680505,3.0,0.0,0.5592341991082216,0.5592341991082216
1902,1,0.05783778576877018,0.059680382293326215,0.009273393249583654,1.341267643376434,0.4335737519159582,7.123479121945885e-9,9.78476052296415e7,7.809744948690112e7,1.0982840032556975,0.5688332483918049,1.9686469942015583,0.126487964085542,36.75041474858498,-5097.076213503885,7.0,1.0,0.796971467286501,-5097.076213503885,5099.761169504122,0.27476012475835887,0.3261814033903647,3.0,0.0,0.5592341991082216,0.5592341991082216
1903,1,0.05786404000354197,0.05816947074228143,0.009493246129125221,1.3292574052167538,0.4201182960934213,7.291544557138276e-9,9.686837239837074e7,1.0392724419973077e8,1.016883399080321,0.5434719307550352,2.1245348225471834,0.1188676543970767,44.734496644924384,-5102.272432483103,7.0,1.0,0.3624293791096848,-5102.272432483103,5108.000651413555,1.3815067135874415,1.9049837375214338,3.0,0.0,0.5592341991082216,0.5592341991082216
1904,1,0.05785174677321706,0.05651204705578602,0.009616617482911677,1.340960345318158,0.42513382799044763,7.130365602317445e-9,9.07157886706522e7,1.0250881359002636e8,0.9989215469973967,0.5496889563266053,1.9455137031891805,0.1162842615554999,42.34328913788174,-5098.803310491312,7.0,1.0,0.9872332991941126,-5098.803310491312,5105.53499172945,-1.2372702588436368,-1.2372702588436368,3.0,0.0,0.5592341991082216,0.5592341991082216
1905,1,0.0577529683043719,0.06278828684698967,0.009564343626576773,1.3631821346957798,0.430006195742065,7.2127010262434725e-9,9.7758445108414e7,7.705358337792595e7,1.119998721096663,0.4885900542896924,2.141041356134252,0.12883160171755664,37.07781333298081,-5099.083218440311,7.0,1.0,0.8626010359336581,-5099.083218440311,5101.824886298552,0.5332694235439703,0.5332694235439703,3.0,0.0,0.5592341991082216,0.5592341991082216
1906,1,0.05804250458031758,0.05737060470900512,0.009507471754038908,1.3468845469713804,0.4254926256477552,7.197902775338107e-9,8.93858419419454e7,1.0387776179903807e8,1.0112232226235207,0.5685543629213566,2.085818071085076,0.11749325626861726,42.26730270947956,-5096.8537259695595,7.0,1.0,1.0,-5096.8537259695595,5100.063830431783,-0.6719572028578114,-0.8084637833853776,3.0,0.0,0.5592341991082216,0.5592341991082216
1907,1,0.05762936443273675,0.05847227621791053,0.009388656459927647,1.3634332064271089,0.4316304226395549,7.180980535692409e-9,9.890181273794672e7,9.266200815235953e7,1.1230112614209884,0.5350581715022996,2.3433807221164376,0.11694904495725153,38.07432632692418,-5095.251548822276,7.0,1.0,0.9979827620027306,-5095.251548822276,5100.1292103123205,-0.1970936713350966,-0.1970936713350966,3.0,0.0,0.5592341991082216,0.5592341991082216
1908,1,0.057908501259409245,0.0635681640294906,0.009410280246696233,1.3345877151379928,0.4288313272023068,7.1798188972171376e-9,8.871451524968627e7,8.17296008963747e7,1.0080101751814485,0.5566042878167886,1.8360858968077345,0.11697914309324843,38.89082864137906,-5097.498902172665,7.0,1.0,0.6176164316673491,-5097.498902172665,5102.113485369749,0.27210253212888347,0.8062367096217713,3.0,0.0,0.5592341991082216,0.5592341991082216
1909,1,0.057621116231289765,0.06095368039625425,0.009530649007119415,1.3653243867497284,0.4198877235326579,7.142073381846791e-9,9.21594441473401e7,9.192838712536782e7,1.0725834225400603,0.5091702393677265,2.078274588324372,0.11877526046944584,40.1169343654114,-5095.38965779929,7.0,1.0,0.8469758592905803,-5095.38965779929,5102.485337565388,0.025902947219037742,0.5194903060228171,3.0,0.0,0.5592341991082216,0.5592341991082216
1910,1,0.0577820507480953,0.06167969193038072,0.009394257917108673,1.3847571065154796,0.4233699536277833,7.110660991964308e-9,9.686253457256547e7,8.814648990697655e7,0.9866717215998552,0.5103574439890793,2.0483641298682116,0.1321384132118866,42.34966152015746,-5098.1639691477185,7.0,1.0,0.843864887702462,-5098.1639691477185,5101.406413879263,0.08269994493730337,0.5465291867467386,2.0,0.0,0.5592341991082216,0.5592341991082216
1911,1,0.057846628459167604,0.06355196762020884,0.00943324774799121,1.3706755861060391,0.42680764355966777,7.158321557257779e-9,9.184958709076485e7,8.51926554313722e7,1.0189506484128363,0.5627178563237634,2.136555455875911,0.11319870216784694,43.18163884185564,-5095.871250499582,7.0,1.0,0.9702541923930034,-5095.871250499582,5101.545310717645,-0.30580295357958676,-0.30580295357958676,3.0,0.0,0.5592341991082216,0.5592341991082216
1912,1,0.05816479548172645,0.057378439592235445,0.009521324181567245,1.3583145451356482,0.4292883824005244,7.194371746908954e-9,9.117944316340396e7,1.0172902818691786e8,1.0853873839646222,0.5529692459342856,1.9846249972423533,0.11562355337805984,42.46950617652972,-5096.892010790642,7.0,1.0,0.7470647561580318,-5096.892010790642,5102.16825623621,0.177273361884545,0.47789940527673025,3.0,0.0,0.5592341991082216,0.5592341991082216
1913,1,0.057554334392319786,0.06442411915351035,0.009309589667641453,1.3483883324502333,0.43047076903656856,7.195206100904917e-9,9.883828523329888e7,7.872329660798691e7,1.0452064965416539,0.5073026060988232,2.1543863794700586,0.13271493684941807,37.49813067551221,-5096.674127159481,7.0,1.0,0.8321609480493112,-5096.674127159481,5103.191801749885,-0.020793784326087916,0.347285599415045,3.0,0.0,0.5592341991082216,0.5592341991082216
1914,1,0.05825747514511792,0.05758373272333898,0.009587275756983774,1.34930804172563,0.4232932794242893,7.1688625590527585e-9,9.066627120033465e7,1.0098719430929926e8,1.0707379448981988,0.525104494082919,2.1450288902882857,0.11420994579764715,44.578365957246014,-5097.446762229835,7.0,1.0,0.9658586549609028,-5097.446762229835,5099.445925966254,0.07192152436073229,-0.19706944651807135,3.0,0.0,0.5592341991082216,0.5592341991082216
1915,1,0.05789224208922662,0.06273184938445422,0.009461735149019934,1.3473571469714791,0.4265119379994081,7.134652732507542e-9,8.98904703047415e7,9.058659079760143e7,1.1135028371303277,0.5131273738934288,2.1938313472340054,0.1217447633229885,36.647739152485144,-5094.21791175904,7.0,1.0,0.9139454072205083,-5094.21791175904,5101.463300170308,-0.17952415394483978,0.2469778923141348,3.0,0.0,0.5592341991082216,0.5592341991082216
1916,1,0.057745182219944506,0.05830543693730737,0.009550306545916164,1.355258358578674,0.4355123219345905,7.224933741007612e-9,9.935815867385219e7,8.777273524350947e7,1.004372304221617,0.5466045074253539,2.0689509419283274,0.12136573501129101,43.44232188005167,-5096.931818773964,7.0,1.0,0.5601939795887312,-5096.931818773964,5100.534588156982,0.8664458890943934,0.9675073177695594,3.0,0.0,0.5592341991082216,0.5592341991082216
1917,1,0.05798719552971025,0.05949657646094404,0.009364197158405259,1.3480381486584663,0.4322252193476783,7.196124626257491e-9,9.251136086526564e7,8.713253213097389e7,1.0975027616694408,0.5327864822792848,2.1097094557982405,0.12573556367434713,39.27951891593378,-5093.405232371295,7.0,1.0,0.9854372258996117,-5093.405232371295,5098.035113953045,-0.7335844989765974,-0.8706700321008611,3.0,0.0,0.5592341991082216,0.5592341991082216
1918,1,0.05783512532422616,0.05961003343146673,0.009518409560826151,1.3652757588421145,0.42857957159930976,7.184146160568352e-9,8.975847091788621e7,8.152422471098372e7,1.0713125752988135,0.52965040114473,1.8803006736596823,0.12293878116775733,42.12113003491408,-5095.699732032214,7.0,1.0,0.6292126401448107,-5095.699732032214,5098.613926741767,-0.01075608214159729,0.946211925796888,2.0,0.0,0.5592341991082216,0.5592341991082216
1919,1,0.05823510947857186,0.058857354749095266,0.00970196340877275,1.3537978396080221,0.4194073475532648,7.12558610459823e-9,8.926522200307272e7,8.781897119528884e7,0.9943626344443658,0.4886526866948391,2.2361656510142325,0.12073727460628329,37.591184176056174,-5097.708606542186,7.0,1.0,0.8271271765022539,-5097.708606542186,5101.512018755211,0.2880810179967739,0.39043833415507834,3.0,0.0,0.5592341991082216,0.5592341991082216
1920,1,0.057693248537734554,0.05817502449465421,0.00972412868741589,1.3596345269744807,0.42181742621113727,7.24730981053445e-9,9.968667109666392e7,8.37901414877056e7,1.2906388171020842,0.5464555421149955,2.0217359017245466,0.12868662328287506,43.27542543352624,-5099.380159738217,7.0,1.0,0.7805081324039324,-5099.380159738217,5108.450423651961,0.1268807662636391,0.672301688457992,3.0,0.0,0.5592341991082216,0.5592341991082216
1921,1,0.057860534905618696,0.056455176905263374,0.00969966715338176,1.3824763728856095,0.4209002050465234,7.258420321929011e-9,9.27760581679591e7,9.861864748477545e7,0.9586228361296186,0.5183274671010799,2.2222471764186453,0.11840777642869911,36.82547515898803,-5098.299579579672,7.0,1.0,0.8818534626883598,-5098.299579579672,5106.508869439204,-0.38424716779809387,0.4157200868057771,3.0,0.0,0.5592341991082216,0.5592341991082216
1922,1,0.057796541729643554,0.0604389420492307,0.009492337834097687,1.3538874390709519,0.42606141982444856,7.174776662101469e-9,9.872851791262028e7,8.136798217726828e7,1.1331560951917918,0.482813899684612,2.071580490757378,0.13499648599320452,43.04727646544681,-5096.298379797922,7.0,1.0,0.7915294003519752,-5096.298379797922,5105.525131492905,-0.07621646892221179,0.3563747280950338,3.0,0.0,0.5592341991082216,0.5592341991082216
1923,1,0.058041261715818915,0.058463887393436526,0.00944769323171121,1.3504824383469431,0.4275027664535994,7.164948423974786e-9,8.695810949457572e7,9.954754023286659e7,0.997108444872604,0.5867411301891191,2.045362238167311,0.11362855189554233,36.23932572127158,-5097.0888840967955,7.0,1.0,0.9317381866770076,-5097.0888840967955,5102.483599706068,0.05061004014169157,0.22312154058181477,3.0,0.0,0.5592341991082216,0.5592341991082216
1924,1,0.05757676454150546,0.06359742290129046,0.00915438511956293,1.3393500288440434,0.4412171251523692,7.127324878789654e-9,1.0117863052646284e8,8.371916598869576e7,1.1241243848887255,0.4927588306002404,2.1840874672257486,0.13431880783895878,42.16938413063767,-5097.892865707305,7.0,1.0,0.8455144925478686,-5097.892865707305,5101.746765035503,0.2595754886706345,0.2771139456790479,3.0,0.0,0.5592341991082216,0.5592341991082216
1925,1,0.05763439006776902,0.06315954542911206,0.009324347914799459,1.3339589008727677,0.42937983816454595,7.218559349599653e-9,8.888066613930406e7,8.393190286254083e7,1.0707071565697486,0.5331846082479148,2.22111713161543,0.1306835958388532,44.3242024489661,-5096.575430298894,7.0,1.0,0.9091289243279063,-5096.575430298894,5102.618066390844,-0.1652270060067167,-0.3277801799140434,3.0,0.0,0.5592341991082216,0.5592341991082216
1926,1,0.05784512900160439,0.05382733654970472,0.009622724102432024,1.3647335668833473,0.42112685659369337,7.250617932684226e-9,1.0002786844516881e8,8.910810817298847e7,0.988834339660525,0.5441087706523189,1.8479751830392759,0.12695034426701005,39.63153225541957,-5099.409432509645,7.0,1.0,0.7190471367790148,-5099.409432509645,5104.985922049283,0.5361046457846896,0.6653529075083497,3.0,0.0,0.5592341991082216,0.5592341991082216
1927,1,0.057830455795446226,0.06346617251703439,0.009388706928231672,1.3642162357249745,0.4240974091363802,7.195314720909614e-9,1.0092059524112591e8,9.376950044606842e7,1.1226862277920289,0.52409087993042,2.2743893385416305,0.12154550322029198,39.35074947986099,-5095.4700151132665,7.0,1.0,1.0,-5095.4700151132665,5101.297880004695,-0.32741344870009925,-0.5917296057896237,3.0,0.0,0.5592341991082216,0.5592341991082216
1928,1,0.05798859159903355,0.06009327266134629,0.009552345338129438,1.3388525876088941,0.43187008046014974,7.202001293484367e-9,8.926694078640361e7,8.442200084094895e7,0.9899337675668317,0.5318002440261034,1.9762682301860552,0.12301227911091825,38.4874265631465,-5095.678108932578,7.0,1.0,0.9484700779596105,-5095.678108932578,5099.156021924428,0.050453769986233965,-0.29994905970852415,3.0,0.0,0.5592341991082216,0.5592341991082216
1929,1,0.05798313208468665,0.05915340368806145,0.009444616226672344,1.3616266886348163,0.4284011808485433,7.222410968947916e-9,8.466305150450353e7,9.223285564847851e7,1.0260024091584166,0.5173791127846273,1.9651977452281453,0.10810585654980163,40.16335759854022,-5097.050426108687,7.0,1.0,0.5476460978286061,-5097.050426108687,5101.956630490646,-0.0817139667324227,1.5358711075759857,3.0,0.0,0.5592341991082216,0.5592341991082216
1930,1,0.05789056575118967,0.05848628116625642,0.009743607539940344,1.3522228977380422,0.4224683782099616,7.1794714316694715e-9,1.0317131996724159e8,8.773710378382118e7,1.1181470267588445,0.5418263079652953,2.23279291370984,0.1466304176445741,39.18976585366942,-5099.0097051318135,7.0,1.0,0.49781247408157575,-5099.0097051318135,5105.702180083805,0.8147079693044361,1.3914737951527059,3.0,0.0,0.5592341991082216,0.5592341991082216
1931,1,0.05763150568006645,0.061267109994705374,0.0093746653992096,1.3546319209047795,0.4258230025175999,7.1528216553124656e-9,8.601800479661693e7,9.290574169277914e7,0.9968551681224548,0.5215756429141231,2.014564972804063,0.10450884533813921,39.193957815914445,-5097.320788952832,7.0,1.0,0.996713005648808,-5097.320788952832,5103.769124443465,-0.6788177005728357,-0.8261947247019634,3.0,0.0,0.5592341991082216,0.5592341991082216
1932,1,0.058029056497263615,0.06682132659159834,0.00917798696860955,1.3386172065738815,0.4379816377596191,7.1465070582066825e-9,8.974643937280117e7,8.976282717380562e7,1.1073018412149342,0.5709781135994649,1.9637960984478424,0.14761225015137028,36.86839118565744,-5100.032490228562,7.0,1.0,0.8845380852485231,-5100.032490228562,5104.983477868431,0.26003861321441946,0.26003861321441946,3.0,0.0,0.5592341991082216,0.5592341991082216
1933,1,0.05772783807066094,0.060173580067432994,0.00907033048387661,1.3325129311356354,0.4345924518418579,7.128863076539606e-9,9.533547755384682e7,9.278343430080967e7,1.0051773188741118,0.4805143207346523,2.2515427570629973,0.12419055658474921,39.17805493886741,-5097.793120214201,7.0,1.0,0.6823943204210084,-5097.793120214201,5107.201980185604,0.22083887703593064,0.8537785531698319,3.0,0.0,0.5592341991082216,0.5592341991082216
1934,1,0.05780151730263814,0.05916761763668963,0.009498757584176853,1.3594268441840653,0.425274656498142,7.1564611978071445e-9,9.370532054870348e7,9.624711294083123e7,1.103324072187797,0.5758112652029765,1.991240491943769,0.12339069334374439,39.875213533363706,-5094.324237885005,7.0,1.0,0.7268963296795589,-5094.324237885005,5101.2030620708265,-0.8510442066990436,0.9663989162727376,3.0,0.0,0.5592341991082216,0.5592341991082216
1935,1,0.057890791253316747,0.06197106957197676,0.009428983908498056,1.3582558757296126,0.42579208324781886,7.170530753248958e-9,9.475075975587672e7,8.33253527083901e7,1.0581582204993556,0.4774296971254172,2.259309928494028,0.12165421972034013,41.089175715790084,-5094.731483274641,7.0,1.0,0.9237066720651167,-5094.731483274641,5099.299049785826,0.00039397609452862525,0.2396167104197957,3.0,0.0,0.5592341991082216,0.5592341991082216
1936,1,0.057774161444456545,0.06032787753531354,0.0095255194795544,1.3507301475256512,0.4219369920527447,7.185039635515427e-9,8.736882854077806e7,8.429711438921796e7,1.0269817605766325,0.45229259682763917,2.1326643459806314,0.11239862251255947,42.93989104231185,-5097.968137432917,7.0,1.0,0.7205979856310647,-5097.968137432917,5105.055631048186,0.23175163262658316,0.6015464101683392,3.0,0.0,0.5592341991082216,0.5592341991082216
1937,1,0.05771104165941404,0.05916956067105464,0.00957092902446778,1.3708404321567078,0.4247093421341448,7.203316000874278e-9,1.0381228973138763e8,8.659755083204082e7,1.1470329998731859,0.5191500596225473,2.0631360417923292,0.11358505670111403,42.176658395908746,-5095.682437844277,7.0,1.0,0.8176153267911389,-5095.682437844277,5102.600761469007,-0.2192926476982393,0.44503369533413206,3.0,0.0,0.5592341991082216,0.5592341991082216
1938,1,0.058097449529706365,0.062141911578197005,0.009334390570197103,1.3386011910311277,0.4298156783868851,7.138605234550215e-9,9.21636635975418e7,9.060619547042127e7,1.104245955385329,0.5783511311021879,2.203988784566145,0.13173848702442817,38.36488662389426,-5094.601677567971,7.0,1.0,0.9408155289212229,-5094.601677567971,5098.710508137093,0.01931107877226168,0.18661476463330473,3.0,0.0,0.5592341991082216,0.5592341991082216
1939,1,0.058019592683209914,0.06464813329117296,0.009460604434535124,1.319093094297506,0.43596744684266264,7.163225886169698e-9,9.373512551675291e7,8.571737940913264e7,1.1228467656502565,0.5377388340644862,2.19170742465321,0.12122702293655589,38.66907545430091,-5098.438799390618,7.0,1.0,0.4148885061807267,-5098.438799390618,5105.566098076206,0.9492777445893807,1.3196903825037225,3.0,0.0,0.5592341991082216,0.5592341991082216
1940,1,0.05724866938031939,0.06040902562451682,0.009154817241473705,1.3404306907061694,0.4344878394870105,7.1121826328022944e-9,1.0070252355050609e8,9.707300749786146e7,1.0752966378837712,0.5252495426284831,2.0863042249287314,0.14068561010498434,37.44221012873423,-5100.791262313017,7.0,1.0,0.9143249978397472,-5100.791262313017,5108.9505660184,-0.11641925577350776,-0.4957553949125213,3.0,0.0,0.5592341991082216,0.5592341991082216
1941,1,0.05730204242491795,0.06059796224216573,0.009070541210648222,1.3672274420486248,0.43608698453482264,7.120110986586394e-9,1.025914501533544e8,9.723119539603157e7,1.0584587458775967,0.5422347723885578,1.995258012807864,0.12905600837465092,38.804041061884064,-5100.639796227619,7.0,1.0,0.9886848358709448,-5100.639796227619,5108.86673256592,-0.26564330061319197,-0.32373074537372304,3.0,0.0,0.5592341991082216,0.5592341991082216
1942,1,0.057551577695153136,0.06325127615485374,0.00923011650474154,1.3452271990994755,0.4375849939546018,7.226151801836425e-9,9.44971220578904e7,9.31990316210435e7,0.9816884019675601,0.5748675520433429,1.8878246168927413,0.11295389531848701,40.77210582161532,-5098.179524463597,7.0,1.0,0.726305560310486,-5098.179524463597,5106.30207852118,-0.4726408468604859,1.073253697582004,3.0,0.0,0.5592341991082216,0.5592341991082216
1943,1,0.057665685506666564,0.06006204518649916,0.009174308960529284,1.3398611337257138,0.43735343502659185,7.112375269984419e-9,1.0382091856369807e8,9.414128856292555e7,1.102293145135085,0.588360153068937,2.2490455345842357,0.11856047221003825,37.421805907838504,-5097.189601138499,7.0,1.0,0.8352898404624342,-5097.189601138499,5104.590588780033,-0.052016152460964804,0.3798676387123123,3.0,0.0,0.5592341991082216,0.5592341991082216
1944,1,0.05804269653099875,0.062289565177341216,0.009635404337389054,1.3717862355941146,0.4228615217807662,7.1823480974791525e-9,8.890523869438511e7,8.979417085993546e7,1.0475490670325867,0.4374302421587746,2.035400153221898,0.11689139650565862,40.91779340811203,-5099.590899167945,7.0,1.0,0.7794736152081929,-5099.590899167945,5106.86901450689,0.2013455167225402,0.5785698124727787,3.0,0.0,0.5592341991082216,0.5592341991082216
1945,1,0.0577425219963453,0.06401323723349718,0.009497507375649788,1.367302597597098,0.4190010107501025,7.2240997147870986e-9,9.419193742393391e7,9.498429486634287e7,1.0415502103838825,0.49187406986119925,1.9672854518079643,0.11770587970254241,40.76539757169261,-5097.267132903185,7.0,1.0,0.7754645848591339,-5097.267132903185,5108.65175451442,-0.07180180266550451,0.5086244409812934,3.0,0.0,0.5592341991082216,0.5592341991082216
1946,1,0.057897708459465756,0.06125676566405367,0.009477746955846866,1.3551113964103803,0.430190841091039,7.17110503660737e-9,8.877523142854397e7,9.610421573290786e7,0.9836414013671291,0.581047629929934,2.076094469107368,0.1255305906399899,34.90419200979603,-5096.436367841237,7.0,1.0,0.6069219337854445,-5096.436367841237,5104.148761258993,-0.2179835112847286,1.3087888729160113,3.0,0.0,0.5592341991082216,0.5592341991082216
1947,1,0.057727395721059185,0.06302441858315329,0.009176703323402601,1.3345656768461356,0.4362139228459491,7.085511959066495e-9,9.852591265487354e7,9.255230802270763e7,1.2265819964538793,0.4786981224445823,2.1612979245932173,0.11013784093370246,43.70241152696894,-5099.670740019069,7.0,1.0,0.6858660373789863,-5099.670740019069,5104.032501895746,0.3356667521456984,0.644401389581617,3.0,0.0,0.5592341991082216,0.5592341991082216
1948,1,0.05780411438142973,0.05900667383562458,0.009305457708314094,1.3565257721626705,0.42646936104066346,7.158510463477265e-9,8.96587896684987e7,9.002265067367107e7,0.9283883728609197,0.5792658294307214,2.08393812307564,0.13680742073694754,37.34994584753165,-5098.062996039033,7.0,1.0,0.9479334294485918,-5098.062996039033,5102.88031810016,0.19519637438042992,-0.25623503611313936,3.0,0.0,0.5592341991082216,0.5592341991082216
1949,1,0.057944734921623726,0.060024057468039176,0.009407972477021319,1.3371802677257725,0.4271974440293933,7.2473406487382465e-9,9.808040755652338e7,9.299561246525212e7,1.053982678606185,0.5849764677359311,2.107360820604454,0.11824242295596998,43.134801573379875,-5096.757444601304,7.0,1.0,0.5962080161833906,-5096.757444601304,5102.917291705684,-0.0031559555063722655,1.289470497414186,3.0,0.0,0.5592341991082216,0.5592341991082216
1950,1,0.05774842922323704,0.05984791718536702,0.009606000696598099,1.374691571587326,0.42563724587075585,7.191860226308181e-9,9.946835258746283e7,9.283928098190846e7,1.0280523710370506,0.47873388875585454,1.998887723403833,0.12150540017585922,42.34736390343265,-5096.382123618353,7.0,1.0,1.0,-5096.382123618353,5099.911583302776,-0.2471208416582158,-0.6138153656511349,3.0,0.0,0.5592341991082216,0.5592341991082216
1951,1,0.05787373638230569,0.06092042258954332,0.009427886236869274,1.328585499526328,0.4293924293987509,7.1484509402180586e-9,9.115082146409492e7,8.32649453468471e7,1.2796037925303583,0.5733948668602684,2.2701177883726205,0.12436684089458522,36.24495116347343,-5098.837297376804,7.0,1.0,0.9140031780946869,-5098.837297376804,5101.780836429119,0.0008552781710022828,0.32131210203624505,3.0,0.0,0.5592341991082216,0.5592341991082216
1952,1,0.05780521624344638,0.060981277360591515,0.00938201375706945,1.3687698909887873,0.42736817478642714,7.169392937425786e-9,9.552132520095582e7,9.56635401097876e7,0.8924161465834971,0.47646638106342365,1.9823219900982891,0.12096965550977523,41.91873229140522,-5098.818417441329,7.0,1.0,0.99430160743342,-5098.818417441329,5102.73145593037,0.040706113699343405,-0.21309562785154412,3.0,0.0,0.5592341991082216,0.5592341991082216
1953,1,0.05791118035166953,0.06040208362208766,0.009246319963272718,1.338476431294623,0.4282964553603024,7.162891282974553e-9,9.408315334195739e7,8.736180611787727e7,1.0909314956910614,0.6059680342395679,2.137140163994819,0.12137226801293378,37.55533902842252,-5096.338831659442,7.0,1.0,0.710119659249033,-5096.338831659442,5102.506260101049,0.3618039143002534,0.9569360304067231,3.0,0.0,0.5592341991082216,0.5592341991082216
1954,1,0.05788955036408414,0.06490521271415989,0.009445572226931181,1.3245966177931263,0.42722409393898275,7.179378909736845e-9,9.914305150395918e7,8.5137257557233e7,1.0996068860983554,0.4872073650612998,2.261819610784952,0.11593664753486668,43.37145318847243,-5097.978079724956,7.0,1.0,0.9070329707912395,-5097.978079724956,5101.640040023312,-0.4889748366358617,-0.7884443426391954,3.0,0.0,0.5592341991082216,0.5592341991082216
1955,1,0.05783462536486943,0.06102118277270336,0.009264698560574394,1.3321637476050747,0.4304030454871191,7.186848993742017e-9,1.0287685364725505e8,8.411055841224408e7,1.050726242269394,0.5123438650851918,2.2909802595958046,0.11901230231720956,43.67730459702057,-5096.501205606334,7.0,1.0,0.8312292042505491,-5096.501205606334,5103.649253383199,-0.098627141275756,0.5630525563410629,3.0,0.0,0.5592341991082216,0.5592341991082216
1956,1,0.057567845920009235,0.059985496163037035,0.009381896030815896,1.3508053777204299,0.43339353779922807,7.146898070007802e-9,1.087867493855114e8,8.749256241073096e7,1.0220910050991927,0.4887901796403805,2.3204338646053064,0.12504708364562228,41.489011320225636,-5097.628253551732,7.0,1.0,0.9901431093567199,-5097.628253551732,5099.710698858551,0.07149410536203504,-0.4120641213030467,3.0,0.0,0.5592341991082216,0.5592341991082216
1957,1,0.05777010176057338,0.06202643917570503,0.00964426627346425,1.360563330564142,0.4263926839039813,7.2605066905635405e-9,8.7198605627602e7,8.621758346999182e7,1.0970743498766866,0.5587665562945263,2.2567073521877736,0.11133618654936399,38.240696751112466,-5097.651057109593,7.0,1.0,0.9035713922697889,-5097.651057109593,5104.922990585539,0.07657791834299132,-0.5298338418551793,3.0,0.0,0.5592341991082216,0.5592341991082216
1958,1,0.057896700902524925,0.05897051925464972,0.009312147191171335,1.3383009515078232,0.43020624421109294,7.171352147258065e-9,9.100270981024018e7,9.415497864571963e7,0.9802019352768199,0.5411220524738182,1.9998915703842255,0.12066460049979422,40.22780390500216,-5094.557695365577,7.0,1.0,0.9711063033281329,-5094.557695365577,5102.395085506114,-0.3112273458564232,-0.47021901132211497,3.0,0.0,0.5592341991082216,0.5592341991082216
1959,1,0.0580201367569022,0.056128453628690844,0.009461571927664322,1.3563209147747262,0.4335595391312931,7.081830497012649e-9,8.448316926660347e7,1.1306790389492603e8,1.0576713057173788,0.5762981167307162,2.06897200495448,0.11145040614325002,45.06798833102429,-5105.391192661055,3.0,1.0,0.4224601426544384,-5105.391192661055,5108.316118182124,1.0745096168657255,1.0745096168657255,2.0,0.0,0.5592341991082216,0.5592341991082216
1960,1,0.057575784633012064,0.05925985639037142,0.00915863602897149,1.3114811743291812,0.43187983725746115,7.216258615956885e-9,8.933521490438734e7,1.1082688306897005e8,1.115085242085709,0.5294575316933761,2.1830263693245215,0.11169673319867844,38.597150353144734,-5104.7334554434465,7.0,1.0,0.9599398674068047,-5104.7334554434465,5115.803227249848,0.10596735877879837,-0.8120996000789091,3.0,0.0,0.5592341991082216,0.5592341991082216
1961,1,0.057881214834852555,0.05940769700227762,0.009417057726740653,1.3740727525171765,0.42751358347882434,7.194502918457172e-9,1.0094971757863723e8,8.823572085165039e7,1.0256772976026414,0.5555932244829722,2.235303271565756,0.1379154459328391,38.50599346419816,-5095.918080751524,7.0,1.0,1.0,-5095.918080751524,5109.009153181008,-1.1987217784126187,-1.1987217784126187,3.0,0.0,0.5592341991082216,0.5592341991082216
1962,1,0.057504451254468965,0.060360210683887874,0.009455897761759365,1.348350159843008,0.4277695591822949,7.2259048308561686e-9,9.72993928481532e7,8.841755677845113e7,1.1114791623244216,0.5233957060080866,2.0502259495639463,0.12867159129890562,41.33982695468326,-5094.179341276033,7.0,1.0,0.5098239301393354,-5094.179341276033,5102.622690103929,-0.3706868777217096,1.305853960474451,3.0,0.0,0.5592341991082216,0.5592341991082216
1963,1,0.05845259676224548,0.05993849862960993,0.009510478040418668,1.3541797718294204,0.4225998836799319,7.1214622998086225e-9,9.019655466874966e7,9.442776059685275e7,1.0261811958139768,0.535827632909691,2.173909395520216,0.12059672315989747,38.95141340626312,-5096.619852718126,7.0,1.0,0.49272964837222183,-5096.619852718126,5102.972038103894,0.29593910499079357,0.9733233185070276,3.0,0.0,0.5592341991082216,0.5592341991082216
1964,1,0.05785224791107568,0.06127232740986469,0.00938580502366369,1.3503090728846077,0.4318870585551538,7.211055301914835e-9,1.0381512148833285e8,8.683871495182206e7,1.0640861902445815,0.5586636512774719,1.8557163624188944,0.12658225521760832,42.02027575195557,-5096.201699139966,7.0,1.0,0.8770232151118346,-5096.201699139966,5101.740092846047,-0.18245644907256064,0.37587404746955144,3.0,0.0,0.5592341991082216,0.5592341991082216
1965,1,0.05760774911959258,0.06271552713297175,0.009364739022833121,1.3561931811142673,0.43387840832563423,7.184620674581931e-9,9.021616322043672e7,1.0127402781877199e8,1.0710581524053655,0.546316716799662,1.9590925623507363,0.14190649902007277,37.37307046765527,-5097.9638211198235,7.0,1.0,0.7437532968974977,-5097.9638211198235,5103.216885486169,0.2075625416737239,0.5207869148534883,3.0,0.0,0.5592341991082216,0.5592341991082216
1966,1,0.05777686316648786,0.05925437158451025,0.009611545015319946,1.3585325761744778,0.42071323329699417,7.204152557873968e-9,1.1515492603844385e8,7.99019288570954e7,1.130657384613977,0.5280087921399803,2.3353397988660087,0.113791475950219,42.150614748474005,-5100.43538709185,7.0,1.0,0.8947970782526282,-5100.43538709185,5104.435190850756,0.004385987600471708,0.3004949232154104,3.0,0.0,0.5592341991082216,0.5592341991082216
1967,1,0.05782935169354733,0.05994530498184154,0.009506911532646822,1.3738269154326537,0.4280010145406016,7.207519369111469e-9,8.951081160417981e7,9.640681007223047e7,1.1736367006011605,0.5127883907913208,2.160366894210262,0.1341493232164101,36.838846833113394,-5096.272108623869,7.0,1.0,0.8913400949739224,-5096.272108623869,5105.559370638636,-0.27446714598954713,0.3126625573513593,3.0,0.0,0.5592341991082216,0.5592341991082216
1968,1,0.05801025909707519,0.05864506659503299,0.009458384121099093,1.3273459819416111,0.4219879559599262,7.101707714302495e-9,9.548795432005723e7,8.500571505320223e7,0.9683841775759008,0.5445002186747996,2.076496631539607,0.13011026000448087,42.36723357871218,-5097.154833973701,7.0,1.0,0.8793042807512826,-5097.154833973701,5104.421766123772,0.0918688981082596,0.2744279065900628,3.0,0.0,0.5592341991082216,0.5592341991082216
1969,1,0.05760297901445849,0.06385480962010283,0.00925910792602597,1.3689888087107276,0.43268162021590656,7.1601581261126775e-9,9.746812482639682e7,1.003569522224307e8,1.2349807165025917,0.5459377346903584,2.1216033893318413,0.11590546826061915,37.94157714865834,-5098.279643482743,7.0,1.0,0.579790756730245,-5098.279643482743,5107.158722706882,0.20620872755443997,1.942302862710676,3.0,0.0,0.5592341991082216,0.5592341991082216
1970,1,0.05808994229755253,0.057711870373761416,0.009722130510233594,1.3190509871879186,0.42319834014196656,7.239063219900501e-9,9.47306043405704e7,8.504654838030349e7,1.0025910395484954,0.5172022790476145,2.1019991434242167,0.12158645956044081,37.475154496326894,-5099.017808971322,7.0,1.0,0.5354134616630563,-5099.017808971322,5108.481155928283,0.030811165678642283,1.1760956143762087,3.0,0.0,0.5592341991082216,0.5592341991082216
1971,1,0.05746684547938202,0.062312088296020585,0.009313829308258824,1.362559264159505,0.4320661473221026,7.161424198417209e-9,9.001826075852087e7,8.811087757650533e7,1.0659905778712575,0.5336624298869644,2.346814986015574,0.11258931685557293,42.635593536595984,-5096.72792893579,7.0,1.0,0.9893882831373181,-5096.72792893579,5105.134376634259,-0.2265478397393963,-0.33870189648769156,3.0,0.0,0.5592341991082216,0.5592341991082216
1972,1,0.05767995038135816,0.06519538897150907,0.009248957191366744,1.3393685393743455,0.4299759225695611,7.2359151701287335e-9,9.9709816882742e7,9.017595857891984e7,1.056796438746335,0.5374256317598314,2.137916623209664,0.11616315611942432,44.297759609233424,-5097.109964281464,7.0,1.0,0.5110106854293667,-5097.109964281464,5102.221573343914,0.2852354454971646,1.344060252613417,3.0,0.0,0.5592341991082216,0.5592341991082216
1973,1,0.05785881714481666,0.06722291014621641,0.009217392380691442,1.3201454256276717,0.4396854908986133,7.152361511376801e-9,1.0383019730591737e8,1.0162948544740933e8,0.9949621779841166,0.45868828653075167,1.9737937973582722,0.13245761601686218,43.97980708891931,-5103.358161208057,7.0,1.0,0.8704512361137232,-5103.358161208057,5108.098949125834,0.33944189427711535,0.33944189427711535,3.0,0.0,0.5592341991082216,0.5592341991082216
1974,1,0.05771754266229371,0.06295510853437046,0.009236585654454607,1.359025103639423,0.42291120462046244,7.103505708240785e-9,9.553065458205839e7,9.925839690056619e7,1.0304357741941754,0.536560474216831,2.0384929210912452,0.13258606086367955,43.15425020375056,-5098.390553067076,7.0,1.0,0.9799207203139496,-5098.390553067076,5108.066021102979,-0.05885904066508374,-0.5587284553821519,3.0,0.0,0.5592341991082216,0.5592341991082216
1975,1,0.057725522260914576,0.06221654676297365,0.009388850707407092,1.341416265758369,0.42734298601172716,7.08670128680473e-9,8.977977029192527e7,9.439868799223751e7,1.048055743270643,0.5835305853287808,2.044879003825752,0.1272039940659949,43.40173828630231,-5096.865898223617,7.0,1.0,0.785461474529135,-5096.865898223617,5104.824314969759,-0.2789434561163944,1.0074737096992976,3.0,0.0,0.5592341991082216,0.5592341991082216
1976,1,0.057885508286338073,0.0662310207228828,0.00927048557013253,1.3461890690506706,0.43273841262267776,7.1507657933564414e-9,1.0394444884821865e8,9.759524973882824e7,0.9576158897061644,0.5440362611734195,2.1428661660653803,0.12959917580671776,37.35745231926575,-5096.776943020429,7.0,1.0,0.9521948439513428,-5096.776943020429,5101.146832848234,-0.37152705437165423,-0.37152705437165423,3.0,0.0,0.5592341991082216,0.5592341991082216
1977,1,0.057999123350165514,0.0588424114600275,0.00940869021474125,1.3350881549580473,0.4337668146569525,7.12238380959466e-9,9.120178915717807e7,8.68255007658104e7,1.1847468916380326,0.5154381086026931,2.0507147327660458,0.14154208876364577,42.825546042638535,-5097.5775568948275,7.0,1.0,0.4915175467915187,-5097.5775568948275,5109.3870772278015,0.17983086152707983,0.9990514438495666,3.0,0.0,0.5592341991082216,0.5592341991082216
1978,1,0.057770676739454414,0.06251363754377685,0.009305089781358133,1.3398730841430488,0.42495866941002297,7.1130914169029775e-9,9.87676454351601e7,8.542850574004519e7,1.0770161068117208,0.5382036894690929,2.1914735137638646,0.14659734799436425,38.684801511708834,-5096.685781014403,7.0,1.0,0.8508054958150394,-5096.685781014403,5101.822334212299,-0.13444386685114296,0.9642630877524425,3.0,0.0,0.5592341991082216,0.5592341991082216
1979,1,0.05742250477914631,0.06502732058191288,0.009132820922663876,1.3662590884292944,0.42709324855967074,7.095767139692194e-9,1.1262004378397883e8,7.993126970034407e7,1.051788825708463,0.5583532906121602,2.133927570676124,0.1327951563583934,37.85180645308277,-5102.722564816406,7.0,1.0,0.7550653653239995,-5102.722564816406,5106.721001207763,0.5697953662593136,0.6130986497628328,3.0,0.0,0.5592341991082216,0.5592341991082216
1980,1,0.058516056612891124,0.06054974019519559,0.009399445869353387,1.3226837545327672,0.43389752890085176,7.170837652014628e-9,7.583510966458377e7,1.0197631959804194e8,1.062068901633103,0.5111069244661773,1.8863717467538872,0.11155939950498792,40.90081146909406,-5107.598142332517,7.0,1.0,0.8984507113572862,-5107.598142332517,5111.175477696222,0.5007079001297825,-0.7157503819189515,3.0,0.0,0.5592341991082216,0.5592341991082216
1981,1,0.058149169417995014,0.059470884616267934,0.009436481559005241,1.3550808168976614,0.42786005941642535,7.048999897338746e-9,9.9893229028861e7,9.145884160935451e7,1.1020666467162659,0.5253646658152983,1.9200326388505906,0.13164263908351453,45.255802657557176,-5098.900237920633,7.0,1.0,0.9305946701093243,-5098.900237920633,5114.585814835723,-0.6409874969731391,-0.8577981547359741,3.0,0.0,0.5592341991082216,0.5592341991082216
1982,1,0.0583897748188448,0.05927823357575865,0.009541818894242726,1.3723114245481698,0.4209457964891434,7.156803963397649e-9,8.723336620705569e7,8.461398675974731e7,1.0297309886386201,0.5527864809142689,2.2912204898942625,0.10996560938405614,41.20744236699938,-5100.343375887589,7.0,1.0,0.8147320620145209,-5100.343375887589,5107.047810072006,0.4632221028095955,0.5113155394074056,3.0,0.0,0.5592341991082216,0.5592341991082216
1983,1,0.05731748049797616,0.061484435858903716,0.009237569739816619,1.3353485969647165,0.432845327255056,7.158419210127322e-9,1.0446553856293291e8,9.263729460037595e7,1.120752400518644,0.501938814557323,1.973532507942747,0.13904362749518423,37.37313819595831,-5099.375213816928,7.0,1.0,1.0,-5099.375213816928,5102.61120934024,-0.36466319645660406,-0.8516823143054353,3.0,0.0,0.5592341991082216,0.5592341991082216
1984,1,0.05826344616304243,0.06140813331984056,0.009323472090588217,1.3562359710624998,0.43301752692560425,7.189568847330115e-9,8.637842620649958e7,9.197919875594819e7,1.0639630261130748,0.5792025264162087,1.9760803110142493,0.11735770540271039,43.562245216037184,-5098.8448179783545,7.0,1.0,0.4577145582358071,-5098.8448179783545,5108.082036129172,0.43502948765490146,2.149370368882046,3.0,0.0,0.5592341991082216,0.5592341991082216
1985,1,0.0574961777738839,0.06278939241727009,0.009261980519080868,1.335491787329663,0.42925326681534987,7.1230545573369484e-9,1.036061803232284e8,8.838981694529268e7,1.0454576044062975,0.48650999054604854,2.404695931814334,0.1281262325789814,35.8377757174404,-5098.6454932464185,7.0,1.0,0.9523853782477957,-5098.6454932464185,5104.432650362857,-0.36336357005075115,-0.4286170182031128,3.0,0.0,0.5592341991082216,0.5592341991082216
1986,1,0.05777883485447731,0.0657617166113825,0.00931439406004449,1.3681985919458488,0.4367478340436835,7.1868495682709235e-9,9.583784283528152e7,9.177782507314679e7,1.0432226449915634,0.6111683558069928,2.2217210520759796,0.10988624295709436,40.6961045450024,-5098.824838288032,7.0,1.0,0.9690923929298784,-5098.824838288032,5105.108927464668,0.02432545268766262,-0.13618825398134504,3.0,0.0,0.5592341991082216,0.5592341991082216
1987,1,0.05821434647810248,0.06287873873181991,0.009323567026873598,1.3309092582735462,0.42404208565107104,7.053362753601943e-9,8.567896144926916e7,8.646541986700189e7,1.1968332670814648,0.48461431153746193,2.1674491807608756,0.12173554306178432,42.53524516328462,-5100.114935389852,7.0,1.0,0.9496920988046155,-5100.114935389852,5105.754650861358,0.07386734467490896,-0.28136187142536073,3.0,0.0,0.5592341991082216,0.5592341991082216
1988,1,0.05744567783884321,0.05924976111966304,0.009528556968117684,1.368272811835828,0.42924661802942726,7.2273524305473604e-9,1.1152962782275704e8,9.096305242925948e7,0.9441467446231464,0.5958058824838028,2.0659452747297857,0.12342601598118463,38.7528060326337,-5100.166645585554,7.0,1.0,0.9856554850263645,-5100.166645585554,5104.367324568668,0.10467876692746358,-0.44586849227925995,3.0,0.0,0.5592341991082216,0.5592341991082216
1989,1,0.058254962472106105,0.05931993961674845,0.00927032077076503,1.3505161129100693,0.4385868519190384,7.116294247614582e-9,1.092500981789983e8,9.438279705301318e7,1.0717417925622206,0.5170541596269175,2.336672444670972,0.1251514799733156,37.081308645951246,-5099.293293030422,7.0,1.0,0.9354538218467885,-5099.293293030422,5108.010684627708,-0.22301482050806953,-0.3656986609330488,3.0,0.0,0.5592341991082216,0.5592341991082216
1990,1,0.057500429042703464,0.060726635465260144,0.009550487637588635,1.3347396283199442,0.4183013911055603,7.225722888356534e-9,8.613398490089856e7,8.325835131534994e7,1.169819063023689,0.5478325613724162,2.0935001301628136,0.11788150997552517,41.743248828349095,-5098.861036011742,7.0,1.0,0.9922869256520342,-5098.861036011742,5103.65580902148,-0.021233201170616667,-0.2516001200874598,3.0,0.0,0.5592341991082216,0.5592341991082216
1991,1,0.058248502298354043,0.057353996664803585,0.00943958784139122,1.3810493377795476,0.43036981005460456,7.173748236869047e-9,1.013752416043737e8,1.020727960342965e8,0.9755560314704598,0.5106636473416877,2.110385272355505,0.12958102913651257,38.2529079959758,-5100.35602277085,7.0,1.0,0.6827610866170889,-5100.35602277085,5104.747106540327,0.5102577787693008,0.7185134975106848,3.0,0.0,0.5592341991082216,0.5592341991082216
1992,1,0.05740162804206844,0.06408127715470853,0.009207269686927408,1.3226963499125564,0.4271125710808051,7.2237342670957e-9,9.323040874477935e7,7.87715378563932e7,1.1861213342384986,0.585293715842947,2.0951454494114556,0.11514010603812266,40.7027449345757,-5102.360653947294,7.0,1.0,0.9517257729186459,-5102.360653947294,5108.204622959197,0.10913904058543267,-0.4898093141227946,3.0,0.0,0.5592341991082216,0.5592341991082216
1993,1,0.058320175193407986,0.05613870071414145,0.00939858885952587,1.3786249979613896,0.4302854986684974,7.069804194904577e-9,9.682778187980002e7,1.0821019846229643e8,0.9483703066652405,0.5142399626598466,2.1837911059380652,0.1321901838036883,39.32395807018658,-5104.121433124048,7.0,1.0,0.9018808415329724,-5104.121433124048,5109.838832311483,0.07573638344547362,-0.45522230152982956,3.0,0.0,0.5592341991082216,0.5592341991082216
1994,1,0.05780022610799022,0.06222888885723948,0.009523044507253792,1.3507683935357022,0.4224243389719249,7.2761084967406734e-9,8.51996995033474e7,8.927779826337083e7,1.0415501335918593,0.5547486156028332,2.1796107268955773,0.11651499758883796,38.53379924496417,-5097.038244020668,7.0,1.0,0.9730833094324908,-5097.038244020668,5106.978140377714,-0.37629692244172475,-0.6681973983468197,3.0,0.0,0.5592341991082216,0.5592341991082216
1995,1,0.0577853853565194,0.057029254181278626,0.009374698607366644,1.3557004613311636,0.4280783001846498,7.1407144718363175e-9,1.0398133250713734e8,8.567763009971204e7,1.052259756499927,0.5139916491248216,2.088190013504535,0.12640130265903857,41.766664463267844,-5095.614226822601,7.0,1.0,1.0,-5095.614226822601,5098.146722706985,-0.17376850847085734,-0.4040810598862663,3.0,0.0,0.5592341991082216,0.5592341991082216
1996,1,0.05763874458611356,0.05518926169955693,0.009334654093574809,1.356099334374785,0.43184756223250675,7.142525930358567e-9,1.0567871221481222e8,8.608271222572249e7,1.1121205852049196,0.5091285048265525,2.1255434223042364,0.12278369451073592,39.67072020808016,-5098.3543725219715,7.0,1.0,0.8199091931642583,-5098.3543725219715,5101.248592768341,0.37762139679853135,0.37762139679853135,3.0,0.0,0.5592341991082216,0.5592341991082216
1997,1,0.05807784966496819,0.06636685256517633,0.009435505271957047,1.3512286629530512,0.42550936798370265,7.195107802551841e-9,9.601836226202467e7,9.235805841093196e7,0.9467069111921513,0.5321472338256805,2.06557440258307,0.11794322809126775,40.374985263307906,-5097.29286227429,7.0,1.0,0.9999520947248175,-5097.29286227429,5101.656340816528,0.0003353931642777752,-0.759747594594046,3.0,0.0,0.5592341991082216,0.5592341991082216
1998,1,0.057691179538596,0.06291231996371739,0.008949963531581617,1.3352428049810972,0.44346318646308036,7.04058324477883e-9,8.917777003961945e7,8.897135690688653e7,1.247471354592778,0.5235747362771546,2.231272105085417,0.12264915646043033,40.64810679566151,-5101.37121193824,7.0,1.0,0.8301075079146853,-5101.37121193824,5104.281809804365,0.13026958767113683,0.46383525068176823,3.0,0.0,0.5592341991082216,0.5592341991082216
1999,1,0.05779581591395854,0.05683678194492266,0.009759853043984013,1.3570733481969788,0.4129340764057672,7.244774352297285e-9,9.92541008143019e7,9.00191096440824e7,0.922174777450681,0.5239358175749781,2.02092368355103,0.1279141442480215,38.7557230087929,-5098.855960570847,7.0,1.0,0.9824074996719947,-5098.855960570847,5106.587851564659,-0.460739291696882,-0.460739291696882,3.0,0.0,0.5592341991082216,0.5592341991082216
2000,1,0.05787359857537252,0.06097967185100273,0.009283849095900187,1.3549838505915117,0.4379952009561622,7.134316154194197e-9,9.103803761051138e7,8.980819171656395e7,1.271925312084658,0.5304653981944184,2.2877447923507623,0.11757656143065612,40.02236378606239,-5097.606409733844,7.0,1.0,0.9362117930449989,-5097.606409733844,5102.3142249574,0.09825008661391621,0.13486459018986352,3.0,0.0,0.5592341991082216,0.5592341991082216
2001,1,0.05783568975761457,0.06167608054974456,0.009243007617641883,1.3393887952090213,0.4336408046103274,7.161843960379599e-9,9.152549527894823e7,7.489405356783049e7,1.254648028628842,0.5443233811299657,2.4620903576247217,0.1259330640588802,38.7017885681179,-5101.769803989414,7.0,1.0,0.8588426340351152,-5101.769803989414,5105.054636646564,0.35676816062277794,0.35676816062277794,3.0,0.0,0.5592341991082216,0.5592341991082216
2002,1,0.057910282048754445,0.060495144334312974,0.009484211359703048,1.3493280425333865,0.42485999470262703,7.191779153398325e-9,8.88888616003949e7,1.0298483968738519e8,0.9648271178249472,0.4917299339702346,2.09959358391247,0.12534060339976058,39.60349313473797,-5096.042193026551,7.0,1.0,0.9593349617531796,-5096.042193026551,5105.76962174976,-0.5280698252745424,-0.5280698252745424,3.0,0.0,0.5592341991082216,0.5592341991082216
2003,1,0.057859447155555244,0.05841223168302909,0.009486416930561101,1.3535683263346094,0.4303842410979233,7.181210511063764e-9,9.747531130905572e7,7.941302556498173e7,1.1697549150597732,0.5565020067871714,2.2311259984046043,0.12342853963618121,39.61850152722667,-5095.715224692029,7.0,1.0,0.871435533556003,-5095.715224692029,5104.204419767878,-0.07204796219230047,0.27552996610484115,3.0,0.0,0.5592341991082216,0.5592341991082216
2004,1,0.05783026639290941,0.06177540215045077,0.009342944734899765,1.3446855382973708,0.42764013983266563,7.168364425427747e-9,9.136343837328051e7,1.057474692698175e8,1.0625654489408771,0.5103890712001673,2.2764535973076003,0.12131804417219054,39.78333950740131,-5095.836076592774,7.0,1.0,0.7222250774492481,-5095.836076592774,5099.5838060432425,0.06867432444505539,0.5948545321643905,3.0,0.0,0.5592341991082216,0.5592341991082216
2005,1,0.05827424137047807,0.06185531007563215,0.009377917377120938,1.3492715828483184,0.43811449265639046,7.092846054609537e-9,8.92587857422426e7,9.534879165984723e7,1.094552444007772,0.5210012042026917,2.123423121947948,0.13114886435967188,41.40201411626458,-5096.765046900257,7.0,1.0,0.7301858241032332,-5096.765046900257,5101.110596161952,0.24328034232530626,0.5729312641396973,3.0,0.0,0.5592341991082216,0.5592341991082216
2006,1,0.05718872372475815,0.06398728154061592,0.009256578974296454,1.3350891207885547,0.4266341349609348,7.135131263209361e-9,1.0105455193738519e8,8.672717403809355e7,1.0213664901301234,0.5399754987409258,1.995701659158341,0.11200774683590033,38.03416163907293,-5100.48305240071,7.0,1.0,0.8084792823712554,-5100.48305240071,5107.649798363462,0.30962653726601275,0.602869847841248,3.0,0.0,0.5592341991082216,0.5592341991082216
2007,1,0.05823336036949885,0.06072383424024922,0.009328589282558444,1.351629429384311,0.43818514007918113,7.119061745917471e-9,9.063601767214279e7,9.41369871114952e7,1.0980698925996164,0.540766086890179,2.1086084767684845,0.13351560198077533,42.08473737334549,-5096.1054907316075,7.0,1.0,0.95349476936157,-5096.1054907316075,5108.124109408922,-0.5680343343456116,-0.5680343343456116,3.0,0.0,0.5592341991082216,0.5592341991082216
2008,1,0.05785147178212575,0.06221919848387038,0.009469408742193156,1.3316501111517351,0.4250932965193763,7.199679383611035e-9,9.636254891851293e7,8.578267155227965e7,1.1664988043522737,0.4952309735264105,2.3093476006136777,0.13736075125445033,43.414401228850615,-5097.747073336593,7.0,1.0,0.9019331456159908,-5097.747073336593,5101.695956401765,0.14175568566497532,0.20327002909652947,3.0,0.0,0.5592341991082216,0.5592341991082216
2009,1,0.05768635380527904,0.057822844177047174,0.009658936123004513,1.3421736176569992,0.418077331230359,7.1966445256127145e-9,9.158121369799004e7,7.798780563902652e7,1.02759099916818,0.5418694156691671,2.3586762370719545,0.13687756996893255,43.91089982238087,-5100.1118414123675,7.0,1.0,0.7787925948204251,-5100.1118414123675,5105.100834138884,0.13438334174861666,0.4799281556988717,3.0,0.0,0.5592341991082216,0.5592341991082216
2010,1,0.05768939990532699,0.05925973300857978,0.00954580363332171,1.3322977239565488,0.4215716004876532,7.1699980068749926e-9,9.225571930112496e7,7.703845598929179e7,1.0183397963155854,0.549361349549782,2.2960809602500785,0.1374249490426769,43.33568848111329,-5099.521412015276,7.0,1.0,0.9983345376534108,-5099.521412015276,5103.382474435156,0.011726726500455698,-0.5058195505253025,3.0,0.0,0.5592341991082216,0.5592341991082216
2011,1,0.05786589858893208,0.05988517389874328,0.009631596104754413,1.3744992566168395,0.4266569321344362,7.222086198605457e-9,9.774770027496329e7,9.56934030876388e7,1.0926225002725485,0.5066861922568298,1.9648323948460218,0.1124536801215086,37.57830295809591,-5096.391179112341,7.0,1.0,0.9753297722096254,-5096.391179112341,5102.825943377783,-0.32259091480045754,-0.5045922200761197,3.0,0.0,0.5592341991082216,0.5592341991082216
2012,1,0.058131920219700255,0.06507283861564674,0.009210009488767986,1.3283028145843072,0.4361530313111658,7.130033379779207e-9,9.817013768250848e7,7.652938737247881e7,1.128281163376002,0.5365864403420014,2.402806744542294,0.132306388123466,41.321505909639406,-5100.8498231685735,7.0,1.0,0.9125055640519601,-5100.8498231685735,5103.359142061685,0.32727676718968723,0.32727676718968723,3.0,0.0,0.5592341991082216,0.5592341991082216
2013,1,0.05744801313484576,0.05521870344943453,0.009657404851543167,1.3824956519773581,0.4152448465468159,7.232223920143951e-9,8.947615176696722e7,1.0673942138209921e8,1.0245497081157968,0.5209915789946554,1.959248095906584,0.11902382600078167,37.71163521510014,-5102.354766586435,15.0,1.0,0.9361666473965059,-5102.354766586435,5109.6770489399705,0.122469209256451,-0.3709281678638945,3.0,0.0,0.5592341991082216,0.5592341991082216
2014,1,0.05807599732725817,0.0634557469130716,0.009411528395920566,1.3368852516605185,0.42843778800404964,7.0945702421863456e-9,1.0333216281555602e8,7.563629583763887e7,1.1211815014079651,0.5409936767809923,2.3039749614204603,0.13027806809268408,42.048705324273485,-5100.2936773337115,7.0,1.0,0.9795540816721318,-5100.2936773337115,5107.603158393575,-0.05049296112065349,-0.3992501550746965,3.0,0.0,0.5592341991082216,0.5592341991082216
2015,1,0.057739022483186096,0.05821982082256834,0.009349791296024739,1.3604134920462316,0.4321474606345464,7.201230330210844e-9,8.983436326853797e7,1.101741637325193e8,1.024274567581664,0.4825262674757496,2.1583045590309604,0.10782806300264755,40.31334646887823,-5100.220167576115,7.0,1.0,0.7211197513248148,-5100.220167576115,5106.424610154836,-0.13551516396728402,0.8034981634582437,3.0,0.0,0.5592341991082216,0.5592341991082216
2016,1,0.05805558132656052,0.05794905817008585,0.0095715877783344,1.3656678649537337,0.42936805341599477,7.194504873198822e-9,9.453447651955296e7,9.417098896387374e7,1.016123522689412,0.49638190631308615,2.2346149582209,0.11950470546534897,38.99875701159554,-5094.769953787249,7.0,1.0,0.988577252401574,-5094.769953787249,5102.388963041455,-0.42808907973540045,-0.5034200497429993,2.0,0.0,0.5592341991082216,0.5592341991082216
2017,1,0.05797596978793964,0.05948603249661042,0.009532916361997743,1.3780141581853844,0.4257355881677754,7.20819587766213e-9,8.610551085248336e7,9.104978518424527e7,1.0697758347231563,0.5324584376797205,2.426517460514884,0.11182746991399502,38.268681938600835,-5097.105861653515,7.0,1.0,0.9238101973275856,-5097.105861653515,5099.246134580838,0.11418163897906197,0.16498094966300414,3.0,0.0,0.5592341991082216,0.5592341991082216
2018,1,0.05798361550392086,0.06184728423140448,0.009434260928292547,1.3720990258010728,0.42601079701863415,7.230465167511119e-9,8.269693787382971e7,8.587887730499765e7,1.120478463351665,0.5245247623062845,2.408163755235904,0.11818018493969147,35.64630489282958,-5100.373355965923,7.0,1.0,0.5997733066381628,-5100.373355965923,5105.501941853342,0.9522196653206265,0.9522196653206265,3.0,0.0,0.5592341991082216,0.5592341991082216
2019,1,0.057641547985276556,0.060457020510339333,0.009336861014991545,1.332139409373935,0.43119793709552595,7.134625766495451e-9,1.1297547326426968e8,9.788311843173948e7,0.9923595909081477,0.5347866180154934,1.9123599282998722,0.127348419722866,43.80640201740457,-5100.117844787396,7.0,1.0,0.8167924922912803,-5100.117844787396,5107.189311576183,-0.38264660062486655,0.8430101759886384,3.0,0.0,0.5592341991082216,0.5592341991082216
2020,1,0.057965275804460405,0.06511471401537182,0.009270429595120585,1.3499237249205909,0.4354978031779525,7.161111442369159e-9,8.204651373715541e7,8.447501972408247e7,1.1701774043965818,0.5255378339829494,2.268460359929123,0.12517498751883704,36.86641648899202,-5098.494772311307,7.0,1.0,0.6684250438075835,-5098.494772311307,5107.129078598791,-0.5315833261911393,1.104127748511928,3.0,0.0,0.5592341991082216,0.5592341991082216
2021,1,0.05793865573748548,0.057149971526355293,0.009364872186190268,1.332440231402214,0.4398782195594507,7.140750498224175e-9,9.590516338142626e7,8.41292209857715e7,1.0485312716577637,0.5324220574311261,2.026501603173023,0.14793529932695454,38.29215546758303,-5099.3442106469365,7.0,1.0,0.9226348348594396,-5099.3442106469365,5105.703393118431,0.11817214343136584,0.2620508414838696,3.0,0.0,0.5592341991082216,0.5592341991082216
2022,1,0.05783137091525023,0.07053522623203107,0.009258942981837204,1.3519650373455314,0.4258635383548584,7.154144547480396e-9,9.240589380256514e7,1.0005628164351869e8,1.0866761369479747,0.5262779992926675,2.2170340275641394,0.10811606576341122,40.94413965947495,-5100.825709783736,7.0,1.0,0.5221173808829059,-5100.825709783736,5108.549964718308,0.4082106514097177,1.6505506823996257,3.0,0.0,0.5592341991082216,0.5592341991082216
2023,1,0.057663076946442314,0.05817840998804816,0.00926115018025003,1.3668277330122454,0.43593177877171263,7.1854141507872054e-9,9.669990570834279e7,9.289789277787238e7,0.9443472047975149,0.5098771725638104,2.0582866986616106,0.11504109429169217,35.511984750423785,-5098.31054885164,7.0,1.0,0.9748332246459425,-5098.31054885164,5105.82454466413,-0.6738116167143744,-0.7181043652872177,3.0,0.0,0.5592341991082216,0.5592341991082216
2024,1,0.05791267347606891,0.05993689852046906,0.009740920711668974,1.3445355512407269,0.4205632018914327,7.156637280771786e-9,9.051806511231035e7,8.382075553801547e7,1.1869837231128237,0.556002704657454,2.199996142002342,0.13673089239582353,43.74854481845173,-5099.8374484957285,7.0,1.0,0.41170982393738803,-5099.8374484957285,5106.594938343815,1.0314826362455278,1.7037073244664498,3.0,0.0,0.5592341991082216,0.5592341991082216
2025,1,0.05811369246110943,0.060563895033877976,0.009255715399384336,1.3625155923200993,0.43724543981264674,7.112880193222378e-9,1.0085078662210438e8,1.0059997186927672e8,1.0166935220184374,0.516570044458704,2.1993909685386535,0.11026122190616845,38.5576958575845,-5097.925763224497,7.0,1.0,0.7372740551806581,-5097.925763224497,5106.13270172635,-0.8976213795440344,1.1059529273361477,3.0,0.0,0.5592341991082216,0.5592341991082216
2026,1,0.05766490967305819,0.06806156046528027,0.009019339224075638,1.324665444936763,0.43908467335716433,7.1595122518357554e-9,9.10559319135699e7,8.30510543558481e7,1.1174114096427692,0.5363314458360603,2.0702219385893987,0.13710929267946248,42.45293787288739,-5099.827342890155,7.0,1.0,0.7980494967451757,-5099.827342890155,5107.4424258684085,0.08452247792229173,0.37970513870914147,3.0,0.0,0.5592341991082216,0.5592341991082216
2027,1,0.05803320970937202,0.05755406363289108,0.009642140828340334,1.3712615544113707,0.41551943224111015,7.176388594194043e-9,9.819314466280143e7,1.0091165983892679e8,1.0590145657771206,0.5250350234511422,2.1624779977480286,0.11177198687722735,36.19833693010794,-5098.8969143826,7.0,1.0,0.8790628116753858,-5098.8969143826,5106.219326338366,0.01725636388619023,0.39170953485063364,3.0,0.0,0.5592341991082216,0.5592341991082216
2028,1,0.0576613069875973,0.06044799457243404,0.009241577915692568,1.3400832953418966,0.4390156385572435,7.21641487758833e-9,8.725950849489093e7,8.56026419943791e7,0.9918082127280797,0.5532250625791537,1.9838649788210303,0.13932790018614852,40.300439551032675,-5097.9001015613385,7.0,1.0,0.35671685404642417,-5097.9001015613385,5108.88505179351,0.2650443274733334,2.2977150502019867,3.0,0.0,0.5592341991082216,0.5592341991082216
2029,1,0.05753406852607945,0.058332611410021794,0.009473437240186282,1.3281900488287859,0.42592559848997263,7.174657046966854e-9,8.955563336128281e7,9.261359465324149e7,1.0407775911032369,0.5363587389476794,2.0617821203305695,0.11585869096676235,42.13612400835965,-5096.519008392426,7.0,1.0,0.6431305819172761,-5096.519008392426,5104.601148707106,0.007411235883409972,1.0891834359017594,3.0,0.0,0.5592341991082216,0.5592341991082216
2030,1,0.058220264714195856,0.05890697905008858,0.009669245616900964,1.350314344725072,0.41292141272054583,7.2148680574893145e-9,9.436619185401809e7,7.609372759108725e7,1.0819694165955405,0.5734819362338004,2.095118662898904,0.13954636806550957,37.41747300293725,-5102.43185736925,7.0,1.0,0.7281188776808325,-5102.43185736925,5106.829228470919,0.7637832004556913,0.7637832004556913,3.0,0.0,0.5592341991082216,0.5592341991082216
2031,1,0.05744537525158675,0.05646732316504241,0.009434886401421823,1.3628173800029706,0.4264173629306944,7.299299753653671e-9,8.76357329344935e7,9.975730041537088e7,1.154126003923791,0.5083625850171779,2.1609907856677473,0.1114593003139806,39.5776115870957,-5100.701934191208,7.0,1.0,0.9834144881111919,-5100.701934191208,5109.434208173738,-0.12250845270591526,-0.43511553818734683,3.0,0.0,0.5592341991082216,0.5592341991082216
2032,1,0.05840862483951423,0.05737522455091748,0.009784050121377286,1.3688891606912865,0.4211402909799072,7.160255169447028e-9,8.7522925203502e7,8.614791839700644e7,1.0474575215086914,0.5098147136389833,2.0153323976824122,0.11871777909313463,32.93796387460798,-5102.578185054601,7.0,1.0,0.8198603389212639,-5102.578185054601,5112.057108419404,-0.4491469032418536,0.7941426051329472,3.0,0.0,0.5592341991082216,0.5592341991082216
2033,1,0.05730275023177886,0.06498775965848536,0.009193531972105016,1.3275174689368285,0.4331767775266434,7.170773003668788e-9,9.32644494035327e7,9.747598596408172e7,1.074424373689727,0.5722707934664237,2.1180479893695483,0.1273459243973744,44.728870693349016,-5099.631042882307,7.0,1.0,0.9513541607024717,-5099.631042882307,5108.442952371186,0.0036041830471731373,0.2874037323990706,3.0,0.0,0.5592341991082216,0.5592341991082216
2034,1,0.05806087870568724,0.06004434154162531,0.009426954298215329,1.3424212289262365,0.4368052014259574,7.149202791869306e-9,1.0044383059606914e8,8.267677994836193e7,0.9561088612221742,0.5025068936413495,2.183411398986668,0.11355541483229352,40.500441861334586,-5097.569496484215,7.0,1.0,0.8392895726866405,-5097.569496484215,5105.833837281685,0.056442383062858426,0.3599067455788827,3.0,0.0,0.5592341991082216,0.5592341991082216
2035,1,0.05756227221493972,0.0637480446190417,0.00921124058205939,1.3518587058367075,0.4254746366731782,7.151646272050183e-9,1.0616826598730113e8,7.747891830403332e7,1.1182731386676976,0.4837335193039562,2.1411949879389898,0.10440942883039113,36.87246550530017,-5103.279338421441,7.0,1.0,0.1816261693796926,-5103.279338421441,5113.250453336404,0.4037050977394756,5.3594561859081296,3.0,0.0,0.5592341991082216,0.5592341991082216
2036,1,0.058033268784295974,0.06306755990733479,0.009079457424317126,1.3331007242413742,0.44264701874370443,7.1651746534131286e-9,8.427061497881202e7,9.997533293825838e7,1.0650532853494035,0.6149847722136158,2.010961137506495,0.14121962692627069,40.197964123044905,-5103.154040883419,7.0,1.0,1.0,-5103.154040883419,5108.262322328624,-0.17338436016871128,-0.918922129704697,3.0,0.0,0.5592341991082216,0.5592341991082216
2037,1,0.05788395450140925,0.06293423081096253,0.00925420658669937,1.3584630297521034,0.42134229662711703,7.153487155287987e-9,1.1439599167522667e8,9.144578046873969e7,1.0067600923704476,0.486009363181142,2.165166762336483,0.12529765920242344,36.19924940448812,-5102.055263301801,7.0,1.0,0.9109669299749779,-5102.055263301801,5110.494952746095,0.3915240788337542,-1.0928566178545225,3.0,0.0,0.5592341991082216,0.5592341991082216
2038,1,0.05795199345234425,0.06218996811322336,0.009264130569509543,1.3266742258111737,0.43758006083347223,7.138437645229462e-9,8.49364705481058e7,9.633065709689084e7,1.025104558004884,0.5050809251278083,2.3074657917377226,0.11919756444722018,38.582675590002225,-5096.496416904341,7.0,1.0,1.0,-5096.496416904341,5104.874713913643,-1.6924513613876115,-1.6924513613876115,3.0,0.0,0.5592341991082216,0.5592341991082216
2039,1,0.05775219102309774,0.06070522902084341,0.009598405197505072,1.3821734939882966,0.41956797042516336,7.207880947899431e-9,1.0486421874756388e8,8.554335579293062e7,1.0947826577821702,0.5700244675829602,1.9788926589152336,0.13231792775142262,41.39822533626886,-5097.8044077817785,7.0,1.0,0.8185724180351835,-5097.8044077817785,5101.9944321012945,0.0584130996667227,0.5587886119892573,3.0,0.0,0.5592341991082216,0.5592341991082216
2040,1,0.05811114439884392,0.05476975963216581,0.00968052007067853,1.3391235025682269,0.4230423946702087,7.2173138701072645e-9,8.823021538375501e7,1.0578757134951381e8,1.0708478409719069,0.46779124078527706,2.2724509366048533,0.12025815985833974,39.85501935254209,-5100.452638101262,7.0,1.0,0.8768638747689931,-5100.452638101262,5103.946935976616,0.22167112098031794,0.22167112098031794,3.0,0.0,0.5592341991082216,0.5592341991082216
2041,1,0.05811114439884392,0.05476975963216581,0.00968052007067853,1.3391235025682269,0.4230423946702087,7.2173138701072645e-9,8.823021538375501e7,1.0578757134951381e8,1.0708478409719069,0.46779124078527706,2.2724509366048533,0.12025815985833974,39.85501935254209,-5100.452638101262,7.0,1.0,0.2728514259308315,-5100.452638101262,5113.183967552026,0.0,3.3608033544096543,3.0,0.0,0.5592341991082216,0.5592341991082216
2042,1,0.058128652626614825,0.058434281512544456,0.009432834056987135,1.3765976213355016,0.4229830572200122,7.1360195891277934e-9,8.979291829084507e7,8.504829394782415e7,1.0795762236564281,0.5260594034013357,2.1633162176872656,0.1252250023013069,42.94723565443889,-5097.309206539986,7.0,1.0,0.6531721441097366,-5097.309206539986,5105.365407803822,0.5004761469017467,1.1227281208230124,3.0,0.0,0.5592341991082216,0.5592341991082216
2043,1,0.057873445909244474,0.06274568086911417,0.009358354900791389,1.3270971199809762,0.4300317973645678,7.246544962059718e-9,9.826561008290139e7,9.675802747579567e7,1.0526395616400943,0.5317373441470012,2.0984947364816335,0.11826964446034167,38.198452544683,-5096.686950943712,7.0,1.0,0.9423683898234284,-5096.686950943712,5101.793182046191,-0.44197915965105494,-0.7540864461325327,3.0,0.0,0.5592341991082216,0.5592341991082216
2044,1,0.05790118095788922,0.057429501788469936,0.009552566557290545,1.3668223920113247,0.4188394331909229,7.176957046941317e-9,9.330440525394513e7,9.915280598128337e7,1.080891277482386,0.5286251993309424,2.1026817487993834,0.12415765198665239,38.344753093538955,-5095.184567828198,7.0,1.0,0.9335028947097016,-5095.184567828198,5099.833170195954,-0.47379080692280695,-0.5348101855724963,3.0,0.0,0.5592341991082216,0.5592341991082216
2045,1,0.05760179931630473,0.060363611234940634,0.009382359154433383,1.342830675407204,0.43444737653347854,7.1725348656383554e-9,1.0007426306981751e8,8.157297588487981e7,1.064070274160365,0.530064342223237,2.1573632350124674,0.1191646961699002,41.564349565403994,-5095.022381965856,7.0,1.0,0.6680935338901256,-5095.022381965856,5101.847390059832,0.007390406064587296,0.8961433021813718,3.0,0.0,0.5592341991082216,0.5592341991082216
2046,1,0.05773660908517136,0.059959087209233174,0.0093862527287729,1.3282594737956503,0.4230017477080262,7.173225733054233e-9,9.064328620233436e7,8.739624590355545e7,1.0203154505507384,0.5253543040185964,1.858225769619506,0.14135952488980036,44.398214986105806,-5099.645153571023,7.0,1.0,0.7928775283460068,-5099.645153571023,5104.472427556273,0.29426046394655714,0.6598091337828009,3.0,0.0,0.5592341991082216,0.5592341991082216
2047,1,0.057844040378916356,0.06365233448733652,0.009459601577662617,1.3775327878481889,0.4283061595612361,7.136679149667754e-9,9.703598976939787e7,9.088774669077931e7,1.1113824734308848,0.5370180139560613,2.4748930389375188,0.11254954361944745,35.35964314754584,-5099.478556704486,7.0,1.0,0.9594369081062869,-5099.478556704486,5103.904646745711,0.09316276700883463,-0.40386988207956165,3.0,0.0,0.5592341991082216,0.5592341991082216
2048,1,0.057838678277922426,0.055843763198847006,0.009522204935583763,1.3398739917175597,0.4236541745461363,7.2297093984802914e-9,9.214435168298732e7,9.063268311379504e7,1.0311667003847613,0.5197489845335042,1.8711594266580165,0.1356080524410069,43.82205723982859,-5098.574085139946,7.0,1.0,1.0,-5098.574085139946,5101.7169905575665,-0.09739982002975012,-0.5869216487435551,3.0,0.0,0.5592341991082216,0.5592341991082216
2049,1,0.0577910940298808,0.06015752668258055,0.009701827406277536,1.3851501817695908,0.42122623290236166,7.2519955290316775e-9,9.65404476879368e7,9.008374708250065e7,1.1971156063544697,0.5192437025670443,2.39052180658709,0.1239367093871696,38.11339679162677,-5097.925913008655,7.0,1.0,0.7855176621238308,-5097.925913008655,5103.565075525958,-0.375025042220841,0.7839092355088724,3.0,0.0,0.5592341991082216,0.5592341991082216
2050,1,0.057908886888121104,0.05844682561842151,0.009717246926689141,1.3460571916546247,0.42161373879802944,7.236378897083564e-9,9.144033650670189e7,9.164294932796851e7,0.98848142397473,0.5379424549162896,1.8780899857733142,0.130442815057662,42.111009104946405,-5097.354337083836,7.0,1.0,0.7568658559674264,-5097.354337083836,5104.893535477016,0.1471317425284724,0.6032466314263729,3.0,0.0,0.5592341991082216,0.5592341991082216
2051,1,0.05796312190351459,0.06096991780495393,0.009253986666546487,1.3869489521073204,0.4327650961391356,7.1821163285104425e-9,9.569545108590549e7,8.670160335237113e7,1.1410348910021768,0.5433595406353761,2.5267394379558263,0.12014423769186822,38.2490260114946,-5100.432875690734,7.0,1.0,0.7349695098139012,-5100.432875690734,5106.762812764854,0.6145315574549386,0.6145315574549386,3.0,0.0,0.5592341991082216,0.5592341991082216
2052,1,0.05755941793572074,0.060577507997091155,0.009399338780836704,1.3624604009400056,0.4333566305008135,7.164617152233527e-9,9.091220058741517e7,9.699877847627637e7,1.1727047996145,0.5001656338448416,2.1374016643742233,0.12114919249219329,38.17136865740152,-5096.380870483704,7.0,1.0,0.7525365652694929,-5096.380870483704,5105.318547193014,-0.5326537080691196,0.9518446308538842,3.0,0.0,0.5592341991082216,0.5592341991082216
2053,1,0.058151637613941834,0.06396323598779043,0.00942882319795604,1.3413550048300587,0.4336585462651203,7.086845245187045e-9,9.95815510121185e7,8.297182484983055e7,0.980035293816878,0.5687364727563737,2.3097563122069062,0.12258150036256446,44.12553845940396,-5099.729864540066,7.0,1.0,0.7695740443654147,-5099.729864540066,5105.315976685313,0.41419148129261885,0.7760219997335298,3.0,0.0,0.5592341991082216,0.5592341991082216
2054,1,0.05778158864417867,0.059289768311603805,0.009157833390932499,1.3496552191553675,0.432665598335207,7.173025667413464e-9,8.398724780986476e7,8.535712381487115e7,1.018201359578012,0.6708935736060601,2.350174839890336,0.13214644522887803,42.12621546383611,-5104.804322722973,7.0,1.0,0.7102628362180491,-5104.804322722973,5110.823724898947,0.7190129885484566,1.0135757964280856,3.0,0.0,0.5592341991082216,0.5592341991082216
2055,1,0.05780922637263607,0.060804695443626884,0.00923297711064075,1.3380463330784262,0.4357637339675459,7.188411759487088e-9,8.228774905176209e7,9.004751510145277e7,1.0431178172118136,0.6485805849188095,2.282516400176071,0.13504061165714465,41.03273287299376,-5101.032175850539,7.0,1.0,1.0,-5101.032175850539,5106.991676600203,-1.0297568951773428,-1.7391295428142257,3.0,0.0,0.5592341991082216,0.5592341991082216
2056,1,0.05757145073069704,0.05869212400915457,0.009557634883910846,1.335429212741435,0.42595454754360845,7.228881642152764e-9,9.96433790719766e7,8.928907829104216e7,1.0957271512323157,0.5633366878727456,2.067235489874951,0.13244493676997793,37.49479456397305,-5096.062089063239,7.0,1.0,0.8851445069268619,-5096.062089063239,5108.913341785192,-0.2818978335362772,-0.4450645567967513,3.0,0.0,0.5592341991082216,0.5592341991082216
2057,1,0.05829484925845933,0.06606375670580411,0.009379938428622066,1.3452375088532766,0.4271476220485651,7.1354687830667025e-9,9.494619548856619e7,8.416833798810585e7,1.0314678589195723,0.5385017518000108,2.130130972451607,0.11914217178295054,36.88085097831331,-5097.47285957485,7.0,1.0,0.7326270973973777,-5097.47285957485,5104.658117889496,0.19728545083762583,0.5713365098899885,3.0,0.0,0.5592341991082216,0.5592341991082216
2058,1,0.05803520016584269,0.06371828332480167,0.009329991346767427,1.3521014099102713,0.4256304039223554,7.119839933077914e-9,9.280752271008146e7,8.58948934010395e7,1.134535005430348,0.5379116079749872,2.082321774597224,0.12406443201998374,37.62951835432304,-5094.701603903323,7.0,1.0,0.8836339137119921,-5094.701603903323,5102.432218594191,-0.2721061419351827,0.3548003619926021,3.0,0.0,0.5592341991082216,0.5592341991082216
2059,1,0.058275342351370815,0.060159360157817185,0.009551839077755125,1.3220591896878768,0.4237502114935321,7.098393061864782e-9,9.79490787977819e7,8.342883161718166e7,1.311451478132411,0.5078690619694397,2.1531179592916394,0.1319497001811813,44.39211200961503,-5102.884260968001,7.0,1.0,0.7287769920299615,-5102.884260968001,5105.990497838285,0.4869774898252217,0.6428673697355407,3.0,0.0,0.5592341991082216,0.5592341991082216
2060,1,0.05747181953109021,0.06193469157787112,0.009237857397785203,1.3741847956402993,0.43892694761363465,7.2032469738300694e-9,9.480762619259003e7,9.266716129744612e7,0.9723000041177142,0.5315054828081635,2.0984808373487738,0.11883375558225523,37.37331067810479,-5097.476194831708,7.0,1.0,1.0,-5097.476194831708,5105.063056143574,-0.45471569071924023,-0.6123595210237909,3.0,0.0,0.5592341991082216,0.5592341991082216
2061,1,0.05814233649103608,0.060515358065236315,0.00942035124074285,1.315466648879123,0.42152032704267256,7.073515321136806e-9,9.335537213063486e7,8.69334501289342e7,1.1426983658989007,0.5266941281202933,2.2002613361171037,0.1332894803532992,41.54109505423577,-5098.443095822986,7.0,1.0,0.9580008220575085,-5098.443095822986,5101.431149665074,0.09823443809546006,0.12291543686569639,3.0,0.0,0.5592341991082216,0.5592341991082216
2062,1,0.058242232708824726,0.06141168548655086,0.00948238099568029,1.3427148564743985,0.43112363316613084,7.11140967087339e-9,9.95850601191859e7,9.414822709699114e7,1.0371339245142899,0.5257089838895728,2.106431884297516,0.1398053723523903,42.48075937213423,-5096.699115909081,7.0,1.0,0.7610625969798885,-5096.699115909081,5102.328602647894,0.02127145291524357,0.7090341398416058,3.0,0.0,0.5592341991082216,0.5592341991082216
2063,1,0.05820875329297911,0.06515542049807257,0.009402122848298125,1.3513793343732616,0.4285191416154722,7.128156889548596e-9,9.995155548943162e7,8.933140105452265e7,1.0638940156371046,0.5531296887430679,2.1422969740979996,0.1412216807895767,39.7382787447753,-5096.902009714677,7.0,1.0,0.8767262064732451,-5096.902009714677,5103.279590022994,-0.06880614340025204,0.30816354147100355,3.0,0.0,0.5592341991082216,0.5592341991082216
2064,1,0.05760534804219932,0.05827882315722269,0.009389633453415668,1.3600349578544733,0.4308550794277812,7.1958817579630534e-9,9.99187999630024e7,9.308520462541163e7,0.9843037522456455,0.518716912098106,2.3066345296208994,0.12423232292487124,40.94058016105261,-5095.158049230431,7.0,1.0,1.0,-5095.158049230431,5099.502488423552,-0.19017379016713676,-0.19438161387188302,3.0,0.0,0.5592341991082216,0.5592341991082216
2065,1,0.05807803037665978,0.06193008756760693,0.009590217551913773,1.343132680553669,0.42827358305135566,7.160900739496227e-9,8.785605050314458e7,8.519380125819576e7,1.1369323786921501,0.5399411460949984,2.018121426450248,0.1188995258765662,37.975441061133814,-5096.0953602291775,7.0,1.0,0.7463403604281202,-5096.0953602291775,5100.649445350287,0.5299815305943412,0.7550861006411651,3.0,0.0,0.5592341991082216,0.5592341991082216
2066,1,0.057679840640130146,0.0629859592065,0.009118452591357937,1.3528835381892277,0.43213356443077805,7.158372590011485e-9,9.908334396343653e7,8.693827048894785e7,0.9908650322083958,0.48067608254643,2.2850593646731236,0.134519846576232,38.198507940199505,-5098.002299655982,7.0,1.0,0.9570236550134915,-5098.002299655982,5102.3122935508645,0.11729699541047012,-0.38677758753965463,3.0,0.0,0.5592341991082216,0.5592341991082216
2067,1,0.058099236146970004,0.0584156812070774,0.00956715074795484,1.35812241439325,0.42277199908702523,7.233680526477453e-9,8.663759951549658e7,9.228406091483873e7,1.0669683462481951,0.5341389759590662,2.0151560398795834,0.12228272326555359,40.00318198234166,-5095.1816843116485,7.0,1.0,0.8742286616225435,-5095.1816843116485,5105.595290326592,-0.25631502703345177,0.7046923092084398,3.0,0.0,0.5592341991082216,0.5592341991082216
2068,1,0.0576741637601768,0.061577241967676506,0.009189027406797032,1.3381216537080616,0.4292552489601252,7.158928343219213e-9,9.445141942375658e7,8.617936531340443e7,1.1649811413472229,0.49702640932479175,2.249340825612941,0.13048124696876504,37.66142928409931,-5096.637232346972,7.0,1.0,0.8840532647891742,-5096.637232346972,5100.642304918611,0.24954270967555203,0.3142258515208596,3.0,0.0,0.5592341991082216,0.5592341991082216
2069,1,0.05819047074833273,0.06261358696452386,0.009412824594134405,1.3584817392641126,0.42814284780401957,7.143865194113127e-9,9.703340672023106e7,9.941645987521702e7,0.9859564465488013,0.5625403560217259,2.0868143637083274,0.1242419816366122,44.24481314847927,-5096.919229017274,7.0,1.0,0.9924179647040129,-5096.919229017274,5099.898757264095,-0.21936192226075946,-0.4855940475808893,3.0,0.0,0.5592341991082216,0.5592341991082216
2070,1,0.058141808678019206,0.06367052388243633,0.009504131994994294,1.3664744073500097,0.4273231555188996,7.1927649179066245e-9,9.228857721723334e7,9.488742730282898e7,1.051182106059779,0.5625461170384428,2.0151406077525547,0.11742551341677578,44.281455192200056,-5096.989139428968,7.0,1.0,0.9547172664014516,-5096.989139428968,5103.026326175964,-0.012490421739130397,0.14945996666392602,3.0,0.0,0.5592341991082216,0.5592341991082216
2071,1,0.05758927962717079,0.058633327840561425,0.009295234706930808,1.3386980167935283,0.42436029428416167,7.17439976316746e-9,9.507950499488056e7,8.442017907143056e7,1.0774998461838756,0.4979609241155558,2.1782197259420224,0.12564334023927584,36.008825640135825,-5097.098186238352,7.0,1.0,0.6709449518820977,-5097.098186238352,5104.958642659553,0.45774570342018706,0.9912444552173838,3.0,0.0,0.5592341991082216,0.5592341991082216
2072,1,0.05808789244344227,0.06128585615492419,0.009496344282698046,1.3342214823850713,0.4303874766690943,7.111884326936809e-9,9.15026234151997e7,7.857443067911012e7,1.1241137947868953,0.5475184569136918,2.037704393489585,0.1235708516485944,34.9714543483398,-5098.958187643133,7.0,1.0,0.5563800779848668,-5098.958187643133,5104.545267396673,0.19934072080650367,1.0742793833560427,3.0,0.0,0.5592341991082216,0.5592341991082216
2073,1,0.05757927112005245,0.06219087006490095,0.0095052039979069,1.368375141528036,0.4277040807457421,7.262587844372084e-9,9.340296552548535e7,9.422077123401552e7,1.0363815342883549,0.5140618249351595,2.1609773534306425,0.1280000625352462,50.483188719108064,-5100.379996497738,7.0,1.0,0.8342539839699986,-5100.379996497738,5104.985790987895,-0.1253122375192106,0.47922985239620175,3.0,0.0,0.5592341991082216,0.5592341991082216
2074,1,0.05801441578138309,0.057590995050528934,0.009557286560056198,1.3510270741373656,0.42418900041244656,7.157867187706423e-9,8.985261737534969e7,8.416997417423195e7,1.0238836521919628,0.5322377096363461,2.0703552599279806,0.10981251715659138,38.49111912986609,-5095.066378973147,7.0,1.0,0.8932090507010749,-5095.066378973147,5105.019674426427,-0.6608662108237695,-0.6608662108237695,3.0,0.0,0.5592341991082216,0.5592341991082216
2075,1,0.057620358459631,0.06218216365444848,0.009298477406599382,1.335479233274683,0.4312790731969372,7.188073527495269e-9,9.005744918816665e7,8.096184280078655e7,1.1058957246309855,0.48815269414232415,2.0003678394855244,0.11868900725245714,35.05634550105201,-5096.712069139716,7.0,1.0,0.8249492243294771,-5096.712069139716,5102.129609724666,-0.3203371009876719,0.472446849877997,3.0,0.0,0.5592341991082216,0.5592341991082216
2076,1,0.057670181506243916,0.06264138594732631,0.009436153749804225,1.3680808634657866,0.4258163293691459,7.179086746287739e-9,1.0566092854314637e8,7.968806674395874e7,1.1397598726709037,0.4918904784351882,1.9306572722578141,0.11795850601430925,36.07434830651086,-5098.954996817831,7.0,1.0,0.553568070496168,-5098.954996817831,5103.787404004553,0.6982100584473301,0.7313440228854233,3.0,0.0,0.5592341991082216,0.5592341991082216
2077,1,0.05813898217487051,0.061038555951737905,0.00949198227005052,1.3432534953138393,0.41943429480056676,7.107060571534896e-9,9.28879765873743e7,8.654870543123426e7,1.0455388255996145,0.5249511413004202,2.1056443939087415,0.12758042885016274,35.56362180346623,-5096.178828576082,7.0,1.0,0.4557159713435081,-5096.178828576082,5106.734960760686,-0.07731305536071886,1.8105757589028144,3.0,0.0,0.5592341991082216,0.5592341991082216
2078,1,0.05744491571837652,0.06462479642887935,0.009195553064308849,1.3454492397771685,0.4359357020014172,7.175387765769372e-9,9.727051469289371e7,8.975650371667364e7,1.118450680059353,0.5355308479855652,2.229041906563352,0.12025984814412989,43.62162376954258,-5096.219259261697,7.0,1.0,0.7773996253291772,-5096.219259261697,5106.022136312839,-0.04221877475902147,0.6191908391601828,3.0,0.0,0.5592341991082216,0.5592341991082216
2079,1,0.05767084310974346,0.06622007301937727,0.009158083158110241,1.3351359243334942,0.42730135816420994,7.109787434290781e-9,9.072715619909176e7,9.629780559384413e7,0.9561806966479619,0.566664774998677,1.9867870334115327,0.12151735418662103,41.29354016364524,-5098.457039123361,7.0,1.0,0.5634882250224355,-5098.457039123361,5104.021735214875,0.3391884462953385,1.0196105867962615,3.0,0.0,0.5592341991082216,0.5592341991082216
2080,1,0.05804759248287155,0.06595719826574374,0.009384251298299007,1.3685808965853037,0.4289098022350827,7.197693422704691e-9,9.650654462264754e7,9.462165620982288e7,1.1635365619457079,0.5057082711429497,2.158121571498392,0.12963174559986237,42.24079883916123,-5097.927911379887,7.0,1.0,0.8993106469024968,-5097.927911379887,5105.427957365717,-0.10634847825440374,-0.4063168137026878,3.0,0.0,0.5592341991082216,0.5592341991082216
2081,1,0.05781855657679994,0.06532844465771674,0.009586476773264997,1.3444833050181872,0.42617383567532435,7.246082333499518e-9,9.360440431180428e7,9.776136773463841e7,0.9709079770888652,0.5759442764475808,2.3810057652917487,0.12725428799085878,40.15688128348903,-5099.914145549429,7.0,1.0,0.9209685835557726,-5099.914145549429,5105.878151748209,0.2051833409259416,0.2051833409259416,3.0,0.0,0.5592341991082216,0.5592341991082216
2082,1,0.05752487952799507,0.05771594163939619,0.009130475216465494,1.3367589884621993,0.43864317828857224,7.095309049385919e-9,1.0480716678090052e8,1.0810741945860061e8,1.0876605683718195,0.4538191273133364,2.3272282137533775,0.1382385004614552,38.81311171080712,-5106.4164525911365,7.0,1.0,0.7296004812289797,-5106.4164525911365,5111.6319686545285,0.5626429995290891,0.7790466115093295,3.0,0.0,0.5592341991082216,0.5592341991082216
2083,1,0.05824730068368285,0.06674611647199413,0.00921516525520645,1.334770113043483,0.4331214171461669,7.114123739473294e-9,1.1018932202293943e8,8.516647771340017e7,1.1335801255826554,0.5417167300255709,2.0577932840760327,0.1262624331289894,34.937145008973275,-5100.936037994426,7.0,1.0,1.0,-5100.936037994426,5112.229727646831,-0.5594316985961996,-0.6371767864702633,3.0,0.0,0.5592341991082216,0.5592341991082216
2084,1,0.057625805910155856,0.05363209546481781,0.009503261878478917,1.3503081226866251,0.42162030889832797,7.214843258464288e-9,8.871785574039969e7,9.991257969485311e7,1.054522029584028,0.5254581232399896,2.1713486129234085,0.12149384521890756,42.98121837552833,-5099.120395254391,7.0,1.0,0.9238145445435972,-5099.120395254391,5106.781479773845,-0.000157835723257449,-0.646476213249116,3.0,0.0,0.5592341991082216,0.5592341991082216
2085,1,0.05785080411242523,0.057491600759767184,0.009656713684801484,1.3670125893590503,0.4232945931245126,7.200036166014232e-9,8.788588076733921e7,8.886029437030128e7,0.985113990787746,0.5133775573590054,2.194430636708447,0.1300633231127094,43.16221295188154,-5095.804154057685,7.0,1.0,0.852433940926071,-5095.804154057685,5102.237251898347,-0.6637294518141061,-0.6637294518141061,3.0,0.0,0.5592341991082216,0.5592341991082216
2086,1,0.057821458407143915,0.05896505994583201,0.009630054737870462,1.349690398399753,0.415127958471244,7.2836079523612516e-9,9.288631260145532e7,8.596022761745125e7,1.0149458015392177,0.5492072491239556,1.9440298942610135,0.1374650524657902,41.24039841710199,-5098.691910420829,7.0,1.0,0.8476039746567657,-5098.691910420829,5101.530003392039,0.4274228733347627,0.4274228733347627,3.0,0.0,0.5592341991082216,0.5592341991082216
2087,1,0.05795437460134754,0.05767602973396042,0.009376107181745742,1.3688018474515151,0.43002286894888025,7.1354830126687856e-9,9.435641804772635e7,9.34422133570603e7,1.1243946215036196,0.5077288891762171,2.262861447116295,0.1135484792002099,37.82026246949946,-5095.946234476352,7.0,1.0,1.0,-5095.946234476352,5101.06855954223,-0.40873684107646113,-0.5463498830849858,3.0,0.0,0.5592341991082216,0.5592341991082216
2088,1,0.05786168631698326,0.0648215085728227,0.009409952146373916,1.3373082865907453,0.42885109965945944,7.179288879955022e-9,8.83973814557539e7,8.78658275936009e7,1.0159952227434121,0.5076066499117192,2.1060081837468125,0.13027205500023423,41.58587337900205,-5095.020099523659,7.0,1.0,0.7190043436340928,-5095.020099523659,5099.92512039761,-0.044698778618112556,0.6303698127812822,3.0,0.0,0.5592341991082216,0.5592341991082216
2089,1,0.05787742760087196,0.059738170972395886,0.009261183277786095,1.3540828063746189,0.4394690791736299,7.082098130058491e-9,9.810073451096043e7,8.570720646044381e7,1.1903399532197985,0.5145420659195816,1.9278270148222916,0.12227647909866518,38.75188175738377,-5098.283613141397,7.0,1.0,0.7947687549771867,-5098.283613141397,5103.766853933246,0.3412430989683344,0.4532160022563403,3.0,0.0,0.5592341991082216,0.5592341991082216
2090,1,0.05768824677780894,0.06223276634793232,0.00966928914343175,1.3365304140352836,0.4219295067424176,7.253740796900247e-9,8.712941279873309e7,9.806792094917007e7,0.9740203337618166,0.5741045970952402,2.156879673738888,0.12300493774180721,41.23474617973153,-5099.528127357733,7.0,1.0,0.9641131330760533,-5099.528127357733,5102.56623715935,0.217650141620652,-0.45206886846153793,3.0,0.0,0.5592341991082216,0.5592341991082216
2091,1,0.05792316439315891,0.06259242017533143,0.009261537199129373,1.3494597819184526,0.426097926770304,7.17264298097938e-9,1.0615219482241905e8,9.176096548605953e7,1.195370769223559,0.5380404898998276,2.1401695185153407,0.12537244390256969,37.10762138420542,-5097.896892820139,7.0,1.0,0.9781845226415272,-5097.896892820139,5103.263946534552,0.07377313071538083,-0.7876259708118596,3.0,0.0,0.5592341991082216,0.5592341991082216
2092,1,0.05810342187229294,0.061815534161309416,0.009401144267468391,1.371704360480935,0.4345977140599193,7.099662574593449e-9,8.126591427383344e7,9.369586642314056e7,1.0426436293575763,0.6617873914509514,2.040301514786623,0.109376464407232,41.40368409489596,-5104.216512352736,7.0,1.0,0.9308954707576963,-5104.216512352736,5108.428023095332,-0.15867655738111353,-0.7874481716116861,3.0,0.0,0.5592341991082216,0.5592341991082216
2093,1,0.05792834106418699,0.06263707335742222,0.009410795350745741,1.3519754043712306,0.4226247821960968,7.14264958975078e-9,7.906897171437408e7,9.0175720386726e7,1.0628122388233905,0.58120465163449,2.19217227245888,0.1052231109058069,42.31514322583129,-5100.960235672489,7.0,1.0,1.0,-5100.960235672489,5109.204738198359,-0.13987634876139055,-0.7996814448933947,3.0,0.0,0.5592341991082216,0.5592341991082216
2094,1,0.05738220437130988,0.060706441761705705,0.009308256765087387,1.3288167357588831,0.43206163067786246,7.194367717831578e-9,1.0372520533738185e8,8.604402231065838e7,1.1632437794251895,0.5232594655594773,2.1127693368986646,0.13699452006671808,37.55825367585877,-5098.1634756160365,7.0,1.0,1.0,-5098.1634756160365,5105.518351031086,-0.4031790634480785,-0.604493063053269,3.0,0.0,0.5592341991082216,0.5592341991082216
2095,1,0.058008120561254706,0.06127251376602297,0.009225514275869255,1.3447630938274393,0.4349571578708937,7.147103821652823e-9,9.04067911539447e7,9.04820620486009e7,1.0674588184495233,0.5056665746763251,1.923335726409736,0.12227513793000153,36.90340945708933,-5095.225228839185,7.0,1.0,0.9409741761881767,-5095.225228839185,5101.436472688158,-0.09737636945374106,0.24087006555510015,3.0,0.0,0.5592341991082216,0.5592341991082216
2096,1,0.05772942665239104,0.06244927546163177,0.009338556898233135,1.3529060499747962,0.4254934933307269,7.168715633515172e-9,9.201922772435035e7,8.97086445524991e7,1.0122513601167675,0.534556712246292,2.1785370374691473,0.11775278562335208,40.3688465667566,-5093.4904856106305,7.0,1.0,0.940561323595096,-5093.4904856106305,5097.968870367755,-0.12288722778612282,0.22864003558152035,3.0,0.0,0.5592341991082216,0.5592341991082216
2097,1,0.057823080517001316,0.060079000104455355,0.009328230101161263,1.3495808338310367,0.42411353238310306,7.127275453258813e-9,8.895828036264682e7,8.884743200831829e7,0.9821119269919427,0.5248197092638556,2.2081396669048106,0.1235799787052626,41.22617073804852,-5095.0091232361865,7.0,1.0,0.8151130665526366,-5095.0091232361865,5098.088142980003,0.25375894022545253,0.3916402037048101,3.0,0.0,0.5592341991082216,0.5592341991082216
2098,1,0.05786274710770353,0.06315252738330435,0.009311552749938834,1.3373320747459583,0.4392263241457818,7.157929753547229e-9,1.0623216652056666e8,9.04699753072268e7,1.151501727067118,0.5293682550849059,2.0306315276604523,0.12394331930198765,39.84628523058186,-5096.296240300832,7.0,1.0,0.9051571037114219,-5096.296240300832,5102.029588252226,0.06691348989807011,0.40736981670033856,3.0,0.0,0.5592341991082216,0.5592341991082216
2099,1,0.057771121847903215,0.06126939978122359,0.009498753284607503,1.3447049084299583,0.42272178955086215,7.125903622638538e-9,9.081641559840807e7,9.426122884325767e7,0.9074192645768833,0.5106319258841954,2.186787687411665,0.13024753931890365,39.24771047430286,-5097.468204731764,7.0,1.0,0.9644259139567696,-5097.468204731764,5100.932952681627,0.14261501150031108,-0.3554323557855241,3.0,0.0,0.5592341991082216,0.5592341991082216
2100,1,0.058043274906887286,0.06596927976332051,0.009342748142483301,1.3319552577783174,0.4290400898050959,7.174876770883203e-9,8.712291936493093e7,9.62704100510418e7,0.9136548283193374,0.522810826310803,1.9786726441869436,0.12303879231645141,36.79055242404619,-5099.271304205202,7.0,1.0,0.5066703085468023,-5099.271304205202,5105.77856968839,-0.038688909722623066,1.7460636434889238,3.0,0.0,0.5592341991082216,0.5592341991082216
2101,1,0.057583497637008506,0.060335070263936925,0.009250232772323008,1.3745115022495515,0.4339011865774665,7.153039458401037e-9,1.0589785329664417e8,8.561643805391966e7,1.1488473015139629,0.5772321974945023,2.0393122243032633,0.12970624317131485,39.925609815750946,-5098.187885006636,7.0,1.0,0.5811439633646595,-5098.187885006636,5110.312565527976,-0.031094410035620967,0.98971874021845,3.0,0.0,0.5592341991082216,0.5592341991082216
2102,1,0.058112259193672196,0.05979156774008091,0.009519554069433701,1.3469335878337183,0.424034144869672,7.220461295624768e-9,8.438857570077588e7,9.744325526169819e7,0.9616935181858118,0.5474853695444655,2.3416277739720357,0.13729688193531528,38.21080754049912,-5099.212035272752,7.0,1.0,0.44207587030867135,-5099.212035272752,5108.069968926215,0.42188970859569963,1.7134465246599575,3.0,0.0,0.5592341991082216,0.5592341991082216
2103,1,0.05779692491797477,0.06249697937923339,0.009017729889060865,1.3426708227146014,0.43318608684932774,7.054172815161245e-9,1.0971321010425748e8,8.828730532061607e7,1.1780487331856073,0.5145618993450148,1.8534251244757987,0.12286689858492009,41.01174247735532,-5101.957375173299,7.0,1.0,0.7331398483610739,-5101.957375173299,5114.621609926084,0.2760615102160955,1.0137096323896913,3.0,0.0,0.5592341991082216,0.5592341991082216
2104,1,0.057942476803644484,0.06731927585891327,0.00913786614831158,1.318890562269948,0.4315442513774199,7.1169942729387515e-9,8.490713604125834e7,9.49165083736898e7,1.022072545899272,0.5495013997703624,2.4379092245670537,0.12308414580545918,37.68362514904015,-5099.908525307921,7.0,1.0,1.0,-5099.908525307921,5109.25938014697,-0.34823585884714703,-0.44707171759546327,3.0,0.0,0.5592341991082216,0.5592341991082216
2105,1,0.05807023627988766,0.06624279514529008,0.009514751451160479,1.3420994852121468,0.42391499465576105,7.113737760922815e-9,8.893898073432465e7,9.597819742889658e7,1.0551924975880027,0.5264695096404179,2.625379264096824,0.11649490169351037,37.59423971535533,-5101.587375294938,15.0,1.0,0.9594981824632496,-5101.587375294938,5106.825200697988,0.11575500596336497,-0.5335518254169074,3.0,0.0,0.5592341991082216,0.5592341991082216
2106,1,0.05763203446424816,0.05892910277602884,0.009200031095977022,1.3462457166748016,0.434259028671405,7.2101643028586104e-9,1.0235986681224376e8,8.809470772490534e7,1.0556624414528746,0.5699706728418907,1.7595323282383646,0.13214424001847125,40.812771345420124,-5100.874201642236,7.0,1.0,0.8629117022966327,-5100.874201642236,5106.785376232778,0.32719708144486503,0.37978708330228983,3.0,0.0,0.5592341991082216,0.5592341991082216
2107,1,0.05802170418747326,0.06424134921870157,0.00941505812710041,1.3364712134955463,0.42944359658305653,7.120429792108724e-9,8.286575985185422e7,9.552405261009854e7,1.1209360146270857,0.4871190602593067,2.44759703706429,0.12429679773033131,41.423053433320696,-5099.072036039636,7.0,1.0,0.7650602326740703,-5099.072036039636,5106.716507303714,-0.43330939811949065,0.7723822575726444,3.0,0.0,0.5592341991082216,0.5592341991082216
2108,1,0.05769408339692699,0.060576515057649306,0.009232220262643268,1.3520292107180223,0.4291868594964128,7.220464043146399e-9,1.0075682978387432e8,9.328116132128942e7,1.0415073013964953,0.5917154863328226,1.7855660847605361,0.12265627009670087,41.276311664535804,-5100.351735860054,7.0,1.0,0.2990392294344578,-5100.351735860054,5109.1044386509475,0.6696628093532127,3.008267485421129,3.0,0.0,0.5592341991082216,0.5592341991082216
2109,1,0.05817044855978476,0.062225675212611464,0.009330668780801018,1.3427931246644478,0.4312904496373549,7.141792647935515e-9,9.040537315766506e7,8.767905083367434e7,1.0556878188104817,0.48142186936872294,2.568510584375955,0.12341397651754994,37.57833941492963,-5098.33608968385,7.0,1.0,0.9034313910180759,-5098.33608968385,5106.589983549286,-1.076054126238887,-1.076054126238887,3.0,0.0,0.5592341991082216,0.5592341991082216
2110,1,0.05778806638063883,0.05953950622175083,0.009461316912635815,1.3514645152543936,0.4245082485846749,7.187245683767317e-9,9.804995225892293e7,9.366463148270842e7,1.0763450071186946,0.5822938414521329,1.7900256103927623,0.12383416160784362,42.08180718847254,-5097.178595828128,7.0,1.0,0.9848084272565565,-5097.178595828128,5103.281170700629,-0.18424339023113134,-0.23301624972555146,3.0,0.0,0.5592341991082216,0.5592341991082216
2111,1,0.05769502834028888,0.062431481158970306,0.00930191958058665,1.3485591212689412,0.43336069941123767,7.124059519674726e-9,9.184334385865888e7,8.62633089898681e7,1.0369951587157549,0.48312973507998686,2.517503096575798,0.12473357094847216,37.254455316395585,-5097.46268858736,7.0,1.0,0.8580062505241715,-5097.46268858736,5102.925961430627,0.11531771622139786,0.3818782514654231,3.0,0.0,0.5592341991082216,0.5592341991082216
2112,1,0.05766067070748486,0.061968561008792146,0.00926298536544826,1.34749211721713,0.43198900564140486,7.133970672777833e-9,8.371699438753986e7,8.16757992953577e7,1.0789497031480966,0.4617693161698113,2.3979614770179167,0.1311437001181948,39.967390146095525,-5099.709133628583,7.0,1.0,0.8393783955063373,-5099.709133628583,5106.07499949892,0.13301433897777315,0.46542441413839697,3.0,0.0,0.5592341991082216,0.5592341991082216
2113,1,0.05781464881977834,0.06177303930829298,0.009475585578118919,1.3491488789669,0.4312149042023195,7.233771049512435e-9,9.49140727078077e7,9.403905006798875e7,0.9833922859636367,0.559474202360519,2.3181985371236156,0.13712451537520595,48.736735991064975,-5100.261709654367,7.0,1.0,0.9129257028955419,-5100.261709654367,5106.723728488161,0.11415781731830066,-0.2896173625067604,3.0,0.0,0.5592341991082216,0.5592341991082216
2114,1,0.05806808643096947,0.05871391972801418,0.009513795285648167,1.3498851386301345,0.425638814519832,7.139292647365101e-9,9.062816234562607e7,8.550175175663313e7,1.187999549210482,0.49836928949494635,2.0078875733595805,0.1086489765799676,33.229813106814106,-5100.0820793175035,7.0,1.0,0.9397318493299279,-5100.0820793175035,5106.138227762874,-0.26153474740567617,-0.35868771463628946,3.0,0.0,0.5592341991082216,0.5592341991082216
2115,1,0.05748937344841224,0.0610655994125239,0.009294250154529154,1.3526051557588432,0.4295026435190877,7.1673932307549956e-9,1.0041150935558231e8,9.218200104632518e7,0.9420495224283393,0.5531976970137725,2.236650139682419,0.13829545046103572,47.05473913200333,-5100.049613065672,7.0,1.0,0.9066880000194287,-5100.049613065672,5105.752145240915,0.18272017406798113,0.3352306038586903,3.0,0.0,0.5592341991082216,0.5592341991082216
2116,1,0.05811774001751191,0.05992165883212708,0.00957041629436613,1.341132070070274,0.42767801494880225,7.1543531180017794e-9,8.690677479399146e7,8.497626558634092e7,1.2459448210624315,0.49588509247787055,2.006728944631912,0.10935780451586027,35.77445835536632,-5100.010139203011,7.0,1.0,0.8708597709875779,-5100.010139203011,5107.134826855845,-0.0697173590251623,0.42121556902839075,3.0,0.0,0.5592341991082216,0.5592341991082216
2117,1,0.05780810656896555,0.06286290250830916,0.009330296840972228,1.347029788043211,0.4315953703111512,7.102753528957117e-9,9.988671515433854e7,9.172515631591295e7,0.9924227109465826,0.5567778288788553,2.125892907197521,0.16224117532878687,42.66487416966092,-5100.988759647306,7.0,1.0,0.9636701436899626,-5100.988759647306,5105.824565154114,0.06938338068448502,-0.2257298596741748,3.0,0.0,0.5592341991082216,0.5592341991082216
2118,1,0.05776565257708961,0.06560413892523706,0.00925977352609653,1.3524546339938457,0.43492328715683853,7.1610457952290366e-9,9.403533338808182e7,9.163658074355656e7,1.0309853121265213,0.5497127272701892,2.0451769146043466,0.10493071448028912,34.795187849194214,-5097.9687199583,7.0,1.0,0.6198429401978268,-5097.9687199583,5108.012727092493,-0.7223004171528373,1.0801811999717756,3.0,0.0,0.5592341991082216,0.5592341991082216
2119,1,0.05782579695519112,0.05661633132285124,0.009510097691160433,1.3219937475374905,0.4261551373263867,7.155513195246928e-9,9.096084557891917e7,9.108454935666433e7,1.1132995699520094,0.5238212738722642,2.5641150717585766,0.1489410378428897,42.05252762560115,-5102.12487326113,7.0,1.0,0.7592133129636865,-5102.12487326113,5106.1759504187075,0.3989925782971113,0.4964818220332745,3.0,0.0,0.5592341991082216,0.5592341991082216
2120,1,0.05777979057455713,0.06714056435145968,0.009155922086923025,1.354347281169847,0.43112072867855594,7.154746949284937e-9,1.0144927121690351e8,9.157544119268066e7,1.0528579444630368,0.5423367253571303,2.080420971097611,0.10559780978720243,39.83065217268081,-5098.145123414517,7.0,1.0,0.38695488148132956,-5098.145123414517,5112.5049410664815,-0.6133585559018684,2.921928852687415,3.0,0.0,0.5592341991082216,0.5592341991082216
2121,1,0.05793392817221122,0.055936175404306517,0.009590558485613198,1.3436855246655797,0.4273989350225418,7.135670636137343e-9,9.210749182545486e7,8.813586532531925e7,1.0523727764351634,0.5085458894819016,2.145865148597921,0.14259912607205213,41.715585714260655,-5097.35353533507,7.0,1.0,0.9116766400876651,-5097.35353533507,5106.364975739486,-0.15629056790749019,-0.3611576758858064,3.0,0.0,0.5592341991082216,0.5592341991082216
2122,1,0.05788005171998264,0.061510624603485546,0.009553864224781682,1.3588111051778928,0.4322658065904042,7.2330369968014915e-9,9.457238143536763e7,9.00289489397501e7,1.0361578578998598,0.4971282796830327,2.5049141772715187,0.10821881332597262,40.69386790896626,-5099.373685823637,7.0,1.0,0.6669200267170601,-5099.373685823637,5104.628353147708,0.44956237300175417,0.900526384348268,3.0,0.0,0.5592341991082216,0.5592341991082216
2123,1,0.057648686080247716,0.06199682092541178,0.009319726115023633,1.3382682867235351,0.4336318853091348,7.067730770406849e-9,1.0835085749605276e8,8.498581956246951e7,1.1796664312833152,0.5507659142198706,1.8808561947637978,0.1287972146551226,40.501863655679,-5101.209434139974,7.0,1.0,0.9291532361813994,-5101.209434139974,5106.395509200569,0.4639223428093828,-0.5667066311298186,3.0,0.0,0.5592341991082216,0.5592341991082216
2124,1,0.0578855946833483,0.062293539193021205,0.009232353630129694,1.3521990830541553,0.42785672559747384,7.050887028961542e-9,1.0595229649898605e8,9.010118848249927e7,1.1214649766352136,0.5484562867840288,1.9583119662210642,0.12941414212093713,42.6688688898072,-5098.208592381366,7.0,1.0,0.998396817244986,-5098.208592381366,5105.8301771477245,-0.8459947910887422,-0.9100591584119684,3.0,0.0,0.5592341991082216,0.5592341991082216
2125,1,0.057801827234258425,0.06218125703402332,0.009247800920517916,1.369774460970822,0.4376293941272902,7.180036657470502e-9,1.0514925405090426e8,1.037854279766896e8,0.9536571314807178,0.5522858422780128,1.9657293683999257,0.13073787929588973,38.23119297641613,-5100.159269868628,7.0,1.0,0.6759162997945742,-5100.159269868628,5107.269320094221,0.05510907863663306,0.7173576862587652,3.0,0.0,0.5592341991082216,0.5592341991082216
2126,1,0.05804615271763105,0.057021947475688825,0.009574302521734256,1.357522846519098,0.42744185698558756,7.166277882293919e-9,9.866612255593926e7,9.313001376789281e7,1.1144468515455315,0.5255205945872773,2.203287087591447,0.11598586512754726,37.294032715332385,-5094.814143361039,7.0,1.0,0.941298069750852,-5094.814143361039,5106.247463661157,-0.4964886913758164,-0.4964886913758164,3.0,0.0,0.5592341991082216,0.5592341991082216
2127,1,0.05802575935457392,0.05909885106825905,0.00958025345589706,1.3478109523526587,0.4190449424640311,7.1613248039002175e-9,8.745874309530906e7,9.45230387133151e7,1.076309029135295,0.5576643379406546,2.17825114750153,0.10967972831715564,35.5349152746972,-5097.442576847587,7.0,1.0,0.40073536067144067,-5097.442576847587,5102.24812205802,-0.08865572847753356,2.685848009300571,3.0,0.0,0.5592341991082216,0.5592341991082216
2128,1,0.05776844530119047,0.05848235631809177,0.009539113831459133,1.3618232150644842,0.4301113419824857,7.200807978191543e-9,9.605088580176483e7,8.130446968993968e7,1.0587302516823909,0.5323220881803311,2.3492411868432557,0.11836683411813738,40.33235866277661,-5095.279541664046,7.0,1.0,0.9817644569785041,-5095.279541664046,5100.25920465835,-0.07367568150857551,-0.20351287613266322,3.0,0.0,0.5592341991082216,0.5592341991082216
2129,1,0.05801258600288644,0.06237657109537556,0.00939709554934974,1.342868383054257,0.42702404289193663,7.135267793821719e-9,9.73634471580714e7,9.544079922036462e7,1.100036054115584,0.5237523899905709,1.975378939393469,0.12698182757350585,39.15607879468317,-5093.798537872036,7.0,1.0,0.8408780766724825,-5093.798537872036,5101.031840474964,-0.24130811908617034,0.4640081734405612,3.0,0.0,0.5592341991082216,0.5592341991082216
2130,1,0.05790850670902037,0.05721441628871784,0.009300679252290028,1.3301968812672578,0.43158155692558664,7.155856344702583e-9,8.517587982519864e7,9.435730428283727e7,1.1843829532074088,0.5386229464440901,2.0646215691251704,0.1065598793410952,38.95539182649267,-5099.2080334584725,7.0,1.0,0.6776826122530382,-5099.2080334584725,5100.966436684837,0.6343326833557512,0.6343326833557512,3.0,0.0,0.5592341991082216,0.5592341991082216
2131,1,0.05745608542372619,0.06090913817217812,0.009373138756823919,1.334361561336336,0.4272338794413298,7.142689358856808e-9,9.49649171554816e7,9.034904437153392e7,1.10437377892845,0.5374078545208631,2.1287948571513584,0.1198794030230263,41.21812157515704,-5095.271569817162,7.0,1.0,0.8006676060265144,-5095.271569817162,5103.067043454223,-0.22122916784792324,0.6791995384846814,3.0,0.0,0.5592341991082216,0.5592341991082216
2132,1,0.057919862329462,0.06381025754942055,0.00935976357300014,1.3575069941581643,0.43686726884441224,7.0853415007154855e-9,9.454563117562233e7,9.019983858731452e7,1.020608560285065,0.5218250917396461,2.1058547893950577,0.1231796035823654,38.484365722757715,-5096.127443585533,7.0,1.0,0.6529045829864134,-5096.127443585533,5100.808615625846,0.7171471703059069,1.2333796199573044,3.0,0.0,0.5592341991082216,0.5592341991082216
2133,1,0.05729176758254086,0.0627120925332527,0.009470846073596915,1.3333422910690749,0.4291272499754555,7.2409666623774354e-9,8.995223925492351e7,8.951695944804204e7,1.0591834244809883,0.507563135762011,2.3308435901884326,0.1171367918977692,40.58757850733896,-5098.790984907413,7.0,1.0,0.6799041789295026,-5098.790984907413,5105.397753429279,-0.04304440103715024,1.188357847039697,3.0,0.0,0.5592341991082216,0.5592341991082216
2134,1,0.058294556766817725,0.05982710104668725,0.00952771716518247,1.336712509828511,0.42908822936415436,7.2111097262351434e-9,1.0415317851300916e8,8.97254516019744e7,1.091362461988566,0.5569561297859094,2.2346513176160925,0.11443347700579408,40.20635803411748,-5097.71336115526,7.0,1.0,0.8152734772379334,-5097.71336115526,5105.993615654902,-0.2781540927144306,0.782759698902737,3.0,0.0,0.5592341991082216,0.5592341991082216
2135,1,0.058099721117101995,0.060631247050975355,0.009581252953237682,1.3389331321227353,0.4290580411204163,7.177778246087358e-9,9.959704351014389e7,8.751534503378874e7,1.1478014503476608,0.5768714700789414,2.342577104127655,0.11425188782878239,38.162940935009516,-5097.446153752316,7.0,1.0,0.9268732359916702,-5097.446153752316,5102.406809591311,0.02278641107659496,-0.3085671508424639,3.0,0.0,0.5592341991082216,0.5592341991082216
2136,1,0.05723898056854095,0.058655753515437885,0.009225692363555277,1.351866103858481,0.4330048645483375,7.128238797700525e-9,8.4858157354898e7,9.499470394328226e7,1.2429349765228288,0.5022598285139097,2.093717501848469,0.11937360193208169,38.50591969317383,-5103.230459899351,7.0,1.0,0.6716200315904055,-5103.230459899351,5108.896039012715,0.5934784412756926,0.9733905872299147,3.0,0.0,0.5592341991082216,0.5592341991082216
2137,1,0.05740594536195486,0.06482225251420538,0.009095366215367717,1.3388407440163683,0.4422497002225256,7.196606871437574e-9,9.25067441756514e7,9.037544956820025e7,1.2349097114313152,0.5419771748508594,2.1492948386381636,0.11674499909264899,42.87674152698542,-5100.182206009853,7.0,1.0,0.6820688783435543,-5100.182206009853,5110.395068057324,-0.572395327234517,-0.9126893507200293,2.0,0.0,0.5592341991082216,0.5592341991082216
2138,1,0.05813023293208392,0.05807925966181829,0.009775923601773012,1.3623342594814636,0.41734233057693654,7.149381077116051e-9,9.778834745768975e7,9.043017698383193e7,0.9059241165254132,0.5262044048121537,2.0881677748066814,0.14099784058381806,37.62710084658813,-5101.062802497311,7.0,1.0,0.6294322455198519,-5101.062802497311,5109.20703593773,0.4531949388774592,1.005609334329165,3.0,0.0,0.5592341991082216,0.5592341991082216
2139,1,0.057541402306893974,0.06591835353729701,0.00902944024476092,1.33001283235298,0.43922765159016003,7.155090153839058e-9,9.236621301156703e7,8.902836961168672e7,1.26231427307728,0.5533092280238809,2.149851463359883,0.10839241520913788,40.24815948630169,-5100.753271464718,7.0,1.0,0.9984372930684403,-5100.753271464718,5104.816603943205,-0.4380459977655846,-0.530338994534759,3.0,0.0,0.5592341991082216,0.5592341991082216
2140,1,0.058057202317725154,0.06396063773714977,0.009141189902679512,1.3203453022627787,0.4443160707518592,7.075133664714933e-9,8.813302489966623e7,8.588923228865804e7,1.173150061319826,0.5216844327294221,2.337133872615467,0.13004461887748212,38.70782540338663,-5099.568530732724,7.0,1.0,0.9123104646071983,-5099.568530732724,5106.736154673804,0.038555654727133515,0.3266579247710979,3.0,0.0,0.5592341991082216,0.5592341991082216
2141,1,0.05783305746560325,0.0638124603975894,0.00938378339281256,1.3404788439256934,0.4275015775086791,7.192658821600132e-9,9.807200244454807e7,8.820906180645461e7,1.0547206823410655,0.5863999473991853,2.0304502832793743,0.11724830198095096,39.37959141567266,-5094.542985473745,7.0,1.0,0.9711041389426571,-5094.542985473745,5102.987711133221,-0.39808556647767546,-0.39808556647767546,3.0,0.0,0.5592341991082216,0.5592341991082216
2142,1,0.05797889675657718,0.06160597330402013,0.009504694080402339,1.342542581519933,0.42561827872322494,7.1723317085802604e-9,8.355248729910828e7,7.776859020144e7,0.9671961071243582,0.4750402962587562,1.98368151139487,0.10720185857437085,40.09330945562088,-5100.860152656612,7.0,1.0,0.6807310606666791,-5100.860152656612,5105.783159197689,0.44037530736204644,0.8507082736787197,3.0,0.0,0.5592341991082216,0.5592341991082216
2143,1,0.05767448873292182,0.06336486164828121,0.009085465729177934,1.3449847900418206,0.44020576331506217,7.108203438383421e-9,1.0215150507747023e8,1.0517842132768703e8,1.078971068850275,0.6710634353987939,2.1242908257430013,0.13625414585712375,37.42224042682341,-5103.498457421863,7.0,1.0,0.9468526206853325,-5103.498457421863,5107.910867020865,0.16748861183623376,-0.35021672124366887,3.0,0.0,0.5592341991082216,0.5592341991082216
2144,1,0.057787169966840225,0.06628333024651523,0.009193048649553597,1.3325102632591406,0.43286674110601586,7.155170754832931e-9,1.0183130237143545e8,8.414362157574657e7,0.9842783820510752,0.48852634416314306,2.2149974952262332,0.11888205330215373,43.56798313740091,-5097.601654292226,7.0,1.0,0.9825376256417603,-5097.601654292226,5106.164984267371,-0.4617178816042724,-0.587276640240816,3.0,0.0,0.5592341991082216,0.5592341991082216
2145,1,0.05802696170990528,0.06352678856857269,0.009047800997283573,1.3273460827913208,0.4328432589857512,7.0770948426741815e-9,9.825278890833199e7,9.78347800695335e7,1.1386471060602248,0.5434233010545391,2.106997284217421,0.1336415821866548,38.134832081681104,-5098.244063312667,7.0,1.0,0.698869483538193,-5098.244063312667,5103.9851512778305,0.41779196341940406,0.7338695038215519,3.0,0.0,0.5592341991082216,0.5592341991082216
2146,1,0.05802194903224445,0.05940832391605042,0.009285721807050108,1.3426245681225881,0.4307531701453462,7.1909797675048745e-9,9.126422151856853e7,8.593277474200626e7,1.1611626382914528,0.5111638564194811,2.0269464930754952,0.11415228938764402,43.93680646699637,-5097.535903444173,7.0,1.0,0.790419625422043,-5097.535903444173,5104.847791931283,0.366193081235906,0.7846350624458864,3.0,0.0,0.5592341991082216,0.5592341991082216
2147,1,0.057647070343804674,0.06157986364010157,0.009363459434593817,1.3729271891454122,0.4386837162749851,7.147815987299908e-9,8.985358027072002e7,8.932828676255867e7,0.9411991110669428,0.5223149215733881,2.0926729091011627,0.12145872155804925,33.35499305360843,-5101.657832574972,7.0,1.0,0.7801760562628324,-5101.657832574972,5106.626033005164,0.4168932482471064,0.9181295740027053,3.0,0.0,0.5592341991082216,0.5592341991082216
2148,1,0.057810062150933504,0.06367667640756602,0.009541588019045314,1.3345374323562706,0.42435251723162903,7.203431202107626e-9,9.775116070897931e7,8.305549599216247e7,1.1482200481826266,0.536463880482318,2.2051942513002674,0.110451179398022,49.68242183064187,-5102.127374412933,7.0,1.0,0.8940984928979093,-5102.127374412933,5108.7091115800595,-0.15151401849743706,-0.7490312370473475,3.0,0.0,0.5592341991082216,0.5592341991082216
2149,1,0.057713027116568665,0.05653765234491782,0.009566201795446354,1.3777777858979403,0.42790819241509254,7.163175089720621e-9,9.119486436491401e7,9.79454100879988e7,1.0898640136777844,0.5259550815184143,2.054196665842924,0.13465081770012324,32.43029525553676,-5102.191849588088,7.0,1.0,0.8811949927367421,-5102.191849588088,5109.6148923795445,0.10201189597137272,-0.6421178266155039,3.0,0.0,0.5592341991082216,0.5592341991082216
2150,1,0.05790548458238171,0.06442960724381841,0.009393188106914599,1.354056952656375,0.4283782364463244,7.169867231810354e-9,9.721884220878825e7,8.478052811023618e7,1.044083438773643,0.5792568361981171,2.2840315026299876,0.13295467981058126,45.64146364262745,-5097.595465769678,7.0,1.0,1.0,-5097.595465769678,5105.238248325725,-0.7787955326730298,-0.9780045922007048,3.0,0.0,0.5592341991082216,0.5592341991082216
2151,1,0.05753633299981389,0.0659299829409828,0.00945942205189414,1.3471003856968888,0.42570642548259624,7.15153002940501e-9,9.348383515116028e7,8.8119165210473e7,0.9957972982034127,0.5608551606043567,2.3290927425225525,0.13580969234471454,45.43066007871659,-5100.892488584603,7.0,1.0,0.6224130400467078,-5100.892488584603,5105.737652137063,0.7318235180091506,0.7318235180091506,3.0,0.0,0.5592341991082216,0.5592341991082216
2152,1,0.0582118935921315,0.0571130134397921,0.009361122394611402,1.3441286098335898,0.4353528733331375,7.134475410271293e-9,9.315065988469227e7,9.196343547689387e7,1.1486307168940986,0.5441246423605718,2.020291666208095,0.11864498096269822,34.97481582114207,-5097.836023134594,7.0,1.0,0.7523714885597402,-5097.836023134594,5107.535874952007,-1.158902487954947,-1.158902487954947,3.0,0.0,0.5592341991082216,0.5592341991082216
2153,1,0.05751096338382974,0.06352190489583517,0.009559058473869023,1.3645094661945891,0.4159348753712811,7.259189443054654e-9,9.134506702414735e7,9.856201531297697e7,0.9646299120797003,0.49853404589919914,2.1124094678757017,0.12253497026382008,45.081687350384136,-5101.157178987575,7.0,1.0,0.8579965753286849,-5101.157178987575,5103.727122686478,0.4014491037996777,0.40972244285421766,3.0,0.0,0.5592341991082216,0.5592341991082216
2154,1,0.057920280753498345,0.06402629404116651,0.009514953906269562,1.3775164368829325,0.4276986955607312,7.212063020455764e-9,9.551232178434928e7,8.549670126041557e7,0.936034167960346,0.523038607627971,2.0671327945592086,0.1297862173973358,41.25749744418373,-5097.831984820416,7.0,1.0,1.0,-5097.831984820416,5105.480235218432,-0.19772114112947747,-0.3993467468308154,3.0,0.0,0.5592341991082216,0.5592341991082216
2155,1,0.057707405756013457,0.060854905761986225,0.00929826781011257,1.370082158825676,0.4325300308592366,7.146070857685787e-9,9.018211205293338e7,9.338903451890272e7,1.1245806689490792,0.4719868249986399,2.1487734367754228,0.12861207648395362,39.32616373615227,-5096.267221609696,7.0,1.0,0.9485665677254825,-5096.267221609696,5102.669114867957,-0.12541767839229578,-0.2871674361267651,3.0,0.0,0.5592341991082216,0.5592341991082216
2156,1,0.058067416719123056,0.06192092566743505,0.009476109995605844,1.3334635005875521,0.4284628503527796,7.15714525031094e-9,9.353877677476662e7,8.500916368013719e7,1.0983604119956545,0.5921304087999807,2.0799882480591836,0.12163621542278065,41.70239322393043,-5095.220963261182,7.0,1.0,0.7507601869545596,-5095.220963261182,5100.617385051126,-0.05763029538502451,0.5257398703024592,3.0,0.0,0.5592341991082216,0.5592341991082216
2157,1,0.05732641560841462,0.06579358497413952,0.009040031269996411,1.3712260882502008,0.4427463116963078,7.10783811953383e-9,9.504620610209656e7,1.0129890736722843e8,0.9307656361577147,0.4777477076798955,2.2061931480040498,0.11956994066737806,37.44448620073758,-5105.407719203121,7.0,1.0,0.599440907969111,-5105.407719203121,5107.49546318515,0.9456670584040694,0.9456670584040694,3.0,0.0,0.5592341991082216,0.5592341991082216
2158,1,0.058184306657591965,0.05585330429742072,0.009482773402036977,1.3257259709607419,0.42334413011626604,7.141419888559706e-9,9.310388923125233e7,8.541530863540646e7,1.21528020294769,0.5929665115763458,2.094727271765539,0.12689775748291982,42.467556989232435,-5100.764052111192,7.0,1.0,1.0,-5100.764052111192,5109.227900303142,-0.4120178248422235,-0.8638816006277921,3.0,0.0,0.5592341991082216,0.5592341991082216
2159,1,0.057677589783865106,0.062101939392648686,0.009226803391591619,1.3599566671684675,0.43555836829079553,7.173626339141284e-9,9.212642341855642e7,9.530228209139206e7,0.9609529225072252,0.4611619967823296,2.2594962290227714,0.11839437320270421,37.614706126868604,-5097.8406730859,7.0,1.0,0.851943960202675,-5097.8406730859,5104.81115827755,-0.7998380308090418,0.9027136912582137,3.0,0.0,0.5592341991082216,0.5592341991082216
2160,1,0.05821427581897331,0.05762128306649071,0.009928672276831894,1.3698265414808977,0.41247774720005687,7.225988199394289e-9,1.0425276973878078e8,8.796805019619259e7,1.1941364032974235,0.6058134754161726,1.99382994902644,0.1291221344920163,43.841219072010496,-5103.064566050739,7.0,1.0,0.8483596489404711,-5103.064566050739,5108.447761480863,0.262479834232181,0.27337369974975445,3.0,0.0,0.5592341991082216,0.5592341991082216
2161,1,0.05810193629937808,0.057608967050309705,0.009791457526676924,1.372343073630492,0.4144468740925007,7.255097521979651e-9,1.0286223058771352e8,9.001244698704219e7,1.149172293052581,0.5920535534955161,1.9866688781217317,0.1330418316397871,44.332696993406834,-5100.715201069157,3.0,1.0,0.9752496001660592,-5100.715201069157,5104.961133637729,-0.07968668417106528,-0.33876098550172173,2.0,0.0,0.5592341991082216,0.5592341991082216
2162,1,0.05779573156727209,0.05968643568470741,0.00932693381571682,1.3338619762392812,0.42847089616020884,7.1466987001904395e-9,8.692735077415818e7,8.499194482497089e7,1.1198271922169465,0.4854737390495894,2.139539685448366,0.11757153513380915,38.08406114349407,-5095.43611558928,7.0,1.0,0.987855517145267,-5095.43611558928,5104.170157730338,-0.2866358613828197,-0.2866358613828197,3.0,0.0,0.5592341991082216,0.5592341991082216
2163,1,0.05783919795138056,0.06173937885664404,0.00952630800443954,1.3715950665549095,0.43047151609029694,7.160402984887028e-9,1.0064684465638342e8,9.237784399691452e7,1.1082032318313555,0.5827750942868499,2.1422558815496022,0.12726013292426264,42.04835095806573,-5096.401102146883,7.0,1.0,0.6456885578665309,-5096.401102146883,5102.73985315493,0.4312726460866543,0.7264973742248912,3.0,0.0,0.5592341991082216,0.5592341991082216
2164,1,0.05768496571890785,0.058740602889834105,0.009579866875568856,1.3352050540090479,0.41922289009190833,7.163410362235071e-9,8.74759316377383e7,8.610218346752846e7,1.0215265671317026,0.46867757035936347,2.109932587903832,0.12009787061808583,39.219749415701585,-5097.48171553328,7.0,1.0,0.6381849854009088,-5097.48171553328,5104.984912927857,-0.3920080465322826,1.6153223156043168,3.0,0.0,0.5592341991082216,0.5592341991082216
2165,1,0.05760575207819339,0.05480046558499837,0.009577782449871439,1.344503419318102,0.41376275416091035,7.1906717925564996e-9,1.0005953818990387e8,9.735871232442738e7,1.0015738058573733,0.5350894085805543,2.3069782040263043,0.13495453709591793,37.683106634120165,-5100.809685596109,7.0,1.0,0.6481926400182332,-5100.809685596109,5107.437953246739,0.39862300911863713,0.6806354268737778,3.0,0.0,0.5592341991082216,0.5592341991082216
2166,1,0.05822220452112209,0.060580615568537936,0.00979443210450261,1.3902769258789678,0.4193937972134288,7.273313673125565e-9,8.78957382294555e7,9.007690391314773e7,1.1400131728806044,0.5322062649534703,2.0942153453901846,0.12264357710914785,39.539094781396344,-5100.066243767955,7.0,1.0,1.0,-5100.066243767955,5105.195890131059,-0.11002896782792959,-0.6536632593706599,3.0,0.0,0.5592341991082216,0.5592341991082216
2167,1,0.05778667318607292,0.05814063616416312,0.009493602629835628,1.3623457052811194,0.427520276576297,7.1185037085642895e-9,9.520986274236049e7,8.816369263303417e7,0.969205507948056,0.5006900229507347,2.1478937239343865,0.10563828330203139,37.32465464002972,-5098.069597030059,7.0,1.0,0.8865551849050265,-5098.069597030059,5105.940592874659,0.10297339331100375,0.39686989339224965,3.0,0.0,0.5592341991082216,0.5592341991082216
2168,1,0.05776216187058758,0.06256625511935662,0.009450180215920097,1.3249982204026909,0.42605924474109236,7.228758164890659e-9,1.0209242427866384e8,8.415001543912211e7,1.1597581019024519,0.5025250473625907,2.0964240208169573,0.12334507173649344,41.366279313747654,-5097.118287450585,7.0,1.0,1.0,-5097.118287450585,5102.013996205016,-0.28441016169836075,-0.4718008549862134,3.0,0.0,0.5592341991082216,0.5592341991082216
2169,1,0.057579078344910266,0.06120456794042294,0.009230949762958914,1.3585719825642018,0.4390887094796696,7.125783975598523e-9,8.790835841703865e7,9.683661188512076e7,1.07112464563332,0.5534266894171369,2.203267393640548,0.13532621950472556,38.09198430018728,-5097.702878712778,7.0,1.0,0.5999736729902255,-5097.702878712778,5103.961184349661,0.2133192526134735,0.9394595984094849,3.0,0.0,0.5592341991082216,0.5592341991082216
2170,1,0.05761446783882131,0.06389377744518024,0.009356809370449214,1.354293483975625,0.4323665757891163,7.189121691177453e-9,9.641086643355504e7,8.21469847867893e7,1.0993750031084566,0.5247216564877208,2.2719122893802943,0.109724437380823,41.92681720953564,-5096.373303312603,7.0,1.0,0.9355746562449819,-5096.373303312603,5101.192326559723,-0.3475331641411685,0.3500248524132985,3.0,0.0,0.5592341991082216,0.5592341991082216
2171,1,0.05780997858560817,0.060746398542184575,0.009388018913814248,1.3338809816643833,0.43118004988591013,7.136189007601893e-9,9.957054297564349e7,9.683977966979018e7,1.05830273370905,0.5155055456432439,2.0498002896635548,0.13242219110751866,36.500430069222794,-5095.218724534371,7.0,1.0,1.0,-5095.218724534371,5098.465354455419,-0.020387244432640728,-0.24351948453477235,3.0,0.0,0.5592341991082216,0.5592341991082216
2172,1,0.058064980284634055,0.06287376976874492,0.009189986332713587,1.3632566550997678,0.42935809124827384,7.17897964158474e-9,9.20052538158203e7,8.554819756333447e7,1.0449891237995952,0.5547303555725978,2.206842551386778,0.11634428892038835,45.38183936502406,-5100.207158528136,7.0,1.0,0.3028321686421601,-5100.207158528136,5105.140456740273,1.5741403278507278,2.8250301252928693,3.0,0.0,0.5592341991082216,0.5592341991082216
2173,1,0.057355788779131826,0.06261522091697662,0.009234158295170478,1.3434458766853132,0.4372856606092553,7.158583825447862e-9,9.262685837229104e7,1.055203388322167e8,0.9463875078061608,0.48473040531492606,2.1138844611953456,0.13306182634550345,37.224614321831396,-5101.517088852733,7.0,1.0,0.986931054556923,-5101.517088852733,5106.622695896722,-1.0159164873930422,-1.6922630440476496,3.0,0.0,0.5592341991082216,0.5592341991082216
2174,1,0.05784732983228707,0.06153149413972374,0.009261146489526539,1.3474403249275815,0.4273024153419883,7.125774650747137e-9,8.959344340572831e7,8.431166836671813e7,0.9334950888366684,0.5131894189060031,2.058531196228946,0.12425449391532274,37.07714112493731,-5096.193343446704,7.0,1.0,0.6511938433376415,-5096.193343446704,5107.003035251071,-0.6973193758831258,0.9268377497191977,3.0,0.0,0.5592341991082216,0.5592341991082216
2175,1,0.057893769361448626,0.0626584206564293,0.00934520745083416,1.3456979633488646,0.42689090158997495,7.167254064887366e-9,8.867376770932211e7,8.061356839399965e7,0.9412866030799587,0.47614721876506527,2.1631825029390748,0.12393754858056952,35.97023218505179,-5097.965382599785,7.0,1.0,0.9247592018684098,-5097.965382599785,5101.950496128066,0.05475339060922124,0.34314883452952927,3.0,0.0,0.5592341991082216,0.5592341991082216
2176,1,0.057545507268289865,0.05957931271371345,0.009365012964602116,1.3269877616540537,0.43289157753645924,7.1753318456400894e-9,1.0231079979048523e8,9.746624062278345e7,1.0893461238994924,0.5455002530397512,2.2139458665218514,0.12095900588266181,39.16526220462241,-5096.1368154237425,7.0,1.0,0.9881557974034332,-5096.1368154237425,5100.917610042255,-0.10841087612880074,-0.26205751411453093,3.0,0.0,0.5592341991082216,0.5592341991082216
2177,1,0.05795746622594014,0.06681670504876737,0.00917223537792465,1.3406959871477466,0.4363557897578416,7.158498614587561e-9,8.605498479128179e7,9.170306111623606e7,0.9725917360388225,0.5150347361133574,2.3652299435829165,0.125183140038544,39.75123629913989,-5098.060248575348,7.0,1.0,0.984401158530977,-5098.060248575348,5101.142974723519,0.03908140946259664,-0.18047778046184249,3.0,0.0,0.5592341991082216,0.5592341991082216
2178,1,0.05771357993393659,0.05976928405873313,0.009367157579269463,1.35079982104476,0.42573544882792,7.14202003918249e-9,1.0363889867023657e8,9.073546377637152e7,1.1336777720757718,0.561197966561091,1.864478158579686,0.12970210586196884,38.82213779509442,-5096.577302356326,7.0,1.0,0.9304744790143487,-5096.577302356326,5104.026905329502,-0.24346777364917216,-0.24346777364917216,3.0,0.0,0.5592341991082216,0.5592341991082216
2179,1,0.05799922757235365,0.060489236848027726,0.009449283845046317,1.3764328750840535,0.4253676046823804,7.1110733614257045e-9,9.33545319604256e7,9.2968114170107e7,1.0661882755154881,0.5007592599737188,2.4507592772739866,0.12457292567987352,39.649516966489294,-5096.7887491573065,7.0,1.0,0.9712799070847531,-5096.7887491573065,5100.785810112592,0.0028824297196479165,0.12770586806800566,3.0,0.0,0.5592341991082216,0.5592341991082216
2180,1,0.057881602037369126,0.060390985220942175,0.009424480321889556,1.3451187296249414,0.43327707381331837,7.200454380791785e-9,9.448182652700767e7,8.68910957926118e7,1.0534759736130248,0.5487516507115633,2.2053681195056822,0.12547074881173173,41.20979620278411,-5093.253829994341,7.0,1.0,0.9886450830968815,-5093.253829994341,5098.637005528156,-0.25814488714058825,-0.267523660570987,3.0,0.0,0.5592341991082216,0.5592341991082216
2181,1,0.057776126938405246,0.057826236521091916,0.009579245831173602,1.3573360712995752,0.4309888063776775,7.234458028962883e-9,1.0023207343724039e8,8.783256202338438e7,1.0502647383569519,0.530670661899637,2.186199413252379,0.11908540337971431,39.84279370680202,-5094.441543065997,7.0,1.0,0.7912471246052439,-5094.441543065997,5100.8259239315985,0.23915476257025148,0.4563199372832969,3.0,0.0,0.5592341991082216,0.5592341991082216
2182,1,0.05797877419231934,0.06474426281426007,0.00937799415238677,1.3429262585218158,0.4260153149122433,7.129549222333729e-9,9.203452028851883e7,9.16341067236074e7,1.0685754007320716,0.5332550027374405,2.0995364425192418,0.1308620287233394,39.27439231646622,-5093.898935690626,7.0,1.0,0.9651248717768329,-5093.898935690626,5097.098474870121,-0.13817813428886438,-0.13817813428886438,3.0,0.0,0.5592341991082216,0.5592341991082216
2183,1,0.057777167711044644,0.058396248150933396,0.00942177288429899,1.3577785428460583,0.4328243346728927,7.176307388055411e-9,9.87323160021292e7,8.874361325884467e7,1.162811147976148,0.5692479707419725,2.239499056644615,0.12360401505941566,40.28349481448823,-5094.86144077078,7.0,1.0,0.9029421986975722,-5094.86144077078,5097.6015421101465,0.11004614598459739,0.16977736467379145,3.0,0.0,0.5592341991082216,0.5592341991082216
2184,1,0.057651214747935775,0.05919174756853504,0.00942870367832873,1.344607294565542,0.4241443209540299,7.188694540515313e-9,9.842792231182653e7,9.08739696224969e7,1.0797959676010231,0.5517490827745187,2.1666662873430464,0.12229209014614946,40.61046770436941,-5093.52190404072,7.0,1.0,0.9086620131123946,-5093.52190404072,5096.070460981778,-0.07904855452943593,0.8549762439461119,3.0,0.0,0.5592341991082216,0.5592341991082216
2185,1,0.05811251909456177,0.0628405828126514,0.009302470368875632,1.3472450766788193,0.4377323610099151,7.1768658374291e-9,9.144484823819482e7,8.721672333912234e7,1.015437952761137,0.5028767275153075,2.07549082552071,0.1228542903669144,39.882150581023794,-5094.996726100729,7.0,1.0,0.6784975019174071,-5094.996726100729,5099.867930574454,0.2009153677672657,0.6467115119712616,3.0,0.0,0.5592341991082216,0.5592341991082216
2186,1,0.05788188698768858,0.062286100986206704,0.009515983855143656,1.3473587884186689,0.433198599633216,7.164382783839808e-9,1.020340400513967e8,9.317603874015099e7,1.097910210223808,0.5623189462098391,2.160729937132815,0.12425987191724322,37.83258001170016,-5095.977531334442,7.0,1.0,0.46070883229476073,-5095.977531334442,5102.585097241825,0.8672320202813353,1.5054437338585558,3.0,0.0,0.5592341991082216,0.5592341991082216
2187,1,0.058140671192185314,0.060145245501896955,0.009662647246655453,1.341633911063738,0.4155604561583924,7.120802225557929e-9,8.846203049519765e7,9.490181000254215e7,1.2174243267649438,0.48985452036857846,2.2074291721278576,0.14198977344950084,41.03964147768241,-5100.563968788411,7.0,1.0,0.7067503439912407,-5100.563968788411,5104.469843864015,-0.07187404612704995,1.0844259566556502,3.0,0.0,0.5592341991082216,0.5592341991082216
2188,1,0.05757425359167634,0.06096316704579424,0.0091380866827862,1.35967586219739,0.43955581284546985,7.178093875966984e-9,9.966387227021956e7,8.673741726982108e7,0.9538726471384527,0.5867323251149256,1.9518362751403284,0.10652810665696845,38.42074439641503,-5100.490572891747,7.0,1.0,0.9604754606861492,-5100.490572891747,5105.87132119838,-0.09365341256670945,-0.264632685446486,3.0,0.0,0.5592341991082216,0.5592341991082216
2189,1,0.05793042280701171,0.062482847924875774,0.009582190750116341,1.3364912847761372,0.4204573239210014,7.1169727794750506e-9,9.188926946386053e7,9.238244559300497e7,1.1969938863966232,0.49488250543441487,2.1816719154828794,0.14410889975292354,40.56545642316441,-5099.621302670158,7.0,1.0,0.5728509125222454,-5099.621302670158,5105.7004920807585,0.6142949956838493,1.2639104696163486,3.0,0.0,0.5592341991082216,0.5592341991082216
2190,1,0.0577763551389986,0.06209811865913827,0.009368077996291455,1.360842912031976,0.42233526941913624,7.122554263460886e-9,9.281213894528878e7,1.136253619915574e8,1.1043526571865765,0.5359138725654121,2.14529695535826,0.13758481202822137,38.440251267933355,-5100.575207198565,7.0,1.0,0.842527625682591,-5100.575207198565,5108.215604998976,-0.1428308089653001,0.7903528261167594,3.0,0.0,0.5592341991082216,0.5592341991082216
2191,1,0.057769929331038944,0.059976482556518385,0.009230084963717827,1.3290180795660744,0.42573741290406786,7.098200561992298e-9,9.906877169695227e7,9.637697786993136e7,1.1472739466476882,0.5510247604228122,2.109766094404615,0.1355723056858652,40.415945094188146,-5097.73929497123,7.0,1.0,0.689772903670128,-5097.73929497123,5106.955022984124,-0.08467027318692999,1.1235668277158766,3.0,0.0,0.5592341991082216,0.5592341991082216
2192,1,0.05771760411299784,0.06416443394745643,0.009271259337158683,1.3615547733868705,0.4337692703427972,7.20740317006807e-9,9.767421980009794e7,8.570896801091008e7,1.0099737083092528,0.5188172108414965,2.0398311852540547,0.11289605809741636,38.33702633860195,-5095.374123022027,7.0,1.0,0.9663641823232657,-5095.374123022027,5104.181387620642,-0.44719180798165326,-0.44719180798165326,3.0,0.0,0.5592341991082216,0.5592341991082216
2193,1,0.057874133920302516,0.062033666544663274,0.009169496837057832,1.3205063221753945,0.42992620712013724,7.091223418413945e-9,9.478164396724463e7,9.346027347237627e7,1.1510228680008754,0.5276897893496624,2.0479820555431765,0.12645072609418964,36.813733573295714,-5096.520324702066,7.0,1.0,0.6943989831777595,-5096.520324702066,5102.128961820988,0.16998378032349137,0.6769987156712887,3.0,0.0,0.5592341991082216,0.5592341991082216
2194,1,0.05768208206413291,0.06272032790698852,0.009220043017216874,1.3172605773893686,0.42649827178286537,7.052483027294672e-9,9.329030947377475e7,8.966703200152834e7,1.0762169758273408,0.5480379834335385,2.0495445471796656,0.12045707239017171,39.04691655872988,-5097.897245094824,7.0,1.0,0.7463208963988635,-5097.897245094824,5101.614370262621,0.21065005296168238,0.8493164447872914,3.0,0.0,0.5592341991082216,0.5592341991082216
2195,1,0.057708271376949095,0.059655644395270054,0.009345933004089355,1.36768035777656,0.4270651088609932,7.218222671802898e-9,9.57141750639711e7,9.151270646471384e7,1.036005967029295,0.5353021534575397,2.078446100068372,0.12791042877156825,40.0043901649238,-5094.557384689576,7.0,1.0,0.6423904717974496,-5094.557384689576,5111.295341570192,-0.1545779920015775,1.8601785298033064,3.0,0.0,0.5592341991082216,0.5592341991082216
2196,1,0.057744143886687575,0.05736456946627,0.009667732681005986,1.3661130532011874,0.4164607593023966,7.299154931343706e-9,9.14727456982562e7,9.080783368484983e7,1.1991525072638585,0.5242984686642753,2.1543434350211075,0.11420627959700888,37.60522636590319,-5098.589587581809,7.0,1.0,0.8725617456843454,-5098.589587581809,5101.3262987978405,0.34498602667372325,0.4789468461913202,3.0,0.0,0.5592341991082216,0.5592341991082216
2197,1,0.05767967861576065,0.05704673971210756,0.009592301055349976,1.337929312087701,0.42663512234566037,7.223600296466762e-9,1.0331549517448036e8,9.83909912448848e7,1.0694472610609362,0.43059889387618433,2.087017668445441,0.13969896395451978,41.06804664896,-5102.700184442368,7.0,1.0,0.8664108606630153,-5102.700184442368,5108.947965174541,0.05091927868670609,0.6155845838393361,3.0,0.0,0.5592341991082216,0.5592341991082216
2198,1,0.05742115914198574,0.0540690203937897,0.009366139273762647,1.3459921731125153,0.42691203693855967,7.207932216790874e-9,1.0544761925992054e8,9.602628693883589e7,0.9692563304276622,0.47435767943372703,2.0711542916064882,0.1345839926154076,39.640970411118964,-5102.736710689442,7.0,1.0,0.7952933447637325,-5102.736710689442,5114.461805667328,0.049638739168585744,0.5263104146461046,3.0,0.0,0.5592341991082216,0.5592341991082216
2199,1,0.05749312681977668,0.05623071921664642,0.009446421247662033,1.342757795086167,0.4321638820425494,7.233239688696544e-9,9.59386763375988e7,9.887063351750949e7,1.0159235463246583,0.4821042272926928,2.290231079780249,0.13294158378135904,38.82600488082668,-5098.684403473929,7.0,1.0,1.0,-5098.684403473929,5110.097528491509,-0.6760623415621012,-0.6760623415621012,3.0,0.0,0.5592341991082216,0.5592341991082216
2200,1,0.05760316191698109,0.05878386732838587,0.009465149335837409,1.3426950945168392,0.4344018639497239,7.2458013299507595e-9,9.989957893332225e7,1.0540813537201785e8,0.9556355106547014,0.49201195265999226,2.3316558845488515,0.13820446193237101,39.112361329328415,-5101.293465273555,7.0,1.0,0.8361787632116986,-5101.293465273555,5105.278621308872,0.2873489068779236,0.40257845244650525,2.0,0.0,0.5592341991082216,0.5592341991082216
2201,1,0.057730422678977926,0.06312923336028688,0.009364924539825275,1.3584874416962212,0.42567057732997465,7.137163983254312e-9,9.553381748405986e7,7.291819660688756e7,1.1816307635963708,0.6094903119243879,2.0192169835252,0.11388573593040716,37.414549581299084,-5102.259197690443,7.0,1.0,0.6938796218542785,-5102.259197690443,5107.438367734101,-0.11929098221298773,0.7696277421528066,3.0,0.0,0.5592341991082216,0.5592341991082216
2202,1,0.05775749697345328,0.06304645922689531,0.009340956722643113,1.3733010002884916,0.42761620971926073,7.124161900176313e-9,8.500093030485332e7,8.111089532916777e7,0.9981689658055356,0.5092657538600529,2.0790185714042257,0.11644799193828695,38.97013172309865,-5097.448011105396,7.0,1.0,0.9980836023140949,-5097.448011105396,5107.871264179166,-0.5407998137261529,-0.5407998137261529,3.0,0.0,0.5592341991082216,0.5592341991082216
2203,1,0.058011758085342806,0.0643184056320571,0.009321753855860627,1.3592639994524534,0.43457346369954597,7.1619150400269564e-9,9.439298800596769e7,9.24913879459696e7,1.0789021700936026,0.5477060712132115,2.1551219588032957,0.11632149630647938,40.56973448360223,-5094.344629619586,7.0,1.0,0.9859449011057565,-5094.344629619586,5099.84189453068,-0.25741349231157074,-0.25741349231157074,3.0,0.0,0.5592341991082216,0.5592341991082216
2204,1,0.057879100719579,0.05806642311939689,0.00960420299503141,1.3421576580252288,0.41536591768073405,7.174910784339242e-9,1.0775462770420495e8,9.182960193437952e7,1.14057771887553,0.5484034488504566,2.287651260829701,0.12507745460120365,39.598719893206344,-5098.038478481762,7.0,1.0,0.5418232065066121,-5098.038478481762,5104.569442617201,0.33390390400199976,0.9293923659461143,3.0,0.0,0.5592341991082216,0.5592341991082216
2205,1,0.05776371621857689,0.06190682252046946,0.009164697304058257,1.358853714815033,0.43555055445667373,7.136743797284026e-9,8.210837511164127e7,8.678054943865365e7,0.9790420645218507,0.5097976666634173,1.9590730539296566,0.12163929378690971,39.31509853635317,-5098.0470590785735,7.0,1.0,0.9159599535189274,-5098.0470590785735,5103.324285739003,0.03968262811395107,0.21695286502017552,3.0,0.0,0.5592341991082216,0.5592341991082216
2206,1,0.05803135356284658,0.06367990152703941,0.00943041890562642,1.37013496124363,0.4322683640195388,7.145584094104382e-9,9.598762522075336e7,9.056950428065573e7,0.9897371899815062,0.5199706131516657,2.2994381211207817,0.11804664076523488,37.678228679722054,-5095.939835808541,7.0,1.0,0.9923156902081953,-5095.939835808541,5102.884796396222,-0.13892033310457919,-0.3545376814217889,3.0,0.0,0.5592341991082216,0.5592341991082216
2207,1,0.05770852070233678,0.062081811665471845,0.009241700961303764,1.341057409077734,0.43098716167084666,7.168032387555952e-9,9.70840733272088e7,7.898272931355643e7,1.1842679882591614,0.5404052213260868,2.380977441344599,0.10844077764347726,36.45075652162971,-5099.38671185008,7.0,1.0,0.32643917905001285,-5099.38671185008,5107.252292200258,0.0504949554333507,2.9521762968033727,3.0,0.0,0.5592341991082216,0.5592341991082216
2208,1,0.058134985211329336,0.06338478756673359,0.009158555956533278,1.367766618743839,0.43517871569096267,7.082451857395003e-9,9.366651065782653e7,9.521879742614248e7,0.9986127022613903,0.5419520039047971,2.476122356340838,0.14039441394630628,44.39778616433184,-5102.0744082297515,7.0,1.0,0.8612207114847729,-5102.0744082297515,5108.678223884656,0.3073004515699722,0.3073004515699722,3.0,0.0,0.5592341991082216,0.5592341991082216
2209,1,0.05804489178021063,0.059340981538133386,0.009611341454645789,1.3653817025679431,0.43455066094791944,7.176066198664943e-9,1.0820138551897943e8,9.340662215831266e7,1.0207717048761067,0.5438777342770259,2.2453811179113052,0.1263522048689932,39.885652468464684,-5098.876469798037,7.0,1.0,0.7918790507546698,-5098.876469798037,5108.707527699435,0.381040438051059,-0.8702584262200617,3.0,0.0,0.5592341991082216,0.5592341991082216
2210,1,0.05750166628135953,0.06064671189250356,0.009446542080010091,1.3459728389096832,0.4213556938300887,7.167566031240911e-9,8.680263948252188e7,8.567398615976335e7,1.1039630261158035,0.5125954092570506,1.9428539732454069,0.12454866730147766,39.546747160572195,-5096.491729065245,7.0,1.0,0.9860253789751698,-5096.491729065245,5102.970934273826,-0.8880897901544813,-0.9841964016877682,3.0,0.0,0.5592341991082216,0.5592341991082216
2211,1,0.05887861643470874,0.05885629433464005,0.009506565921219463,1.3429313194158532,0.42871068420471764,7.085297040160084e-9,9.60074972122142e7,9.212161229178365e7,1.0738739445342067,0.5823574103858395,2.244731846734001,0.12322979636499962,44.57387005126656,-5104.220472152641,7.0,1.0,0.4482664626956806,-5104.220472152641,5109.1582612822285,0.8206640594235068,1.5577234805195985,3.0,0.0,0.5592341991082216,0.5592341991082216
2212,1,0.05870477210279771,0.059515732056457014,0.009588320142973152,1.3320455980733767,0.42490000693394714,7.116316365233523e-9,9.616134711442441e7,8.914147725771895e7,1.012027049458037,0.5507977493112592,2.281126422967875,0.1211866221794349,43.72701222183103,-5101.50299428628,7.0,1.0,1.0,-5101.50299428628,5108.471422175848,-0.23878864851121762,-0.6147722279401933,3.0,0.0,0.5592341991082216,0.5592341991082216
2213,1,0.05728312380675704,0.06235641310059731,0.009189835202876615,1.3605177264748851,0.43079200440196364,7.177616583783826e-9,9.219649406768656e7,8.565121994712304e7,1.0724538432141182,0.5392273462879046,1.890871565446718,0.12139985903251381,37.22435545825234,-5098.314629943815,7.0,1.0,1.0,-5098.314629943815,5104.904480509966,-0.2805622472669711,-0.43923303975861927,3.0,0.0,0.5592341991082216,0.5592341991082216
2214,1,0.057898533696000135,0.06065155392274294,0.009452571610047644,1.3534435573429526,0.43647459520060344,7.2389498561315285e-9,1.0304054435348502e8,9.432918212583394e7,0.9967532668711967,0.5758173051812712,2.2089755540459874,0.12703666298353367,41.30474660416557,-5097.079851001538,7.0,1.0,0.9833463672157704,-5097.079851001538,5101.736773954734,-0.0013797842557323747,-0.3004648599808206,3.0,0.0,0.5592341991082216,0.5592341991082216
2215,1,0.05794304195687451,0.06118656333997526,0.00946472279838569,1.3471013988273912,0.4232793161561597,7.086805345630814e-9,8.412640128380415e7,8.604844661367197e7,1.1169313731981267,0.5026342437816964,2.1945051945361995,0.11819551400566286,38.64578286444199,-5096.645762664318,7.0,1.0,0.9230396243094035,-5096.645762664318,5105.01983844912,-0.1630902920378503,0.31695659653269104,3.0,0.0,0.5592341991082216,0.5592341991082216
2216,1,0.057950590278615544,0.06170431532870413,0.009318780793695754,1.359606064422748,0.43101513871671215,7.159473650072292e-9,9.543249364613973e7,9.27990940094823e7,1.202435213318183,0.6346950022988177,2.0694292413351127,0.11115210214912395,34.52030304591007,-5100.408931175249,7.0,1.0,0.8388255493810817,-5100.408931175249,5106.816109864967,0.258067716223195,0.49514239209929656,3.0,0.0,0.5592341991082216,0.5592341991082216
2217,1,0.057980591987234216,0.0622188054752463,0.009244099309446197,1.3371179562079243,0.4287447532492152,7.150544304825126e-9,8.966726218957229e7,8.676048404211324e7,1.0110898073703616,0.4719123154629348,2.2068433924022033,0.1398825467580482,43.5288951271081,-5098.51979186395,7.0,1.0,0.29294800095222684,-5098.51979186395,5108.29752533973,0.9502983750035128,4.484659368214125,3.0,0.0,0.5592341991082216,0.5592341991082216
2218,1,0.05801814400727414,0.0592108533513865,0.00950215949229673,1.3666687338730799,0.4338492045795857,7.162934619176526e-9,9.420500651268455e7,8.435902918314466e7,1.0961702776926023,0.5258774074445361,1.9240234914560068,0.10969635939616339,42.6404560167051,-5097.653190723776,7.0,1.0,0.9830507046092701,-5097.653190723776,5103.853261173218,-0.3378263936210715,-0.5112467541357546,3.0,0.0,0.5592341991082216,0.5592341991082216
2219,1,0.057483072109920534,0.06097192215052473,0.00961838947491827,1.3463533936638832,0.4178177370276717,7.221102223596221e-9,9.778312584851727e7,9.631685807155073e7,1.0754250664121936,0.5306783352759923,2.3318586638386325,0.13631063135216556,36.746010888814894,-5098.541627378196,7.0,1.0,0.9671216080827485,-5098.541627378196,5104.170501734089,-0.08643030013081443,-0.29085242791916244,3.0,0.0,0.5592341991082216,0.5592341991082216
2220,1,0.05777000022641953,0.059182333293322946,0.009427818904198262,1.344288412432205,0.4283596293632758,7.24234681463975e-9,9.927657582874864e7,8.595743255409564e7,1.0146586459104667,0.5495422884130642,2.2555639595709263,0.12947602176014675,38.55304228030413,-5094.913706414703,7.0,1.0,0.9842953967300431,-5094.913706414703,5100.838659361673,-0.18785776640197582,-0.4404130581287973,3.0,0.0,0.5592341991082216,0.5592341991082216
2221,1,0.05760267715468208,0.06771764149724759,0.00929220485307708,1.3590940124250306,0.42788353572774956,7.157014392070885e-9,1.0835499029153094e8,9.361158571728191e7,1.0248533564862705,0.5655055668260908,2.155696569101655,0.12277328426961988,44.0848003537458,-5099.022776371955,7.0,1.0,0.8759039079014779,-5099.022776371955,5101.992648092653,0.22199180135339702,0.3541744028498215,3.0,0.0,0.5592341991082216,0.5592341991082216
2222,1,0.05836791557287536,0.058294457441672366,0.009339008528903722,1.3234931826146326,0.43894541885313837,7.10658473183129e-9,8.524899447005497e7,8.691412683546431e7,1.1506723996425248,0.4965944551780262,1.9456485996720292,0.12526516856814185,39.4180592741276,-5100.486701139967,7.0,1.0,0.718179703168839,-5100.486701139967,5112.166410192554,0.09851546817753842,0.5704798600745562,3.0,0.0,0.5592341991082216,0.5592341991082216
2223,1,0.057527981383921414,0.0672793178174435,0.009027063289201661,1.3501514126908771,0.43327829405082074,7.118774570852327e-9,1.0724415707678606e8,9.531717772345686e7,0.965745124174332,0.5421368923176607,2.114693237388718,0.1360991354908371,40.39649663437249,-5099.975409290068,7.0,1.0,0.9214665854475774,-5099.975409290068,5107.348859239784,0.08667244897696946,0.24977230729837174,3.0,0.0,0.5592341991082216,0.5592341991082216
2224,1,0.05803687717182026,0.05912347456038522,0.009382207639125034,1.3180116949726803,0.43842342260975525,7.170266382500919e-9,9.423207064211299e7,8.356925208129556e7,1.1831582470625008,0.4817371011981214,2.1566938603396033,0.1388166488336102,40.393054550502484,-5099.804571652431,7.0,1.0,0.7357886486886455,-5099.804571652431,5109.342918825393,0.000897550452464202,0.7419966905281399,3.0,0.0,0.5592341991082216,0.5592341991082216
2225,1,0.05755755595212434,0.06701220620718745,0.009275278331639984,1.3663988551564434,0.43124201273316587,7.112106371903534e-9,9.660453297189093e7,9.625270535365424e7,0.9519366448829687,0.5874456387645709,2.099004990949658,0.11228000666149864,38.10344865317361,-5100.060932704885,7.0,1.0,0.9621931669661267,-5100.060932704885,5103.535851026871,0.20042273623039364,-0.6026375893306977,3.0,0.0,0.5592341991082216,0.5592341991082216
2226,1,0.05812703162648787,0.05669700777393405,0.009804090002025846,1.3353659148065349,0.42285507979863435,7.214595382032613e-9,8.96208306688625e7,8.572847765543206e7,1.1928924736012663,0.47920947896271476,2.092925672341764,0.1388861755050049,40.8741324685581,-5100.42013819682,7.0,1.0,1.0,-5100.42013819682,5106.417460461187,-0.4554463124204631,-0.8132957111656651,3.0,0.0,0.5592341991082216,0.5592341991082216
2227,1,0.057448203325553275,0.06540332793651625,0.009389876850640588,1.374164582512468,0.42986373038851927,7.140154841649431e-9,9.929017177710094e7,9.48235447949596e7,0.9517068452508025,0.5849993150304558,2.1193176694305484,0.1099423176418468,38.85271556639784,-5101.204296967761,7.0,1.0,0.7388341517013937,-5101.204296967761,5106.597298435717,0.7723391821555197,0.7723391821555197,3.0,0.0,0.5592341991082216,0.5592341991082216
2228,1,0.05796580636276684,0.05670803499895674,0.009337201155072038,1.309202605331986,0.4315782994168417,7.1150404399607935e-9,9.083856464533025e7,9.052470497035292e7,1.1877128273723758,0.5266631151744485,2.1571068626811063,0.1384578561630569,39.39798704867258,-5100.00257258486,7.0,1.0,1.0,-5100.00257258486,5105.760628318716,-0.5372463593448629,-0.7901770438447784,3.0,0.0,0.5592341991082216,0.5592341991082216
2229,1,0.0579985760338207,0.0585311135397115,0.009228551343694928,1.324641171257392,0.4276228023541363,7.1691006830308035e-9,9.00912691026269e7,9.034701366565986e7,1.1982744460638195,0.5339782028279999,2.0453558070666356,0.146217427674805,37.144263158959696,-5102.221768878839,7.0,1.0,0.6149842187884624,-5102.221768878839,5108.534848222958,1.1324803966936088,1.1324803966936088,3.0,0.0,0.5592341991082216,0.5592341991082216
2230,1,0.057820400880445114,0.06360730778235063,0.00927499881188773,1.3592383055608923,0.4378499723502817,7.038488999368495e-9,9.474112949683948e7,9.433191216959146e7,0.9612755474857937,0.5540532141732939,2.226985203697431,0.1385147135497305,41.39356960971981,-5100.633384065874,7.0,1.0,0.941520854882648,-5100.633384065874,5107.7696469663015,-0.4859488812735435,-1.5270157474169537,3.0,0.0,0.5592341991082216,0.5592341991082216
2231,1,0.05766430730586438,0.05915957236441777,0.00965133538471542,1.3509766217893344,0.42429076928243686,7.293050040133143e-9,9.499608674081516e7,8.548967509572475e7,1.1756466282142433,0.5162036535519505,2.1634851585160937,0.11639792237104381,38.02483095710643,-5096.417202586891,7.0,1.0,0.8510219139910857,-5096.417202586891,5109.722211899768,-1.4156054497989317,-1.4822911869605377,3.0,0.0,0.5592341991082216,0.5592341991082216
2232,1,0.05751977154268208,0.057085624031746524,0.009560487894691765,1.3898257023098894,0.4228697276224369,7.222720502013589e-9,9.944566831037997e7,9.842006300373939e7,1.1084312178057503,0.5762576495603507,2.3749713008521174,0.14537905796889888,41.459279855554605,-5101.7207989804665,7.0,1.0,0.7906117072843573,-5101.7207989804665,5106.187297930205,0.36360349352708,0.5121048466207867,3.0,0.0,0.5592341991082216,0.5592341991082216
2233,1,0.05797262482117827,0.06210032105339295,0.009227015186292108,1.3076285776391072,0.4363547712731177,7.089982554394757e-9,8.74051785215723e7,8.5152827247245e7,1.0160773829576317,0.5120337460578995,1.913813478155938,0.10653709016698844,40.117406059069644,-5100.562821483187,7.0,1.0,0.92186854850004,-5100.562821483187,5110.456709555838,-0.20248254628404538,0.2089054347597994,3.0,0.0,0.5592341991082216,0.5592341991082216
2234,1,0.05800172222420467,0.06400740362059801,0.009078468197076237,1.3241495875766711,0.44158612523516755,7.107445711455941e-9,7.990937284030807e7,7.9975011568199e7,1.0692841356482257,0.5411039912600402,2.2392425919011054,0.12259189960116755,38.8118353538581,-5100.769909889412,7.0,1.0,0.7556837909291937,-5100.769909889412,5108.414935615232,0.12110825047329854,0.5978813885740237,3.0,0.0,0.5592341991082216,0.5592341991082216
2235,1,0.05777157653451921,0.06098570858918058,0.00952855067919578,1.3615071273513226,0.42776031495552813,7.220656138550477e-9,1.1198240617344148e8,1.014309758001217e8,1.1099343851307477,0.5426706190564416,2.092573841091849,0.12348267331727873,39.90571477100768,-5097.384242180174,7.0,1.0,0.9631325513999395,-5097.384242180174,5107.876902586285,-0.17171220901036577,-0.19410932206756115,3.0,0.0,0.5592341991082216,0.5592341991082216
2236,1,0.05813704492357553,0.059628342231778916,0.00944535384240568,1.3362917554799814,0.42753704372502616,7.114839603263353e-9,7.909674583931324e7,8.191637312670441e7,1.0659557290359218,0.5154035328601022,2.092583236251704,0.12243098162375539,39.16983304239542,-5097.702418100171,7.0,1.0,0.9826499498556085,-5097.702418100171,5102.960808225603,0.013614174677059054,0.040640605265252816,3.0,0.0,0.5592341991082216,0.5592341991082216
2237,1,0.057436532317786,0.056907282942693836,0.009453693761257213,1.3784817815008203,0.43167028536579866,7.241420388172783e-9,1.1023901113382402e8,9.781931937917762e7,1.0649599209700993,0.5312531540872025,2.184562920284323,0.1387787976902345,41.40800895084856,-5100.464685563483,7.0,1.0,0.5899573493280769,-5100.464685563483,5109.924176738438,0.35661524502938846,0.9503552561845936,3.0,0.0,0.5592341991082216,0.5592341991082216
2238,1,0.05756942505733753,0.05709074205357346,0.009268768306274364,1.3744718333425305,0.4459784185162735,7.248059941650937e-9,9.878721523067984e7,9.835388527618109e7,1.03165620015184,0.5364426421566092,2.301001251552346,0.13782465071265843,40.081499034188454,-5103.0462026288305,7.0,1.0,0.8395990708446627,-5103.0462026288305,5107.793837644984,0.2610597227958351,-0.47209778988326434,2.0,0.0,0.5592341991082216,0.5592341991082216
2239,1,0.05807674765425713,0.06505130433365565,0.009570504995511101,1.3321095407550767,0.4152682663304703,7.130558920254388e-9,9.238828337628742e7,8.279290817511281e7,1.0936470969836998,0.5287684596437133,1.9202972952223196,0.1141262880253219,40.31851701205621,-5101.493579983622,7.0,1.0,0.9892222401599788,-5101.493579983622,5106.464154013641,0.0019165411767971818,-0.48733032047675806,3.0,0.0,0.5592341991082216,0.5592341991082216
2240,1,0.05800323472655384,0.0642994731798224,0.009533336414459154,1.3499985426047774,0.4200389372287087,7.14738078748136e-9,8.91955329962753e7,9.192963542530993e7,1.0774018138428525,0.5078764434200818,1.91866031450596,0.11283829037206664,40.62527862507294,-5097.112023854207,3.0,1.0,0.894660315220185,-5097.112023854207,5104.243359983202,-0.5656139410493779,-0.5656139410493779,2.0,0.0,0.5592341991082216,0.5592341991082216
2241,1,0.05768181933910951,0.05907126880670474,0.009343689080948295,1.3465764381835668,0.43512892614507737,7.192729544553879e-9,1.0398172000174136e8,8.903229437635705e7,1.0281118652598233,0.551315185076628,2.330082619897894,0.1318375502599127,38.31117311891415,-5095.680619343767,7.0,1.0,0.863844551621586,-5095.680619343767,5103.688348399186,-0.13161351545477373,0.328823355048371,3.0,0.0,0.5592341991082216,0.5592341991082216
2242,1,0.05791239198860139,0.0673297528097588,0.00907133761674072,1.3172905975492124,0.4403054229949671,7.053002314768284e-9,8.642982773788795e7,9.230752884412473e7,1.1234342481490636,0.5470404553061007,2.036601384333312,0.1097404357254783,42.20740660359504,-5100.091250014196,7.0,1.0,0.4766059962288253,-5100.091250014196,5107.461636855012,0.474558732582409,0.9015354321127234,3.0,0.0,0.5592341991082216,0.5592341991082216
2243,1,0.05790101494639029,0.0635386175915912,0.009272523287671263,1.3422030020779705,0.4349908357526312,7.115657459327977e-9,1.0188088869160546e8,8.367960758989342e7,1.0357692201360564,0.4982494386723542,2.078623483991214,0.14474456918212147,36.22243256204358,-5097.597153400185,7.0,1.0,0.986686898468663,-5097.597153400185,5104.0550593450325,0.010794868285302073,-0.11625486875345814,3.0,0.0,0.5592341991082216,0.5592341991082216
2244,1,0.057835045271564405,0.06105349793845168,0.009370534181658483,1.3189223352202029,0.43628385966994127,7.2141230371444615e-9,9.973876287894589e7,8.646482385908213e7,1.0816679690816255,0.5092234047978519,2.0728721660735974,0.13805243894408364,38.00755072414861,-5097.375253975346,7.0,1.0,0.48224633016851737,-5097.375253975346,5103.428202985363,0.13832643054684013,1.6914067682146197,3.0,0.0,0.5592341991082216,0.5592341991082216
2245,1,0.05790434517873073,0.05773349751104302,0.009549001632956269,1.3219252913769934,0.42287165082529754,7.191966408945959e-9,9.407533914276065e7,8.08632383623164e7,1.0144971325256769,0.5330214057681659,2.263791814983706,0.11972060096632134,37.59368331970085,-5096.870842907589,7.0,1.0,0.9888343050856244,-5096.870842907589,5103.426369112145,-0.18587371727517166,-0.18587371727517166,3.0,0.0,0.5592341991082216,0.5592341991082216
2246,1,0.05735912334499761,0.062113752817521885,0.009486527805687456,1.3717387868135527,0.4190343800513601,7.188452544931024e-9,9.066953242243092e7,9.944490955410641e7,1.105434501327002,0.5040853443551919,2.23366485241363,0.1273709320306853,39.6305792831064,-5098.691861204724,7.0,1.0,0.5428242926508068,-5098.691861204724,5107.161819305334,0.4740641932185099,0.9935680208827762,3.0,0.0,0.5592341991082216,0.5592341991082216
2247,1,0.05837422121796164,0.06005090499322413,0.00928418161387094,1.3211799406535316,0.4405525752587764,7.171113626943455e-9,9.873449223828673e7,8.456573186236389e7,1.002568725174739,0.5618356401845981,2.2295122708174904,0.125054343038173,39.017960259906644,-5100.481968396066,7.0,1.0,0.5533179285561564,-5100.481968396066,5110.602179642054,0.427784587748647,1.0947333190842983,3.0,0.0,0.5592341991082216,0.5592341991082216
2248,1,0.05740912615231255,0.06378302404166028,0.009163829274757274,1.3604947831113128,0.4277541937556025,7.087770955451215e-9,8.519014825836714e7,9.304330339331934e7,1.13623328735913,0.510878407848098,2.282608345889118,0.1253848148286529,39.35489854685447,-5100.727250890334,7.0,1.0,0.5375589657266654,-5100.727250890334,5109.98827558499,0.11398106935394026,2.153213312229127,3.0,0.0,0.5592341991082216,0.5592341991082216
2249,1,0.05832957281839009,0.05781193101785897,0.009580359932922819,1.3345110120882506,0.4293165971459476,7.2333651818667426e-9,1.0598310214440656e8,8.767769492945419e7,0.9920789003708815,0.552062121545363,2.070316188929107,0.1249558061219862,40.77852449090281,-5099.45280571051,7.0,1.0,1.0,-5099.45280571051,5103.094096323926,-0.10845081495972408,-0.8229807845482355,3.0,0.0,0.5592341991082216,0.5592341991082216
2250,1,0.05766351729212046,0.06352224101033935,0.00926184876565192,1.3445897671147864,0.42654505270633775,7.076110974385449e-9,1.0129498988608651e8,8.741822679338843e7,1.029736087164339,0.5692759788886461,2.1514109776045953,0.12211813352590774,39.34807788949925,-5096.014245054762,7.0,1.0,1.0,-5096.014245054762,5101.957110023747,-0.41699212833555066,-0.4974531813595604,3.0,0.0,0.5592341991082216,0.5592341991082216
2251,1,0.057425342643782115,0.05706649033339427,0.009541800826298272,1.3092700328058757,0.4247079457189267,7.217043177121158e-9,9.046357973535465e7,9.68076354268903e7,1.1048701909770022,0.4923933035759745,2.349384054888627,0.12974192946586502,40.51473221856426,-5101.833013524761,7.0,1.0,0.6569787389611156,-5101.833013524761,5106.766648998908,0.4838940066347277,0.7606525899536791,3.0,0.0,0.5592341991082216,0.5592341991082216
2252,1,0.057460900688541594,0.06388966089616249,0.009421805148577614,1.381971146896484,0.43490772462141325,7.28701155346808e-9,9.171769095096742e7,9.235589108095464e7,0.9215420883199934,0.5364978732379322,2.100956985190003,0.1252439290508541,40.60535146826159,-5101.145144290358,7.0,1.0,0.8850051879831763,-5101.145144290358,5110.296676057961,-0.2082330790190099,0.29323945185569755,3.0,0.0,0.5592341991082216,0.5592341991082216
2253,1,0.05739054798580493,0.06351918139917963,0.009227611168762473,1.3590500812954995,0.43081481986584436,7.224228870511091e-9,9.257375178379184e7,9.172316469610046e7,0.9863879981293221,0.5198824543148335,2.1542816556378312,0.13273400390448808,41.692049546694456,-5097.053313044737,7.0,1.0,1.0,-5097.053313044737,5103.197648786768,-0.34208549548293377,-0.7672259440123526,3.0,0.0,0.5592341991082216,0.5592341991082216
2254,1,0.05806774012306424,0.06256232169301194,0.009512753884739808,1.3632587912630059,0.419515937019075,7.120098563262052e-9,9.459850311487737e7,1.0424359738506767e8,1.1394103108495501,0.5856939349384864,2.2086606318724007,0.12743084141472594,40.92728136818435,-5098.722148567326,7.0,1.0,0.9058370222078008,-5098.722148567326,5104.9209433634815,0.04082450496935053,0.2827035656437147,3.0,0.0,0.5592341991082216,0.5592341991082216
2255,1,0.057815906927495796,0.05818002728521254,0.009485659552593898,1.3461846445955472,0.43008033049826183,7.237454301564477e-9,9.364965035179596e7,8.30526522842889e7,0.9873435032135868,0.5353498853824388,2.2256599570156497,0.11877700517052336,40.573916309609615,-5094.758713837085,7.0,1.0,0.8736359344333894,-5094.758713837085,5101.042619299748,-0.43107641564074584,1.972682666804758,3.0,0.0,0.5592341991082216,0.5592341991082216
2256,1,0.05777433649112415,0.05681669534999872,0.009517327150807438,1.3500175541892279,0.4402612694870489,7.232073890838144e-9,1.0219913592106976e8,8.28758313388238e7,0.8989126857170612,0.5305741389033465,2.1846010035445347,0.11600149358975903,37.8682055681993,-5103.312546991041,7.0,1.0,0.3783946655011368,-5103.312546991041,5109.425719309034,1.6030424081245656,1.6030424081245656,3.0,0.0,0.5592341991082216,0.5592341991082216
2257,1,0.05777768575328365,0.06171986539001333,0.009770912942159916,1.3566346586634497,0.41118429287811925,7.153638692730323e-9,8.532119429065768e7,9.905010388339941e7,1.1994002027812798,0.5207407322354836,2.116823023940628,0.13414354818766533,42.4880161104785,-5102.533110898555,7.0,1.0,1.0,-5102.533110898555,5106.0156072006785,-0.38689614815666573,-1.52883708995887,3.0,0.0,0.5592341991082216,0.5592341991082216
2258,1,0.0577099950343785,0.05583923578780376,0.009706148013292587,1.3674193749806882,0.427578315161565,7.282946149051264e-9,9.712937679104313e7,8.163735556317438e7,1.1152068760946652,0.4877034945672298,1.98037150390694,0.1381764572697567,42.53733894613387,-5099.446964161084,7.0,1.0,0.8024999618402084,-5099.446964161084,5107.680328458345,-0.7695199069376031,1.017507048933112,3.0,0.0,0.5592341991082216,0.5592341991082216
2259,1,0.057947158843023185,0.0631684084611956,0.009242161365149597,1.3370169518177082,0.4283355397330801,7.091613961285183e-9,9.02259113038857e7,9.639810816927291e7,1.0331567853052401,0.574953137893937,2.255776414783087,0.11452112447397833,38.263727006929116,-5096.0851739398795,7.0,1.0,0.901452303682489,-5096.0851739398795,5103.364412029734,-0.15001016507358145,0.30017938182754733,3.0,0.0,0.5592341991082216,0.5592341991082216
2260,1,0.057638111227125824,0.055457079413963675,0.009546502031617728,1.3642383322163463,0.4302226561845732,7.218087877345087e-9,1.0140869254665197e8,8.410868690261458e7,1.1118453781434972,0.4797341435486929,1.9886875200116585,0.13946340292380005,42.94169007351935,-5099.638220699765,7.0,1.0,0.7314291189014792,-5099.638220699765,5104.912993340648,0.24179317027392244,0.7979371856190483,3.0,0.0,0.5592341991082216,0.5592341991082216
2261,1,0.05732612514317091,0.060873754675400106,0.009531113575622058,1.3563450588835295,0.42057879526376096,7.246147706147246e-9,9.419796050135349e7,8.708018747448295e7,1.0058401657534615,0.5151526140128923,2.108573227462501,0.10833901772268967,39.79630899307734,-5097.770699532898,7.0,1.0,0.4350257853546894,-5097.770699532898,5109.443303245466,-0.9121731616378383,3.799387141149964,3.0,0.0,0.5592341991082216,0.5592341991082216
2262,1,0.05818241505816881,0.060221942920027874,0.009342420249753635,1.3436103471427459,0.44224983320545336,7.106100254124548e-9,9.691776568512149e7,9.211471808884497e7,1.0825780024891705,0.5104480850292542,2.1576966716757444,0.138677062346112,38.85486443603852,-5097.502154877955,7.0,1.0,0.2749098810900886,-5097.502154877955,5104.88237938856,0.6976482257259704,3.3330431230988324,3.0,0.0,0.5592341991082216,0.5592341991082216
2263,1,0.05834238441373346,0.061082812680142144,0.009277163779292639,1.3749176059978845,0.4315339291415701,7.111157441143263e-9,1.004794862103215e8,8.32060693803048e7,1.1367600174270598,0.4990516464101982,2.0762047329640834,0.14864679123141145,39.99008893817487,-5103.293647664951,7.0,1.0,0.489470866437972,-5103.293647664951,5106.94796738723,0.9713593425612999,1.9155245659931097,3.0,0.0,0.5592341991082216,0.5592341991082216
2264,1,0.057474087828493635,0.06143932235392416,0.009201987343589516,1.3139388648895136,0.4269262495048859,7.246968566961618e-9,8.885093742715529e7,9.706991466199715e7,1.004141204584899,0.5677365670661884,2.285843013316836,0.11406780697578354,39.36063598867732,-5102.985346169429,7.0,1.0,0.8872271738730814,-5102.985346169429,5109.8571074790125,0.42604394766476616,-0.8210781669222342,3.0,0.0,0.5592341991082216,0.5592341991082216
2265,1,0.05808223086093309,0.06221782458479341,0.009178391444501919,1.356215475900758,0.4374416455709196,7.065717672065735e-9,1.0024330850022233e8,9.416814974228974e7,1.1489614829717314,0.4907353797417213,2.020778345458163,0.1335828427594064,40.73780019543709,-5097.98919174606,7.0,1.0,0.9644919286508044,-5097.98919174606,5110.209137934413,-1.4359281927218035,-1.4359281927218035,3.0,0.0,0.5592341991082216,0.5592341991082216
2266,1,0.05746134326785081,0.06009276218958598,0.009502776916611722,1.3385020385826298,0.425233464043379,7.249356383237189e-9,9.451109757248405e7,8.483812294977193e7,0.9623177622690503,0.5716501019501975,2.2895130134609154,0.1120698510428368,38.14936293194786,-5097.848747372183,7.0,1.0,0.9724137368839033,-5097.848747372183,5103.196040444798,-0.07437462522193528,-0.1662624091422913,3.0,0.0,0.5592341991082216,0.5592341991082216
2267,1,0.05768864492999346,0.06183652770506845,0.009375849289687606,1.32238781437555,0.4340531608427462,7.198568656859149e-9,1.142880133687625e8,9.202073186264044e7,1.0988485327890993,0.5018680061983902,2.069924069252685,0.12855018004585492,40.57086164018822,-5098.793545447258,7.0,1.0,0.7380433391546892,-5098.793545447258,5105.655405708993,0.27978287544283376,0.5000736298770789,3.0,0.0,0.5592341991082216,0.5592341991082216
2268,1,0.057857363050973006,0.06115237429847974,0.009378016515491007,1.3089928173519927,0.4345319960801093,7.215796361340893e-9,1.040015876866993e8,8.80303742676136e7,1.0502356063520248,0.5013599445488793,2.225845322325141,0.12624027599527474,37.446339470347844,-5098.213914458084,7.0,1.0,0.4290387777222814,-5098.213914458084,5105.914735615636,-0.22698227247747127,2.4809381343056884,3.0,0.0,0.5592341991082216,0.5592341991082216
2269,1,0.05770563255358911,0.06035664746647499,0.009502159250433205,1.3696566796003935,0.41686968231185567,7.195307453576507e-9,8.846235706311879e7,8.991559458033553e7,1.1492407303828596,0.5098472742021218,2.132696768836064,0.11726164121571503,40.004981784283544,-5096.570857829993,7.0,1.0,0.898026265616542,-5096.570857829993,5102.489264030602,0.12311663226955716,-0.4179828577425724,3.0,0.0,0.5592341991082216,0.5592341991082216
2270,1,0.05776939521470412,0.05942774789968609,0.009438266153258868,1.3490670038006511,0.42888538511239166,7.231389418351643e-9,1.0222689437501633e8,8.83723577263381e7,1.007413566517011,0.5487938836621588,2.2309687479103557,0.12703390586105145,39.65393767173505,-5094.204018007412,7.0,1.0,0.9814358610850453,-5094.204018007412,5101.69600875446,-0.5175735490884108,-0.5175735490884108,3.0,0.0,0.5592341991082216,0.5592341991082216
2271,1,0.05793779418818201,0.06122054801640577,0.009550414796302264,1.343051896519419,0.42377142462012335,7.127408687172037e-9,8.811511570523688e7,8.816418875061521e7,1.1211104824336666,0.53770928529431,2.0356234665825985,0.11926170968894588,38.78647222536143,-5094.716260037283,7.0,1.0,0.7793550586308069,-5094.716260037283,5100.815603062579,0.2610808651852494,0.505354678578442,3.0,0.0,0.5592341991082216,0.5592341991082216
2272,1,0.05806269528454702,0.06519820435948515,0.009130960780933263,1.3400721181952164,0.43889584054574715,7.096948659562994e-9,9.451033168118083e7,9.523929520766948e7,1.0372963062992129,0.5245549871579345,2.1550961713905603,0.12974893614589406,44.743750163556236,-5096.844557479707,7.0,1.0,0.7180055729548857,-5096.844557479707,5101.6573556086105,0.022553102307028894,0.8236896193548091,3.0,0.0,0.5592341991082216,0.5592341991082216
2273,1,0.05770384758430923,0.0588831864326715,0.009737794707562638,1.3752500469497988,0.422652666616435,7.2324262521416385e-9,9.317317281282566e7,8.732198813505958e7,1.0756555998920845,0.5492072340900246,2.1114051934060365,0.12057352174752639,37.83871709156529,-5095.474798005725,11.0,1.0,0.4713326384846402,-5095.474798005725,5103.450696069387,-0.39346011525140057,1.9003567850750187,3.0,0.0,0.5592341991082216,0.5592341991082216
2274,1,0.057678178223348205,0.05956990326874013,0.009459014925584083,1.3704852537745038,0.4216428861420326,7.2601926825406884e-9,1.0596219999012357e8,9.244532012413946e7,1.0171054743799532,0.5630836994102768,2.136767210626243,0.12453170783232077,41.49863121631676,-5097.372595083818,7.0,1.0,0.6845960441142172,-5097.372595083818,5100.522763508532,0.4519348358935531,0.8286353634639454,3.0,0.0,0.5592341991082216,0.5592341991082216
2275,1,0.058133721105804954,0.05688202850508043,0.009647621480200135,1.3576922923640067,0.4213256682756386,7.18005117244725e-9,8.679457531532359e7,8.903388903836964e7,1.1634674354643384,0.4968745600029831,2.0037362818834863,0.12386268653655258,42.597756428425555,-5096.412683457066,7.0,1.0,0.8893332567567197,-5096.412683457066,5101.552601334889,-0.6729089570235374,-0.6729089570235374,3.0,0.0,0.5592341991082216,0.5592341991082216
2276,1,0.057569551369141464,0.05914550440074594,0.00954769741479346,1.3592143286195872,0.42358474389642586,7.252503933933622e-9,1.1068772103177007e8,9.179408782183647e7,1.0278513647896261,0.5461432522059485,2.196943635916282,0.11578417460663397,36.72412243032323,-5097.111905294109,7.0,1.0,0.9533065496737001,-5097.111905294109,5100.319626956115,0.07165680674552277,0.10145628807822504,3.0,0.0,0.5592341991082216,0.5592341991082216
2277,1,0.058046049767530326,0.06302271977162177,0.00926792432956557,1.3248017759079753,0.4330440502564843,7.0970494432283304e-9,9.036026794520123e7,8.592807244866635e7,1.068838063450189,0.513575363175184,2.0335514226558895,0.12429665047436055,43.541937562682484,-5095.342004757976,7.0,1.0,0.8549990714233662,-5095.342004757976,5102.308750648627,-0.19590958366188715,0.23630751002656325,3.0,0.0,0.5592341991082216,0.5592341991082216
2278,1,0.05766192934938884,0.06107738055060577,0.009377617945427765,1.3575082690090026,0.4314181245877725,7.214592192882494e-9,9.967099274097973e7,9.210499510425286e7,1.065930896982669,0.536901896625154,2.21620233279262,0.1234841064547017,35.1842917602699,-5094.762580668435,7.0,1.0,0.9281965164164322,-5094.762580668435,5098.795448083346,0.05519524908413587,0.13632623161356605,3.0,0.0,0.5592341991082216,0.5592341991082216
2279,1,0.05807721639736487,0.06087481746608914,0.009277702639025099,1.331414161758198,0.42809413610063113,7.083156260018717e-9,9.859099943714687e7,8.552032928464691e7,1.0628835380645973,0.5289420735660431,2.0105867527614447,0.1159362776493173,43.823437918322114,-5096.369855479781,7.0,1.0,0.7261047783161594,-5096.369855479781,5100.610828392438,0.22171857946523232,0.6053730839876152,3.0,0.0,0.5592341991082216,0.5592341991082216
2280,1,0.05784813710375706,0.0641609102779206,0.009189988621701874,1.3260740497800048,0.44247954806884104,7.139726171752213e-9,9.20371020193256e7,8.917028904271783e7,1.0795726003088393,0.63823318353831,2.2731046140288775,0.11951634970874772,33.12301628881678,-5102.386808733368,7.0,1.0,0.8404416930577758,-5102.386808733368,5105.127492623764,0.46647887917697517,0.5039381577435051,3.0,0.0,0.5592341991082216,0.5592341991082216
2281,1,0.058160479837893034,0.05991752735914299,0.009559682238545392,1.3803129460537022,0.4237256468134736,7.198859826984114e-9,1.0066160626394698e8,9.178474067246889e7,1.033143647843725,0.4662551985420476,2.02773930498577,0.12456671977345146,50.496528118721535,-5103.215642296926,7.0,1.0,0.6814481764983363,-5103.215642296926,5109.639664011757,0.47349814863810025,1.043900754157221,3.0,0.0,0.5592341991082216,0.5592341991082216
2282,1,0.05762300829684045,0.05937362933690276,0.009348075384910368,1.323127092592096,0.42550546779836074,7.13850943729659e-9,8.711990703071043e7,8.856553707422206e7,1.0872152733360922,0.6137664384955975,2.15944600056808,0.12824060839565007,31.75790709293771,-5103.69378818875,7.0,1.0,0.9780014377366728,-5103.69378818875,5107.584672474262,0.14829985327014583,-0.7202413674176569,3.0,0.0,0.5592341991082216,0.5592341991082216
2283,1,0.057803293527236704,0.06213537264188153,0.009496444281763307,1.362967293678879,0.42285824007672923,7.195720219519455e-9,1.008552879034016e8,9.457432312329282e7,1.0022236301025684,0.572099718537481,2.0484833966899436,0.13132690550623402,47.65987224689915,-5098.534350708605,7.0,1.0,0.9778232408349804,-5098.534350708605,5108.882131597501,-0.4460656024466516,-0.5439189323824394,3.0,0.0,0.5592341991082216,0.5592341991082216
2284,1,0.057709503715394274,0.06330909430556088,0.009516603035125408,1.3276316075991084,0.4129206984928691,7.230182168516253e-9,9.545657724785621e7,8.611503536420402e7,1.0999394225541825,0.5747502969983714,2.3586307858143893,0.1271947307668201,45.31356876903485,-5102.80617224566,7.0,1.0,0.41195942624027493,-5102.80617224566,5110.358772781501,0.6656816607628571,1.4654332404425077,3.0,0.0,0.5592341991082216,0.5592341991082216
2285,1,0.05765967945730018,0.06137485857627098,0.009609229240919157,1.319749863433438,0.41841047748296534,7.214244554124093e-9,9.737254047358607e7,8.327267749572183e7,1.1418274019345842,0.5749217132110469,2.434999920532639,0.12113921365519308,42.83934622805439,-5100.913147638743,3.0,1.0,0.7942829907101702,-5100.913147638743,5107.403954246723,-0.525378101867318,0.9601146962104394,2.0,0.0,0.5592341991082216,0.5592341991082216
2286,1,0.05794807000663645,0.058620595408863406,0.009259540036212148,1.3834754647958414,0.43637035023409,7.100608426773539e-9,8.964469893548322e7,9.413456046533802e7,0.980794565983127,0.521921841757944,1.933283467042562,0.12869877080317693,36.164335985998555,-5101.488059602761,7.0,1.0,0.9750090093912266,-5101.488059602761,5106.556607808154,0.13367878665940225,-0.361971556514618,3.0,0.0,0.5592341991082216,0.5592341991082216
2287,1,0.05810489704495093,0.059746101387902546,0.009418678247114603,1.3746365567117211,0.4359120270804935,7.133331702500186e-9,1.0372439410846043e8,8.615619817125067e7,0.9936873705416975,0.5342020174045049,1.856501639817602,0.12134928960200177,38.74884889089476,-5099.41143228938,7.0,1.0,0.9308988133033457,-5099.41143228938,5107.498687701908,-0.2194802550784516,-0.5762854417562266,3.0,0.0,0.5592341991082216,0.5592341991082216
2288,1,0.05773840931823528,0.05980198877155541,0.009681180177495575,1.3402556456568877,0.4128243195201232,7.203874427172192e-9,9.298379639665335e7,9.02549944621002e7,1.0861901401556846,0.5191780186074685,2.1327993437181605,0.12980576938621086,39.27253504705703,-5096.346005216261,7.0,1.0,0.8774510978188338,-5096.346005216261,5106.437442609027,-0.19005137071235367,0.4753115006151347,3.0,0.0,0.5592341991082216,0.5592341991082216
2289,1,0.05766516585084481,0.05999507194493603,0.009511715779932907,1.3493809215948798,0.4118147131682985,7.2202221560734256e-9,8.184592051495303e7,9.478362366737594e7,1.095395978743333,0.5124354953004023,2.1354804534578773,0.12922371915592518,38.30468127649851,-5100.640427519158,7.0,1.0,0.5201079722210978,-5100.640427519158,5106.327307484749,0.9909742593454212,1.2488285134104444,3.0,0.0,0.5592341991082216,0.5592341991082216
2290,1,0.05817801277593255,0.05884844761682542,0.009501755248219682,1.3578388552364065,0.4366735901288914,7.131617505467392e-9,1.0699840297145909e8,9.02557339195966e7,1.067804135373075,0.5424745116016474,2.09643591486996,0.11717335169942303,42.00848344358497,-5098.3418237384885,7.0,1.0,0.7518670846976959,-5098.3418237384885,5107.794552548101,-0.1254991157211407,0.5760145411677513,3.0,0.0,0.5592341991082216,0.5592341991082216
2291,1,0.05822396994970041,0.056995616826561554,0.009445218951760103,1.3463366534029475,0.4284823846534537,7.11167199939917e-9,1.0428336438253807e8,8.572497453083144e7,1.1188015522054395,0.5094225628443891,2.275843942139308,0.12965616779496636,40.290316920327825,-5097.489390484068,7.0,1.0,0.5840739309852633,-5097.489390484068,5104.481137795118,-0.33802575698155124,1.5040340019668292,3.0,0.0,0.5592341991082216,0.5592341991082216
2292,1,0.05840271772202059,0.059934333397645236,0.009511255851062897,1.3577381162818545,0.4187240080327525,7.207735793136976e-9,8.862314763080136e7,9.800165605976671e7,1.075055351629964,0.5348189119506751,1.9772279397184431,0.10753782960868942,37.47205745833319,-5103.618752643323,7.0,1.0,0.5214664410311856,-5103.618752643323,5108.497706527344,2.019247252023888,2.019247252023888,3.0,0.0,0.5592341991082216,0.5592341991082216
2293,1,0.05751681702720149,0.06486780425694953,0.009127716820933298,1.3392087724734567,0.4482227419201926,7.1251790916784275e-9,9.914224316826099e7,9.084180012182118e7,1.0490458919326346,0.5361083075459276,2.204128703210634,0.1380586651465762,40.655939845380864,-5099.930264218046,7.0,1.0,0.947245095783998,-5099.930264218046,5108.8506579467885,-1.0823758029837336,-1.8282792909349155,3.0,0.0,0.5592341991082216,0.5592341991082216
2294,1,0.05741996623541408,0.06343561676910471,0.009326035212918325,1.3489313919525863,0.4264609736109224,7.205758107723383e-9,9.922026029116869e7,9.654947813170156e7,1.0476963235134729,0.5285614327778826,1.8527603961115398,0.12761889365333187,38.6036971395726,-5097.343441072155,7.0,1.0,0.8792326263624796,-5097.343441072155,5104.571865697409,-0.8297945280392014,-0.8297945280392014,3.0,0.0,0.5592341991082216,0.5592341991082216
2295,1,0.05825080895395825,0.06226525551903857,0.009578124952369024,1.3519195217054245,0.42878415159698047,7.117673322616512e-9,9.042530412809747e7,8.701828730609886e7,1.0585766012922915,0.5427006067977136,2.4940635876731636,0.1184788981625502,39.62240547794277,-5098.588407655768,7.0,1.0,0.6041261377178658,-5098.588407655768,5103.412089014156,0.6341582126751746,0.8771436471633933,3.0,0.0,0.5592341991082216,0.5592341991082216
2296,1,0.05750975525217181,0.060693677090065595,0.009433363234401505,1.3499769876176524,0.4279897742130012,7.162527579375081e-9,9.338556024463853e7,8.765768033808365e7,1.0740702086165173,0.5109461698042824,2.0854393629328705,0.1304366284153839,36.77972304903116,-5094.862463421048,7.0,1.0,0.7131988509521722,-5094.862463421048,5104.512951929758,-0.31959093612022116,0.9801162007406674,3.0,0.0,0.5592341991082216,0.5592341991082216
2297,1,0.05793246055020901,0.0625920568970096,0.009254208592229828,1.344242767447002,0.43541834192022894,7.117160681170281e-9,9.923082320668957e7,9.057335040861878e7,1.0477974585508438,0.5525534077928486,2.1703489189737595,0.12185617458744051,42.75631169447138,-5093.924944601057,7.0,1.0,0.9450896465363893,-5093.924944601057,5100.423938530156,-0.433050928783814,0.48511316431540763,3.0,0.0,0.5592341991082216,0.5592341991082216
2298,1,0.05783441344077769,0.06118779604887976,0.009392993309570465,1.3532060803832642,0.42963954171158814,7.159512542657458e-9,1.0448336507255584e8,8.489117548789388e7,1.231738094024703,0.5114090838789017,2.0673187818264394,0.11938070897904428,33.57888482470475,-5098.6645424422795,7.0,1.0,0.4718469650679276,-5098.6645424422795,5108.580029503911,0.13263607641783892,1.9884211273174515,3.0,0.0,0.5592341991082216,0.5592341991082216
2299,1,0.05808389638232069,0.06024506782337678,0.009567784330508297,1.344797257615539,0.4273526785327074,7.189878379099699e-9,9.241289100908506e7,9.799609481710465e7,0.9135109101543666,0.5037464314078343,2.209689513148203,0.11888369380330382,42.77720189174126,-5097.640584698916,7.0,1.0,0.506638037944008,-5097.640584698916,5104.957389436926,0.14030144704156555,1.5095327663866556,3.0,0.0,0.5592341991082216,0.5592341991082216
2300,1,0.05772383428736063,0.061134298822843484,0.00933398127636884,1.3352404239906623,0.42800719872623083,7.127640068128275e-9,9.792026078010117e7,7.939368036884074e7,1.2683938485772122,0.5115702285757049,2.2223942443042977,0.12473775347236248,37.3720460155733,-5098.445808914742,7.0,1.0,0.9241278216147101,-5098.445808914742,5103.347024976598,0.010711969287513057,0.18243638851890864,3.0,0.0,0.5592341991082216,0.5592341991082216
2301,1,0.05751916360271546,0.06167165389038004,0.009280751960448846,1.3562621991255213,0.4267035411926659,7.1491113597307235e-9,9.335319323874967e7,8.550634543841755e7,1.1387691979350634,0.49426626589435174,1.9483394068081776,0.1230363546397953,35.528558228285675,-5097.220445107212,7.0,1.0,0.6412751635554775,-5097.220445107212,5104.588096104765,-0.02556345068205701,1.0849150827734775,3.0,0.0,0.5592341991082216,0.5592341991082216
2302,1,0.05751916360271546,0.06167165389038004,0.009280751960448846,1.3562621991255213,0.4267035411926659,7.1491113597307235e-9,9.335319323874967e7,8.550634543841755e7,1.1387691979350634,0.49426626589435174,1.9483394068081776,0.1230363546397953,35.528558228285675,-5097.220445107212,7.0,1.0,0.13930208278990652,-5097.220445107212,5112.598009024335,0.0,5.206053443238488,3.0,0.0,0.5592341991082216,0.5592341991082216
2303,1,0.05757537480667747,0.06707382595312593,0.00932217645195969,1.360216715348069,0.43218844814006363,7.140761143894871e-9,9.738392857319868e7,8.920458298332238e7,1.0901114998647663,0.6266783564016685,2.052883041494946,0.12856208520174656,40.15644388978221,-5098.914891228945,7.0,1.0,0.6308587545390665,-5098.914891228945,5105.930803691641,0.37451374239208235,1.0131958319625483,3.0,0.0,0.5592341991082216,0.5592341991082216
2304,1,0.05779580501100787,0.06281787089621782,0.009373428437085954,1.3312974296703017,0.42603552653241883,7.20115274544621e-9,9.445102397276036e7,9.517686562563933e7,1.0448421185760008,0.557800029812999,1.958084890010774,0.13004020962929075,40.33806234942625,-5095.391016063139,7.0,1.0,0.7483765806053511,-5095.391016063139,5102.644992043383,-0.4780119246142931,0.8695490581203558,3.0,0.0,0.5592341991082216,0.5592341991082216
2305,1,0.057530991453400716,0.06009402516906381,0.009501803570293798,1.3959257959335043,0.4252593919177099,7.229931412033444e-9,9.986836475657223e7,8.211520424019063e7,1.113953291527519,0.5129933638508409,2.1540624508423645,0.12053431355451438,40.01855239100704,-5097.652674711339,7.0,1.0,0.9087619986128742,-5097.652674711339,5101.015630655126,0.04162449247996847,0.28180061629609554,3.0,0.0,0.5592341991082216,0.5592341991082216
2306,1,0.058346916956167734,0.05726435456832139,0.009522411464410508,1.3239715216224888,0.43058139364022197,7.142794478186055e-9,9.23920977967181e7,9.462226610021529e7,1.0933449247849116,0.5608537834739233,2.156561914471957,0.12929336332116262,41.575272508220884,-5097.348824564118,7.0,1.0,0.7008128799778043,-5097.348824564118,5108.384282555601,0.09477844605862629,0.6583931138566186,3.0,0.0,0.5592341991082216,0.5592341991082216
2307,1,0.05791312745585147,0.06210722762242122,0.00934820305781588,1.352022423397354,0.43376644578947354,7.1743121297354155e-9,9.464813519173901e7,9.444758165053761e7,1.080479630726842,0.5570580907503911,2.3609653553220076,0.1152132433468587,40.24313613425189,-5094.670320669051,7.0,1.0,0.881703541000559,-5094.670320669051,5101.859631416181,-0.18831135285017808,0.32542141111116507,3.0,0.0,0.5592341991082216,0.5592341991082216
2308,1,0.05816102265232438,0.062007929569222145,0.009285300382344906,1.3440659307743825,0.4327160400222461,7.146063145665794e-9,9.802899469921613e7,8.494470895397012e7,1.1934149560732983,0.5963453263644857,2.506339186846284,0.11218671686272903,42.26685306497262,-5100.842118549751,3.0,1.0,0.26530133972355213,-5100.842118549751,5104.582529583857,0.6242736041485841,2.2551522656513043,2.0,0.0,0.5592341991082216,0.5592341991082216
2309,1,0.057732094590195335,0.06144277191459493,0.009276759141956106,1.3153146318818456,0.42659985139497225,7.1505141888813646e-9,8.827149335438888e7,9.526097754979163e7,0.9632423725895274,0.49479699903854113,2.4236077288807403,0.14796244066304642,37.93513739731368,-5101.784209287396,7.0,1.0,0.9925650276363258,-5101.784209287396,5107.456965223815,0.02742746704552701,-0.2747842809430949,3.0,0.0,0.5592341991082216,0.5592341991082216
2310,1,0.05771548919276358,0.057607326892875836,0.009526561989103045,1.3784505528029471,0.4294609530891954,7.170662390927535e-9,1.0103731938980699e8,8.665311127630487e7,1.1508297452283727,0.5826869100256078,1.996699972675161,0.1053771131316783,42.49038619772042,-5099.978226608331,7.0,1.0,0.946123579673879,-5099.978226608331,5108.785020735791,-0.09588386476025335,0.21926518614691304,3.0,0.0,0.5592341991082216,0.5592341991082216
2311,1,0.05762464311716387,0.0625226293737362,0.009514831473531275,1.3613758493214396,0.4240811276863645,7.245374657218007e-9,1.0165805028905416e8,9.626577417590386e7,1.0915075625846604,0.47885803282063566,2.2813150674330203,0.13611597309818338,42.87907643965694,-5098.2523659387625,7.0,1.0,0.9880686768660146,-5098.2523659387625,5107.103791144503,-0.24303654437426303,-0.24303654437426303,3.0,0.0,0.5592341991082216,0.5592341991082216
2312,1,0.05799045415593048,0.061277860432226744,0.009209788307848396,1.3314212487769617,0.43738612098051155,7.071837135014038e-9,8.798524780062094e7,8.378206038602836e7,1.024174151338356,0.6046767575960592,1.9226155982356818,0.1098153960414765,37.39364113093123,-5099.633571302352,7.0,1.0,0.9699628233584564,-5099.633571302352,5102.260428761398,0.08288154981437401,-0.23993575829808833,3.0,0.0,0.5592341991082216,0.5592341991082216
2313,1,0.05787807899767658,0.06548025320349349,0.009103711281218122,1.3483270405907535,0.4376724476160945,7.122553695681611e-9,8.646907080184749e7,8.746619982978879e7,1.1379974954392649,0.5342992182917714,2.272589440960552,0.12075526037722518,37.034933745139845,-5096.987320255665,7.0,1.0,0.8198606162314891,-5096.987320255665,5105.359340675841,-0.12414690859168331,0.460289467905568,3.0,0.0,0.5592341991082216,0.5592341991082216
2314,1,0.05788008758898035,0.057234701522000705,0.009638638802392067,1.3485457154857394,0.42643680902742076,7.209121164255768e-9,1.038599412277588e8,9.612172161741072e7,0.9781531350719915,0.5309035333408672,1.9951035183567174,0.12416000484386452,41.09941678336988,-5096.398348867111,7.0,1.0,0.9768761731110421,-5096.398348867111,5099.352676865571,0.12255407772317994,-0.14611930491901148,3.0,0.0,0.5592341991082216,0.5592341991082216
2315,1,0.05812853453720459,0.05622688051062984,0.009758125884250492,1.3635417251646806,0.4213040714138037,7.232155533634913e-9,1.022304006755174e8,8.708899609607273e7,1.1833179738447959,0.5207069906956824,2.1899259858327036,0.12758647464147008,43.72196320598936,-5097.890483183329,7.0,1.0,0.5510429583854956,-5097.890483183329,5104.544374234185,-0.031243491014720348,1.3239243454700045,3.0,0.0,0.5592341991082216,0.5592341991082216
2316,1,0.05747197196078043,0.06001585440260567,0.009404478247571086,1.3790698439038105,0.4251263277335564,7.233121281420591e-9,8.56588581910131e7,9.45019047522337e7,1.0309044344811602,0.6022361572567554,2.149107464888603,0.11725527131003521,39.24906499943117,-5098.638073990309,7.0,1.0,0.7890774629342062,-5098.638073990309,5104.323512300414,0.28976869723192067,0.3833679270101129,3.0,0.0,0.5592341991082216,0.5592341991082216
2317,1,0.05772753388603213,0.06322800948800901,0.009376207476778357,1.3697897361641995,0.4324501842392745,7.2083215990172415e-9,9.308543217055285e7,8.32179502839932e7,1.1383040085714922,0.499167841117459,2.3702873339932076,0.10910115409505085,38.283046048226296,-5097.823912824629,7.0,1.0,0.9917004047525639,-5097.823912824629,5103.902463426391,-0.29495143592794193,-0.3815659059500831,3.0,0.0,0.5592341991082216,0.5592341991082216
2318,1,0.057441356369559944,0.062489824235897246,0.009354191943372649,1.3619667314648505,0.42764574126622107,7.193138525403183e-9,8.71504553859311e7,8.427539758386107e7,1.1266064164466918,0.5456701869620774,2.164056517995257,0.1227699711131079,38.41578130301579,-5095.748195674117,7.0,1.0,0.7323238492558133,-5095.748195674117,5101.561671348878,-0.06284869834689744,0.7844934490640298,3.0,0.0,0.5592341991082216,0.5592341991082216
2319,1,0.057679968364850426,0.058362640279817836,0.009475835638092674,1.374218295832068,0.4290727717205362,7.2379802866795e-9,9.099418283324564e7,8.443671651518345e7,1.1720338643528103,0.593809007874873,2.08581114596269,0.1315307210295591,42.0303376386827,-5097.415100144358,7.0,1.0,0.7968195541612604,-5097.415100144358,5101.3032667845955,0.15786805113930313,0.4819334729909315,3.0,0.0,0.5592341991082216,0.5592341991082216
2320,1,0.05804904132423033,0.06819978239484767,0.009217099093460804,1.3183526672485322,0.43006266870660703,7.038043255112237e-9,9.544089723508337e7,1.0408888499637473e8,0.9800537747153136,0.47302832575104103,2.156417799378748,0.11788382469451536,38.76821512828911,-5101.6624210875725,7.0,1.0,0.5253144600407003,-5101.6624210875725,5108.339239306726,0.5724254857323103,0.8582903565547895,3.0,0.0,0.5592341991082216,0.5592341991082216
2321,1,0.05806962794377,0.06065273794783847,0.009258457657704257,1.2990088252451715,0.4403520810456405,7.18688758729105e-9,8.856587015331385e7,9.940385511132583e7,0.976630071474585,0.5119072263166186,2.0737412940363438,0.12621002203759207,39.48450012588535,-5101.655008542058,7.0,1.0,0.7322954678908262,-5101.655008542058,5110.408504211462,0.149023712104281,0.6739007879532437,3.0,0.0,0.5592341991082216,0.5592341991082216
2322,1,0.05782076841890568,0.06347930240243287,0.00940056631357689,1.3799901164454096,0.42541591208961166,7.061902151149085e-9,9.771078288985887e7,8.371075649304326e7,1.1401699969390613,0.551026897399239,2.034261262832741,0.11987828554865786,40.88016740304234,-5099.557940658681,7.0,1.0,0.9177420012666564,-5099.557940658681,5105.150349877304,-0.02313838557984127,0.534315266611884,3.0,0.0,0.5592341991082216,0.5592341991082216
2323,1,0.05779094080603203,0.05873761873044333,0.00961898744977429,1.3457219859919274,0.4162645633787748,7.250626897422308e-9,9.301716463500501e7,9.845374587976737e7,0.9952023107791284,0.5325199414311922,2.2626816837524686,0.12775818204106792,39.74078095833051,-5096.970862488787,7.0,1.0,0.9696810711180016,-5096.970862488787,5105.858539053086,-0.5424509182948896,-0.6838868874983746,3.0,0.0,0.5592341991082216,0.5592341991082216
2324,1,0.05798906663960249,0.06083857440915041,0.009510858820764325,1.3394928620134254,0.4336580504636419,7.190436019473432e-9,9.656582556338868e7,9.473006225244114e7,1.0027226949613501,0.5917301848620268,2.0589539596698216,0.14242037642677102,37.1717525054412,-5097.942742365953,7.0,1.0,0.8519543900849522,-5097.942742365953,5104.258445215352,0.25610362036604783,0.2899358992026464,3.0,0.0,0.5592341991082216,0.5592341991082216
2325,1,0.05809235399824328,0.06509746700032165,0.009393319105129166,1.345715578558249,0.43200067325337155,7.210113728738196e-9,1.0727447615174659e8,8.386234405880435e7,1.1390840356204361,0.4831484966226372,2.1684100914664346,0.10672245832053151,46.75340302565297,-5103.455602815201,7.0,1.0,0.7135429705407266,-5103.455602815201,5112.947091603291,0.3248996479260313,1.0727990551549738,3.0,0.0,0.5592341991082216,0.5592341991082216
2326,1,0.05772139529422824,0.058692501688076194,0.009691141512285867,1.3588749285543882,0.4204583782893715,7.263604706042103e-9,8.22831893472347e7,9.925740890570076e7,1.0093881309128019,0.5716193250404101,2.0604635065844734,0.14653518585065348,39.33649557303455,-5100.822626875451,7.0,1.0,0.9754178020452459,-5100.822626875451,5111.693554150217,-0.5028998841207795,-0.9647011252209268,3.0,0.0,0.5592341991082216,0.5592341991082216
2327,1,0.05793506850001463,0.05757490959993638,0.009452774013134622,1.3625164224067055,0.42955688325709074,7.133925799632613e-9,1.0566349330463399e8,8.778293081298998e7,1.121865094633604,0.4943629188929481,2.1662444501385782,0.10798812326012931,39.92086760323167,-5097.322938123674,7.0,1.0,1.0,-5097.322938123674,5105.911772844588,-0.3028299068473643,-0.3028299068473643,3.0,0.0,0.5592341991082216,0.5592341991082216
2328,1,0.05754654779198048,0.06350252842602383,0.009185407401740075,1.3400965241453349,0.4307679167658148,7.107034315731731e-9,8.31840418054471e7,9.19365409428033e7,1.0022037798138255,0.5675046906578184,2.0887121977123075,0.14489069599348567,39.13989660203375,-5099.803399146495,7.0,1.0,0.7711968654342611,-5099.803399146495,5104.012061526025,0.2519397851838221,0.42214149623032426,3.0,0.0,0.5592341991082216,0.5592341991082216
2329,1,0.05807663819456871,0.057025625584701096,0.00979954922651223,1.3600257440592702,0.4246021949108702,7.250938929193277e-9,1.0799666566639328e8,8.883119157081237e7,1.077503336829508,0.4711425670341277,1.9856358682259416,0.11504492206487858,39.31646826090207,-5100.17099017482,7.0,1.0,0.9825308075604006,-5100.17099017482,5105.362155076753,0.04403702027138934,-0.4463469127567805,3.0,0.0,0.5592341991082216,0.5592341991082216
2330,1,0.05775799555091877,0.05972467488528572,0.009770878581766621,1.376660689443553,0.42530354296289824,7.2244851542486625e-9,8.142207372142987e7,8.465768346614195e7,1.1190839560413135,0.5481501126951089,2.287079996641638,0.12849942572593662,48.39223708494949,-5104.273421071621,7.0,1.0,0.22154179309760444,-5104.273421071621,5112.00986435548,1.5679142907229107,2.907241708948277,3.0,0.0,0.5592341991082216,0.5592341991082216
2331,1,0.05785484077423654,0.06153080672191395,0.009456295809455569,1.3325933362141726,0.4306578505259991,7.1313227755486335e-9,1.0843975340746741e8,9.462993035907367e7,1.0425114943257612,0.5200908502173344,1.9474938866672835,0.12439803439212181,33.069285212518885,-5100.8553911789,7.0,1.0,1.0,-5100.8553911789,5108.980657398764,-0.682910894654924,-0.8305286614167926,3.0,0.0,0.5592341991082216,0.5592341991082216
2332,1,0.05797075875275492,0.062100410005842994,0.009521624087637136,1.343763289385226,0.43279292967586147,7.0762932292867125e-9,8.933110060470833e7,9.59508725395216e7,1.117129932217911,0.557148370976307,2.1077625054654847,0.13568788681187013,47.131384242168444,-5101.51569856666,7.0,1.0,0.7451689750094841,-5101.51569856666,5109.245378721152,0.6228497140782565,0.6228497140782565,3.0,0.0,0.5592341991082216,0.5592341991082216
2333,1,0.05736597448079685,0.06243236739551311,0.009292557435382043,1.3526774653317521,0.43871444340279087,7.2334442010898744e-9,1.0088339926052167e8,8.43735070267037e7,0.9337829473893704,0.5260273256319945,1.9441862821404223,0.10608268818913962,36.3854458451183,-5102.22547880895,7.0,1.0,0.5680799386148296,-5102.22547880895,5111.542042838848,-1.7510595758594718,2.11948369161928,3.0,0.0,0.5592341991082216,0.5592341991082216
2334,1,0.05805404582748225,0.06071006599290595,0.009543521506693645,1.3273921558743234,0.42478721671347475,7.119145955120399e-9,8.180607455693418e7,8.857441784924507e7,1.2051943564178769,0.5686769170362294,2.3254921339708616,0.13831251111490936,43.49244294831349,-5101.45532600523,7.0,1.0,1.0,-5101.45532600523,5110.164705280203,-0.13870150472030218,-0.5557658590068968,3.0,0.0,0.5592341991082216,0.5592341991082216
2335,1,0.05809059988201989,0.059839097784521414,0.009684691455282828,1.3597219153873894,0.4306322904287946,7.138295225024373e-9,9.241618873580799e7,8.382362595378856e7,1.258691339123118,0.5441042377302102,2.159649026160543,0.11582735608070142,35.68478047186059,-5102.599581685138,7.0,1.0,0.5352876532096418,-5102.599581685138,5111.455544961358,1.1121117846450943,1.6163241932308665,3.0,0.0,0.5592341991082216,0.5592341991082216
2336,1,0.058230675795016874,0.058527339879376576,0.009551827912093632,1.3580006715104924,0.427753780853713,7.169062887622005e-9,9.115046485530816e7,8.355834862892322e7,1.2678206015035036,0.5747028457009951,2.0546412954187563,0.12837149674018639,36.38349847047084,-5098.870127571662,7.0,1.0,0.999417295957474,-5098.870127571662,5105.952623673542,-2.0606019989263586,-2.5093386015169017,3.0,0.0,0.5592341991082216,0.5592341991082216
2337,1,0.05819243073885328,0.05970635180028325,0.00956719786957334,1.3338442793314709,0.4297652616261271,7.2171125991586875e-9,8.478749473772317e7,9.076087587719776e7,1.2074260584864107,0.5671647418652076,1.9526887401560475,0.1311913451050338,39.59631373410009,-5099.085464884471,7.0,1.0,0.7017445774835872,-5099.085464884471,5104.400398333764,0.1612015115806571,0.8960164660720693,3.0,0.0,0.5592341991082216,0.5592341991082216
2338,1,0.057373713997927504,0.06395667087351528,0.00925741469195734,1.3457889383588302,0.4316681552711138,7.101794663276694e-9,1.0104339498144054e8,9.383781299283169e7,0.9792412719617584,0.5342597383388432,2.2408177898270414,0.12488662960108668,41.348943862992904,-5098.1516113994385,7.0,1.0,0.6404699935020381,-5098.1516113994385,5105.507773480198,0.4144850079146636,1.042788131640009,3.0,0.0,0.5592341991082216,0.5592341991082216
2339,1,0.05775120641877012,0.05765087497110647,0.009364436025474817,1.3118150402556819,0.43006026223191285,7.26769152120267e-9,9.23035321116184e7,8.427608808121091e7,1.157622726193801,0.5331549304244256,2.120616704673393,0.12100515781992986,40.740989832419324,-5100.395210237246,7.0,1.0,0.9317823448801535,-5100.395210237246,5105.147394146846,0.2164416731957317,-0.3807898145441868,3.0,0.0,0.5592341991082216,0.5592341991082216
2340,1,0.05797581073292831,0.05953494405986172,0.009350254970433923,1.362146073679176,0.42878921029904055,7.091711034938376e-9,9.815874911916283e7,9.789108553325723e7,1.1086801676703166,0.5543955063811877,2.269223210380106,0.11630117802572168,41.64321295224959,-5096.225001411501,7.0,1.0,0.9722398910061568,-5096.225001411501,5103.297659267759,-0.7833524975376349,-0.7833524975376349,3.0,0.0,0.5592341991082216,0.5592341991082216
2341,1,0.05759080228561755,0.060124683472479935,0.009556449264487472,1.3496273766970437,0.4189643247547896,7.212458390639962e-9,9.129578574464574e7,8.240657920317364e7,1.0424308397199542,0.5097995043620571,1.9769658901427167,0.12979353660077808,37.09083966379566,-5095.99752910037,7.0,1.0,0.9908318325266224,-5095.99752910037,5098.63802641035,-0.07039544215240312,-0.11826039995958126,3.0,0.0,0.5592341991082216,0.5592341991082216
2342,1,0.05821339546116006,0.06296008511949049,0.009292017375799176,1.3453105287543337,0.44273376017358357,7.121616152639657e-9,9.701997285247819e7,9.836022787901843e7,1.0695573624577734,0.5573072911614714,2.275329876721135,0.12501640141018047,42.22301575584384,-5098.305320524001,7.0,1.0,0.8987784618740372,-5098.305320524001,5101.386335581177,0.27609820090765425,0.27609820090765425,3.0,0.0,0.5592341991082216,0.5592341991082216
2343,1,0.05770510754271668,0.060313008308519,0.009113111990926376,1.3778561045227504,0.4389475084337123,7.147128719940904e-9,9.401316521377201e7,1.0470193776972744e8,1.1677785126787048,0.550683953337814,2.1216958717368684,0.11655480163649208,41.43206768294486,-5101.6143229175095,7.0,1.0,0.9148120886610683,-5101.6143229175095,5106.5190662463565,0.18828436170952045,-0.2736389055080508,3.0,0.0,0.5592341991082216,0.5592341991082216
2344,1,0.057734950122390535,0.0629055558586409,0.009184735914328123,1.3683769290566563,0.4376409570727339,7.179205076009098e-9,1.0006346473053114e8,1.0873700711956269e8,1.097594695654662,0.5322661665314976,2.1549069757115307,0.12606968914160813,39.80094726849845,-5099.005523414823,7.0,1.0,0.9797274283001504,-5099.005523414823,5108.018836532514,-0.3018564016329037,-0.5734982048325037,3.0,0.0,0.5592341991082216,0.5592341991082216
2345,1,0.05812425687111478,0.06300202787661686,0.009363470075727038,1.3304974688811042,0.42287614353287606,7.106441416571967e-9,9.416614832534152e7,8.124923324022414e7,1.0885393104183931,0.5424983828844612,1.9874750574303506,0.12329928432925362,43.06228047265583,-5097.44090390216,7.0,1.0,1.0,-5097.44090390216,5102.7361352101925,-0.07500341645391018,-0.3169611439925575,3.0,0.0,0.5592341991082216,0.5592341991082216
2346,1,0.058059372533945816,0.056410358513580554,0.009247186716392446,1.3460209986237586,0.4357019855987357,7.15318585593365e-9,1.0859881939830916e8,8.993885703267811e7,1.0889325949298356,0.5162923654110738,2.0803628280615283,0.12705416747393836,37.462926274069744,-5099.045176806929,7.0,1.0,0.6441815920664069,-5099.045176806929,5104.139920393528,0.5213561698319609,1.1648193866776637,3.0,0.0,0.5592341991082216,0.5592341991082216
2347,1,0.05772640268043352,0.05879176189385355,0.00934766541483226,1.337850646103834,0.4375732186746963,7.143449770072262e-9,1.128956507138325e8,9.54078232099682e7,1.1212730057655544,0.5556943961015931,2.0117534109866706,0.12481679953769151,33.86323849956934,-5101.403254701047,3.0,1.0,0.8342787520810279,-5101.403254701047,5105.723758974875,0.054212793040278484,0.5876963455293662,2.0,0.0,0.5592341991082216,0.5592341991082216
2348,1,0.057547135358074854,0.06446217658633906,0.009488859774021422,1.3515152988078523,0.4224892685749007,7.2181555172837284e-9,8.424850281525922e7,8.391637409608595e7,1.1011098202627683,0.5193673760996811,2.1364800366791714,0.14592948117882298,47.96365975110873,-5103.312738301474,7.0,1.0,0.9900083263676918,-5103.312738301474,5109.579144451251,0.029533915963838808,-0.4646113243452419,3.0,0.0,0.5592341991082216,0.5592341991082216
2349,1,0.057624857425644285,0.06643810025665664,0.00934516424149396,1.3651859211805923,0.42078509849261353,7.1532991771604695e-9,9.708099437400945e7,8.717803011174752e7,1.0915597609381957,0.5344752955265121,2.205595032763592,0.1430784603923781,48.50545653450123,-5102.691974977142,7.0,1.0,0.9648319106798436,-5102.691974977142,5108.740622290335,-0.1730611252323797,-0.8409508682652813,2.0,0.0,0.5592341991082216,0.5592341991082216
2350,1,0.0579030706270605,0.06504858030705035,0.009281013399334102,1.337707848049681,0.42332477073611197,7.02353304353853e-9,9.356351943510029e7,9.65856503812196e7,1.1396476638204176,0.5466770411725423,2.1117296219138377,0.13365905913846698,40.71147198720911,-5099.303376537603,7.0,1.0,0.9288015876805086,-5099.303376537603,5109.11141881573,-0.2065982657159111,0.6538362573801351,2.0,0.0,0.5592341991082216,0.5592341991082216
2351,1,0.05803251024067838,0.060781765243354526,0.009328294724907777,1.334131823219994,0.43686141036519227,7.195489638609067e-9,9.205738409231327e7,8.769088904767321e7,1.0212180976700018,0.5207999699721327,1.7979696460864518,0.12433706706153867,37.334318584527836,-5097.834777434389,7.0,1.0,0.9915037075851473,-5097.834777434389,5102.849548065925,-0.22773427973697835,-0.4339117422960044,3.0,0.0,0.5592341991082216,0.5592341991082216
2352,1,0.057835955230823057,0.06025678763976525,0.009445692817009736,1.351742133085269,0.4218167630810932,7.122229550693734e-9,9.585474771772629e7,9.194723748429656e7,1.035807553424872,0.4989751906128114,2.4352962966205,0.11117658521053128,40.02917260222627,-5096.995485423999,7.0,1.0,0.6724226287153287,-5096.995485423999,5105.024403795445,0.046938896861320245,0.8035211865708334,3.0,0.0,0.5592341991082216,0.5592341991082216
2353,1,0.057813386846776386,0.06524485186385921,0.009214662573858855,1.3362663997654807,0.4421026922404162,7.1424022817025196e-9,9.221267937668332e7,9.070136027868952e7,1.1373521071980812,0.5623072232288172,1.8736716344047788,0.1330947167139119,40.14113233721531,-5098.165837882589,7.0,1.0,0.6353828860172823,-5098.165837882589,5103.7121558261615,0.23765668923533667,0.9975262198604469,3.0,0.0,0.5592341991082216,0.5592341991082216
2354,1,0.0576910464652761,0.06114798020883782,0.009279854439296874,1.3474948528702737,0.4262960064307818,7.083806369980134e-9,9.855056623924127e7,9.2380418534859e7,0.9889076592933094,0.521418042318112,2.3595521787656613,0.11572773913623628,40.58644122522935,-5096.883487703821,7.0,1.0,0.6839308332148522,-5096.883487703821,5105.708125204518,-0.10001277116316487,0.9380300110160533,3.0,0.0,0.5592341991082216,0.5592341991082216
2355,1,0.057904223832646554,0.06327128393601153,0.009332485365300451,1.347012050600703,0.4356318032633765,7.180261751623152e-9,1.0660517691274354e8,8.696384518980475e7,0.967093855159054,0.5253102846053239,2.375839005918453,0.13569327067650763,42.71469867160687,-5098.310552923718,7.0,1.0,0.8954767894138957,-5098.310552923718,5102.146919289939,0.09966874792189628,0.3072779259291565,3.0,0.0,0.5592341991082216,0.5592341991082216
2356,1,0.058348557816413786,0.06234809047221732,0.00943564084874839,1.3543490602068873,0.42423199246339005,7.104230988631569e-9,9.502746612866278e7,9.212736803916067e7,1.1104259484998453,0.5339504703871722,2.1667111541042896,0.115769266254359,37.14901172345118,-5096.400125424301,7.0,1.0,0.9177617180897314,-5096.400125424301,5106.701988482243,-0.1675309689635469,0.19461260519710777,3.0,0.0,0.5592341991082216,0.5592341991082216
2357,1,0.05798461415353492,0.05553653566709779,0.009432898399498454,1.3579613473706087,0.42520005690117757,7.0237331039149894e-9,9.090190098378333e7,1.0345672972193173e8,1.1262725666504982,0.4853577092653525,2.1552324679137227,0.11733132333129118,38.34241200602763,-5103.423712375197,7.0,1.0,0.4493129443599004,-5103.423712375197,5107.296543646385,0.9901852842822336,1.0254687784354246,3.0,0.0,0.5592341991082216,0.5592341991082216
2358,1,0.058360012227427704,0.05601562968896488,0.009351280604799853,1.3643669708132455,0.432857330265637,7.089331012705082e-9,8.905285802681403e7,9.149286619273517e7,1.1641008206705858,0.5179738817711174,1.8154883635551051,0.11249846652916372,36.35655609486625,-5104.253678280125,7.0,1.0,0.8938673947693604,-5104.253678280125,5113.903165576768,-0.19208026434625936,-0.5295272500889041,3.0,0.0,0.5592341991082216,0.5592341991082216
2359,1,0.05748419271836077,0.0623498951843132,0.009535158032275712,1.3469544051763187,0.41523453385721776,7.25487004764821e-9,9.533522191706507e7,8.492704250272875e7,1.0029562120913302,0.4988709085791973,2.3290861333371113,0.13114122710468207,41.377332121188566,-5099.318469022953,7.0,1.0,0.5548662560561598,-5099.318469022953,5112.97819111289,-0.2267075980471418,1.6544047420138668,3.0,0.0,0.5592341991082216,0.5592341991082216
2360,1,0.05856120977385907,0.059813268440448805,0.009442716839824481,1.3526840767852983,0.4341920339205787,7.138230248111919e-9,9.686735558995463e7,9.824294073717728e7,1.1256655015887604,0.5620809425244534,1.9877077679293642,0.12221573133490707,38.25143383290652,-5099.26649157809,7.0,1.0,0.9576954780893672,-5099.26649157809,5106.236018682444,0.06972028410928033,-0.23207199162789038,3.0,0.0,0.5592341991082216,0.5592341991082216
2361,1,0.057440981018973644,0.0604841543617301,0.00935324228915552,1.339231189588646,0.4290836694895644,7.287230003807017e-9,9.305515059096505e7,8.143615828694372e7,1.0370552412323024,0.526724526573086,2.2749869428539258,0.12496849643788838,41.824030013272264,-5097.861584911223,7.0,1.0,0.7394490057009898,-5097.861584911223,5103.9019724326445,-0.0726810210308031,0.710914793822667,3.0,0.0,0.5592341991082216,0.5592341991082216
2362,1,0.05828906199579403,0.06106767929705892,0.009612433677864383,1.3707555949236148,0.4220689649912738,7.148690520336933e-9,1.0008389868398757e8,1.0352165985357292e8,1.135038812419366,0.5301207553091499,1.978022084176306,0.12203767131983817,37.104824692453704,-5099.008631468816,7.0,1.0,0.7168984571322382,-5099.008631468816,5106.62366882729,-0.058985564454815176,0.7465857388151562,3.0,0.0,0.5592341991082216,0.5592341991082216
2363,1,0.05750713009652117,0.06018691825234762,0.009379665617459332,1.3506688620368723,0.42337407946518124,7.282556250661034e-9,9.280125895632617e7,8.983674315945542e7,0.9626679846144526,0.533110413035132,1.911104826349771,0.11951391175983798,43.40060568363227,-5099.314111141343,7.0,1.0,0.6752635652934712,-5099.314111141343,5105.477257723675,0.5060769552637794,0.9225410091230515,3.0,0.0,0.5592341991082216,0.5592341991082216
2364,1,0.05813212954045166,0.06047794225480183,0.00938435578218216,1.3630765033993486,0.4281701794298072,7.085994778926894e-9,9.546936449459165e7,8.904987474470584e7,1.1629600302590481,0.5777337755349028,2.4199223335667286,0.1295720954618732,36.281334793211414,-5098.678833570007,7.0,1.0,0.8637012225400665,-5098.678833570007,5107.802047635019,-0.3384428556482817,0.6223890677501913,3.0,0.0,0.5592341991082216,0.5592341991082216
2365,1,0.057583783406683235,0.06337397291400643,0.009422868101849093,1.3421116164270996,0.4242379143766429,7.255553555832227e-9,9.157053934248967e7,8.939218362017795e7,1.1659062003429541,0.49229328774691744,2.036464743559778,0.1379394276326096,42.98989160010438,-5098.563541219414,7.0,1.0,0.7616819244475924,-5098.563541219414,5105.966027010814,0.1599827944783101,0.5420920996093628,3.0,0.0,0.5592341991082216,0.5592341991082216
2366,1,0.05779179914422847,0.05683393683388319,0.009483702789101312,1.3257257025940423,0.4275457358027407,7.172886491326117e-9,9.122045050140454e7,8.421439871328759e7,1.0577682747026567,0.5134464684598845,2.1384913970318156,0.11989415242478213,36.35390762345077,-5096.00892255019,7.0,1.0,0.9935004212303962,-5096.00892255019,5102.7201843545345,-0.23402392295520258,-0.23402392295520258,3.0,0.0,0.5592341991082216,0.5592341991082216
2367,1,0.05771808958944726,0.06430480362571324,0.009365304886839385,1.3665586299172963,0.4288934671728278,7.227687137458399e-9,9.423052559306855e7,9.362495877383824e7,1.0374208014067965,0.5231972642794375,2.0346683713651834,0.1263956009826874,44.83213750529671,-5096.324151024959,7.0,1.0,0.8081526494148797,-5096.324151024959,5100.4728941922895,0.08872125201105518,0.4748256707453038,3.0,0.0,0.5592341991082216,0.5592341991082216
2368,1,0.05816996333524437,0.056869036257699526,0.009454359000969314,1.3374348027273222,0.42265058827560553,7.17005606210978e-9,9.264558797183062e7,8.758473000486317e7,1.0726920479938367,0.5346814895414964,2.1779363754402543,0.12478759553141024,36.61268458537297,-5096.699671195536,7.0,1.0,0.572608330229904,-5096.699671195536,5104.10137155338,0.34749315028420824,1.2007639124940397,3.0,0.0,0.5592341991082216,0.5592341991082216
2369,1,0.05810018182564983,0.061662023826747035,0.009334237035094194,1.3471432963461754,0.4254894281709903,7.169338766142299e-9,9.668224455577178e7,9.304338956181866e7,1.0864728331203908,0.5269938259534473,2.2101349620540596,0.13343120158048738,40.47368125829208,-5095.465580380365,7.0,1.0,0.970599861555563,-5095.465580380365,5100.462494273418,-0.17890670348697313,-0.9685545297206772,3.0,0.0,0.5592341991082216,0.5592341991082216
2370,1,0.05773978781539597,0.05873647032358833,0.009535058589604822,1.3560430701060047,0.435362813899914,7.212960679275528e-9,9.237805871968646e7,8.470380683404136e7,1.0214949347303557,0.5270623418882892,2.0272798190744985,0.11410492192245013,40.459891837397,-5096.331844324092,7.0,1.0,0.9580846845312043,-5096.331844324092,5097.9705239964605,0.13197557278454042,-0.8271045970022897,3.0,0.0,0.5592341991082216,0.5592341991082216
2371,1,0.05814732286533208,0.061806074954913366,0.009400973185484714,1.3519315247537205,0.42721828363003633,7.184468376426458e-9,9.591350326311776e7,9.455902786596873e7,1.096574348792849,0.6071478138359426,2.2095715648306946,0.13421297570223636,41.933675656000084,-5097.179365217428,7.0,1.0,0.9573581435890629,-5097.179365217428,5103.515337713458,-0.04070406841674412,-0.8653925127709954,3.0,0.0,0.5592341991082216,0.5592341991082216
2372,1,0.05758381588252368,0.0613122138245476,0.009407466349041535,1.3642828434289183,0.4230931139408018,7.194167258886295e-9,8.832430527073418e7,8.543594610467397e7,1.0051057079309174,0.4714359988468539,1.8866595155107757,0.10877017111411157,40.186832573819686,-5099.1940570729685,7.0,1.0,0.9932165984110564,-5099.1940570729685,5103.43616797046,-0.025548031500875368,-0.31581821588497405,3.0,0.0,0.5592341991082216,0.5592341991082216
2373,1,0.05783004960444527,0.06195382394934105,0.009258517447945865,1.3706778643320445,0.44141766772079055,7.142557812210331e-9,9.115746651121746e7,8.680535063767949e7,1.0641127339872152,0.46331036593787506,2.1495253289296743,0.11127514419987808,42.68747247276313,-5099.856604289639,7.0,1.0,0.9807183130504853,-5099.856604289639,5106.738073001173,0.14499318142134143,-0.27798514060032176,3.0,0.0,0.5592341991082216,0.5592341991082216
2374,1,0.05783923846439627,0.06122223571329339,0.009509974284728672,1.3265925367029983,0.41806216074123276,7.156226843943137e-9,9.764928225104608e7,9.540384029288611e7,1.0560980359819858,0.6091745004409714,2.125798651868433,0.13676813234923368,37.105444085214565,-5098.841354484841,7.0,1.0,0.966121094994408,-5098.841354484841,5103.355379867868,-0.33905484307433653,-0.5313644539328379,3.0,0.0,0.5592341991082216,0.5592341991082216
2375,1,0.05791883666664482,0.06204793187928469,0.009123265583536044,1.361823788732008,0.43928017682103854,7.12165072487703e-9,9.067378378487684e7,8.744731170848458e7,1.1628461423833518,0.4672792691773234,2.1009634733028677,0.11199082236425907,41.79165965879455,-5099.480588613454,7.0,1.0,0.95686966473747,-5099.480588613454,5105.187368243789,0.05895667193726695,-0.3163058035306676,3.0,0.0,0.5592341991082216,0.5592341991082216
2376,1,0.05799122705037212,0.06542517089161513,0.009176844167367571,1.3078647845871993,0.42925840844147056,7.098291506108101e-9,1.0116154316787803e8,9.642307474367642e7,0.9115040959630658,0.5669679357145175,2.0900296665142992,0.1327924654383595,35.47677627818686,-5102.2542669640125,7.0,1.0,0.9729970753382547,-5102.2542669640125,5106.156450182479,0.20951246887489106,-0.3023459038167857,3.0,0.0,0.5592341991082216,0.5592341991082216
2377,1,0.057807110406107406,0.05846472476246932,0.009352574952917685,1.3627081466340605,0.4320284927232839,7.212659557760633e-9,8.645719377087222e7,8.412589641490193e7,1.179529087494376,0.48638771062574193,2.1858827409809325,0.11447082893124214,42.49799465754007,-5098.06355843964,7.0,1.0,0.9984142011671071,-5098.06355843964,5104.392857257567,-0.08638853321190254,-0.5325420058434247,3.0,0.0,0.5592341991082216,0.5592341991082216
2378,1,0.05809602753866593,0.06367173835695732,0.009383458873264763,1.3431409539269834,0.421869321560378,7.154221360199548e-9,9.568398961078317e7,9.815117291599107e7,1.0055535806800697,0.588044358429003,2.021115056354432,0.12682749028778137,37.11383126949397,-5097.56075718094,7.0,1.0,0.8798212175068227,-5097.56075718094,5104.175346569074,-0.0629053917245983,0.4671109580358461,3.0,0.0,0.5592341991082216,0.5592341991082216
2379,1,0.05764814873810504,0.05887880808666029,0.009522898694488652,1.3601518088145375,0.43020226267364536,7.244455988233009e-9,9.107791024591929e7,8.055005987917723e7,1.096953400117421,0.5218188672161018,2.27071036285379,0.11865370006947124,43.22817954360341,-5096.204033123009,7.0,1.0,0.9193587980384724,-5096.204033123009,5104.921446595041,-0.5642235994910152,-0.5642235994910152,3.0,0.0,0.5592341991082216,0.5592341991082216
2380,1,0.05803811878251822,0.062030554337252304,0.009286073889013275,1.3487799918211476,0.42953992060816437,7.104059151772276e-9,9.413872118972354e7,1.015360541829315e8,1.0610818345464081,0.5718612206073077,2.1988163445276028,0.13576580416981432,36.17556116160521,-5097.005152045207,7.0,1.0,0.8496420837097448,-5097.005152045207,5100.963526011846,0.1140484075895074,0.27709597691955423,3.0,0.0,0.5592341991082216,0.5592341991082216
2381,1,0.05754229795396964,0.06427630893218629,0.009306701208859281,1.332687166942705,0.43267680982463635,7.144316662301301e-9,8.918257629345037e7,8.860157981206413e7,1.1548988244448852,0.5194635261557727,2.0323409461080906,0.13652773840879104,39.81775869864914,-5097.131990425856,7.0,1.0,0.8523043877085618,-5097.131990425856,5101.603809397833,0.23602972608205164,0.40177249384669267,3.0,0.0,0.5592341991082216,0.5592341991082216
2382,1,0.05790494440464871,0.06086400628210083,0.009521413453451748,1.3295970258282896,0.42428373332472075,7.18042027113741e-9,9.754320895881869e7,8.87264468715568e7,0.9895145924764601,0.5092059625303741,2.2349438804492054,0.11205922272221769,42.308699471943925,-5095.783076752259,7.0,1.0,0.7343171918306671,-5095.783076752259,5101.383723147353,-0.5198642255600134,1.0127899104281823,3.0,0.0,0.5592341991082216,0.5592341991082216
2383,1,0.058104018030720815,0.060949248985180296,0.009631519080564144,1.3325355595024764,0.4215240615213516,7.148579538111039e-9,1.0398193528520575e8,8.147648618183337e7,1.0816981479110173,0.470938227136292,2.231339277631263,0.11558759272245811,40.895454053242396,-5099.4846157350485,7.0,1.0,0.49154525188877557,-5099.4846157350485,5107.640261047282,0.4571122301003925,3.1926797444566546,3.0,0.0,0.5592341991082216,0.5592341991082216
2384,1,0.05764950074005536,0.0613275819649869,0.00920865425157133,1.3429561560666856,0.4278295474876528,7.093535676374136e-9,9.589753805589531e7,8.015174233892065e7,0.9173781562483387,0.5545320047558816,2.2182438659748556,0.11559422709087298,39.962135564051025,-5098.9909261905195,7.0,1.0,0.9644862913546091,-5098.9909261905195,5108.0074943746085,0.008714565661648521,-0.28603381655284466,3.0,0.0,0.5592341991082216,0.5592341991082216
2385,1,0.057797671496478714,0.06482947031425008,0.009336217014947815,1.345056891254484,0.4296413139841547,7.140651440313977e-9,8.921344398613608e7,9.214841182604067e7,1.1786084231542782,0.4979988315128387,2.002414444364979,0.13066184805830106,43.13204124900919,-5096.53280480591,7.0,1.0,0.9081164800308889,-5096.53280480591,5106.192668755969,-0.411951983281142,-0.411951983281142,3.0,0.0,0.5592341991082216,0.5592341991082216
2386,1,0.05785063773723399,0.0597232204368346,0.009566929005493871,1.3320566701979857,0.4239461419718236,7.2402840907549235e-9,9.095882473403202e7,8.85864168446999e7,1.0203293493183903,0.5407296990856728,2.3048679635331,0.11902942167893521,39.041963687083005,-5095.127728121417,7.0,1.0,0.9870871137616731,-5095.127728121417,5100.288214119835,-0.1365197934464959,-0.1365197934464959,3.0,0.0,0.5592341991082216,0.5592341991082216
2387,1,0.057814737450043036,0.05896193747456184,0.009444166299595543,1.363682859207537,0.4283619298532064,7.146675715871249e-9,9.430657222700447e7,8.730259360796814e7,1.1713099322972478,0.5313751543283128,1.9865281664451377,0.12648828987448163,41.20735628732644,-5094.534204649832,7.0,1.0,0.9340624829387478,-5094.534204649832,5097.293417147795,-0.028784117745999538,0.20645872876320936,3.0,0.0,0.5592341991082216,0.5592341991082216
2388,1,0.057911513067189994,0.0592401777212076,0.009758392773901194,1.3594514767672476,0.41821007652380215,7.262239836738067e-9,9.570590479485834e7,8.532513595225984e7,1.0511221083122027,0.5093053410087865,1.9310594855904937,0.11655818496797268,36.48937831737665,-5097.214833332659,7.0,1.0,0.630657368428497,-5097.214833332659,5104.8534550748045,0.09194279413804907,0.7146144647822439,3.0,0.0,0.5592341991082216,0.5592341991082216
2389,1,0.05764880807477357,0.05904307824649111,0.00941278732367459,1.3721648492661467,0.42988062826753387,7.160483563360308e-9,9.880494855769548e7,8.437081546191056e7,1.0766397835895758,0.5465443807599977,2.1968172337035217,0.12619032736299607,41.852636568996694,-5094.892426260776,7.0,1.0,0.9326969447611724,-5094.892426260776,5102.111068009358,-0.11947810981837392,0.17640245497477736,3.0,0.0,0.5592341991082216,0.5592341991082216
2390,1,0.057729739757117,0.06143497932117046,0.00937378417072221,1.331095999696446,0.42674358129947343,7.129811915591132e-9,9.206069107741383e7,9.420231301498899e7,1.0250939086515831,0.5185095949613633,2.1308710962922492,0.12503173244355317,37.64486846856591,-5094.098946495156,7.0,1.0,0.8289105160336179,-5094.098946495156,5101.377032722687,-0.0950465290379725,0.4634176650806694,3.0,0.0,0.5592341991082216,0.5592341991082216
2391,1,0.05782097007714341,0.05876135073523432,0.009398845699492439,1.3593978263823163,0.4324024242228508,7.1644607118411245e-9,9.783088453167765e7,8.296186991863053e7,1.0975550341711244,0.5884785793937347,2.164691613968958,0.1260672976842463,42.9747425337509,-5095.561706161033,7.0,1.0,0.8093712111310679,-5095.561706161033,5098.814183040739,0.026418998848384945,0.4802047945540835,3.0,0.0,0.5592341991082216,0.5592341991082216
2392,1,0.057859965556486405,0.06268432855741672,0.009350953007326274,1.338212533173904,0.4298234326978357,7.120946564139064e-9,9.994388499779639e7,9.972628182448323e7,1.0451898483574902,0.5058950394933517,2.0819167634899833,0.12094960734971845,36.45557256930982,-5095.051866428526,7.0,1.0,0.7862582364405996,-5095.051866428526,5102.078264962055,-0.15529567557496193,0.6789523670577182,3.0,0.0,0.5592341991082216,0.5592341991082216
2393,1,0.05783204848744349,0.06058911216283466,0.009490572463585725,1.362023666901255,0.42757263342980956,7.222187754368831e-9,8.602450187636018e7,8.96365784645313e7,1.0915903516735468,0.5829224573403421,2.2928186129761228,0.1299583835020963,40.767684454659914,-5095.5204866289805,7.0,1.0,0.9017154563872933,-5095.5204866289805,5099.796190959976,-0.07063548657697538,0.27516936709616857,3.0,0.0,0.5592341991082216,0.5592341991082216
2394,1,0.05783264850642155,0.061067182556663914,0.00934723821713259,1.377332969914719,0.4250913379347997,7.167433983278654e-9,8.51644136834768e7,9.03410748732435e7,1.0465836761452676,0.6017524828462637,2.3097239989255325,0.12966922643599876,39.81962901275725,-5098.318797029216,7.0,1.0,0.7005067513716543,-5098.318797029216,5102.122315786599,0.5423549828028627,0.6691485436076618,3.0,0.0,0.5592341991082216,0.5592341991082216
2395,1,0.057878574454763944,0.05970518965830553,0.009320081553598161,1.3181847202111334,0.43134233752080503,7.151277804154193e-9,1.0070581553273256e8,8.055691497588772e7,1.087105974115011,0.5116616213477456,1.965678312712841,0.11714923157789202,39.279787268352216,-5096.987146793595,7.0,1.0,0.49688033650060753,-5096.987146793595,5104.667820078206,-0.5584995677991174,2.4631234504331587,3.0,0.0,0.5592341991082216,0.5592341991082216
2396,1,0.05772581344856702,0.059503437802403844,0.009232192655326477,1.3551924165974154,0.43556817387445873,7.103157179120839e-9,9.146903012758261e7,9.265992095595556e7,1.1770659535913712,0.600254959369742,2.110822380765855,0.11137966322956397,37.116386792459906,-5098.478836162988,7.0,1.0,0.7795405058297608,-5098.478836162988,5104.9153021937755,0.25856351534275746,0.4112480250196313,3.0,0.0,0.5592341991082216,0.5592341991082216
2397,1,0.057850359056664094,0.06464369958958673,0.009138954088484634,1.3492441981108496,0.4359319463423674,7.120875793693334e-9,9.448316102434143e7,9.404955205659316e7,1.0938485790189216,0.5596754943425848,2.113720040903287,0.10866691364463026,36.0995593646165,-5096.546904829638,7.0,1.0,1.0,-5096.546904829638,5101.16169245665,-0.23798675427224225,-0.43723532645253727,3.0,0.0,0.5592341991082216,0.5592341991082216
2398,1,0.057903999508116887,0.05563822889997573,0.00963935838039024,1.3441455362798032,0.42192585019678464,7.195519120353724e-9,9.281133356498446e7,8.572001306921713e7,1.1665042835046011,0.4856145567152965,1.966886109167368,0.1316360660304711,41.33547853756281,-5097.27608976601,15.0,1.0,0.49266653156529766,-5097.27608976601,5105.164354681103,0.34065931908480707,1.2503743631077668,3.0,0.0,0.5592341991082216,0.5592341991082216
2399,1,0.05759003309768311,0.06382835810498688,0.009139871605875833,1.344230759219098,0.4388284224716218,7.128370958700313e-9,9.46272723335772e7,8.463802834503241e7,1.0277268183918669,0.5816006599701937,2.2778009997554043,0.11765882667534974,38.204117640273296,-5096.107011106016,7.0,1.0,0.8998327155578169,-5096.107011106016,5100.998776710948,-0.06346741054130689,0.19068301505831187,3.0,0.0,0.5592341991082216,0.5592341991082216
2400,1,0.058037439291918604,0.05698571636851925,0.009749543638659663,1.3509918768766376,0.4157025350939779,7.230074485306501e-9,9.593839516180217e7,9.420614917261454e7,1.072329736938265,0.47181378247689415,2.0104135291618066,0.12765553170581975,39.646042633004136,-5097.095287346547,7.0,1.0,0.8836821140497284,-5097.095287346547,5103.612603738745,-0.01872370406817936,-0.4622172332701666,3.0,0.0,0.5592341991082216,0.5592341991082216
2401,1,0.05778700927800858,0.055901949551669536,0.009664552524925245,1.368472765192411,0.4199397187003251,7.189495620810645e-9,1.075522854397166e8,9.713792728850831e7,1.0570656537098357,0.45850483584328044,2.0426208033261735,0.12482794818787422,38.41407424493109,-5099.234503230082,7.0,1.0,0.8994458423069978,-5099.234503230082,5102.114889141824,0.2385253934553475,0.24582375381669408,3.0,0.0,0.5592341991082216,0.5592341991082216
2402,1,0.05811663162896439,0.06023285080633206,0.009523931820187577,1.3395026143163025,0.4348409708083691,7.137814511066954e-9,9.283700428297375e7,8.8694108246001e7,1.0155640881901986,0.5425784703033508,2.4121952502024486,0.13369673942652566,38.77016380041182,-5097.5668620444,7.0,1.0,0.6673419473505036,-5097.5668620444,5105.712072915184,0.4042282478758352,0.8487436331897698,3.0,0.0,0.5592341991082216,0.5592341991082216
2403,1,0.05766584929361741,0.06591987229416131,0.009281058524510197,1.3491556093557777,0.4322920164778124,7.227787505393839e-9,9.028294420473652e7,9.179958333973736e7,1.05248405659872,0.5138734105020204,1.9034415903856539,0.11497380988329056,41.80687491964,-5097.0951777866185,7.0,1.0,0.922909844074684,-5097.0951777866185,5100.523853337807,-0.415766176125544,-0.6927591151679735,3.0,0.0,0.5592341991082216,0.5592341991082216
2404,1,0.057641019794982484,0.06905184652284904,0.009280224703405907,1.3152416381487475,0.4308178971816416,7.172396708294414e-9,9.220168493659022e7,9.611341543692863e7,0.9073202162299572,0.5271617007332521,2.0309395613742427,0.11275722238687688,35.73733122169388,-5102.903130928989,7.0,1.0,0.8093730249697381,-5102.903130928989,5107.467726773095,0.43625846516624733,0.43625846516624733,3.0,0.0,0.5592341991082216,0.5592341991082216
2405,1,0.05795124649746432,0.061836641640075976,0.00906270041601898,1.3471401898449782,0.43343450359763314,7.073350590030173e-9,9.188373110790482e7,9.686414607607652e7,0.9879591015852008,0.49797170706580124,2.0223633825451106,0.1262498635599606,45.49502439139303,-5100.171800748827,7.0,1.0,0.6507844072581147,-5100.171800748827,5110.2254488781755,0.5356990616255644,1.140668583580009,3.0,0.0,0.5592341991082216,0.5592341991082216
2406,1,0.05759671759814687,0.06100294341945422,0.009422766575793492,1.3576287707740196,0.4299282683669003,7.140292210573213e-9,8.530296544046561e7,9.820616269339517e7,1.0064111270372442,0.45793184439810825,2.0647585830020363,0.11697928530531335,36.64740843828371,-5099.517534773618,7.0,1.0,0.8441349358539032,-5099.517534773618,5108.9552511146,-0.32993832705415116,0.7443677313531225,3.0,0.0,0.5592341991082216,0.5592341991082216
2407,1,0.05822194859732536,0.05850729093226523,0.009385453888032837,1.348280141066512,0.42758935628759065,7.192414693217467e-9,9.467063066337825e7,8.709868341748655e7,1.0491703226867364,0.5715781531192297,1.935711553758664,0.13273317347815705,43.55078486904295,-5098.4427292507935,7.0,1.0,0.8388245972805569,-5098.4427292507935,5103.644627433563,0.3468472108943388,0.6922576043471054,3.0,0.0,0.5592341991082216,0.5592341991082216
2408,1,0.057511476181280746,0.06331891408048307,0.00917178005839164,1.3450749187441269,0.4352698543552247,7.117271269394935e-9,9.936750503112337e7,1.0065832771390314e8,1.0013394990745097,0.4977498553200775,2.098973913569581,0.1163836928647514,45.03021328001924,-5098.533138833885,7.0,1.0,0.757589794856751,-5098.533138833885,5108.2365470958,-0.7532419328144897,1.118144294020567,3.0,0.0,0.5592341991082216,0.5592341991082216
2409,1,0.057748216240181886,0.06348002189869889,0.009379390756382715,1.336387414060615,0.4296149138270519,7.082912434477101e-9,9.438829559813006e7,8.256436974502559e7,1.139726285605311,0.5658924863890891,2.2724852395830557,0.13024192536186566,37.00937073755022,-5098.420491956233,7.0,1.0,0.6152786136515948,-5098.420491956233,5107.047913258772,0.3014713323009346,1.1278794980307794,3.0,0.0,0.5592341991082216,0.5592341991082216
2410,1,0.057852734534249155,0.06297216305861117,0.009312258446343386,1.3392743948619834,0.42547734849280683,7.111191695991039e-9,9.716192707950884e7,8.975734293711196e7,1.1070077055198997,0.5328328595766929,2.2697685291765306,0.1308279642876756,35.56697440196259,-5095.689830111008,7.0,1.0,0.9924601404998413,-5095.689830111008,5101.390775718154,-1.011017748715858,-1.011017748715858,3.0,0.0,0.5592341991082216,0.5592341991082216
2411,1,0.05791075520756673,0.05613675603747965,0.009684655129291904,1.3790959458510863,0.4220028803982549,7.203201805897094e-9,8.79671504706953e7,9.179390283096519e7,1.100734147034875,0.5670887608675828,2.1267903683965463,0.11247502754674825,40.08787110967468,-5096.422031577067,7.0,1.0,0.8218331149111561,-5096.422031577067,5102.983756791685,-0.0757932383694424,0.37148477368646127,3.0,0.0,0.5592341991082216,0.5592341991082216
2412,1,0.0574947251695982,0.06520361528715421,0.009146954633612453,1.322309076241029,0.43597760008281566,7.169292251038479e-9,1.0162667272208361e8,8.285648271580335e7,1.0521703747396522,0.5302542881270038,2.185527924910194,0.11465183895248193,39.58121863094219,-5096.856097665717,15.0,1.0,0.7652627269574089,-5096.856097665717,5105.846991966238,0.06518817216146999,0.505393575404014,3.0,0.0,0.5592341991082216,0.5592341991082216
2413,1,0.05818944985537677,0.06109157664498246,0.009263691546799811,1.3439467339664475,0.43430051457302177,7.083043669920364e-9,8.89764075582972e7,9.474269603882468e7,1.0990232565360687,0.5561287561377206,2.1016758864574094,0.1270406531364073,38.33695986158952,-5095.175990018052,7.0,1.0,0.9738632170489214,-5095.175990018052,5098.564891084808,-0.06450906722966465,-0.1583378943560092,3.0,0.0,0.5592341991082216,0.5592341991082216
2414,1,0.05800607859426574,0.06196622970193808,0.009300733594353277,1.3348866858786714,0.4362717575793761,7.090973389508915e-9,9.066927966903685e7,8.57251887477239e7,1.1106132796758117,0.5273690039436159,2.1519129230894016,0.12898556917106635,38.29953635894317,-5094.743679928913,7.0,1.0,0.7843505557396127,-5094.743679928913,5100.162814820379,0.09387320441146585,0.3995374670039382,3.0,0.0,0.5592341991082216,0.5592341991082216
2415,1,0.05785035540164892,0.062204452624644566,0.009456309017540552,1.3363495822575704,0.431628227813908,7.147037232995939e-9,9.493896376670209e7,9.30747517246969e7,1.166920485933745,0.5158977828901468,2.1346879831251684,0.12276593428773333,39.10914632421915,-5094.700842622891,7.0,1.0,0.7875696596998333,-5094.700842622891,5099.322454606594,0.30809218914419034,0.519865935035341,3.0,0.0,0.5592341991082216,0.5592341991082216
2416,1,0.05787060104032893,0.05921678636229449,0.009195277314741887,1.350622139373139,0.43745341309443725,7.184563970104369e-9,9.36561025827643e7,9.115375242169455e7,0.9492027049407276,0.5398691488456763,2.090783315846236,0.12449162566275272,40.62389924428285,-5096.3728712797765,7.0,1.0,0.8813549867530879,-5096.3728712797765,5100.698392320826,0.18565826326994284,0.5260980431967255,3.0,0.0,0.5592341991082216,0.5592341991082216
2417,1,0.058074020462669004,0.06250460365038653,0.00947361804450875,1.3521666814872393,0.42060158700512007,7.074658049957123e-9,9.512220471105824e7,9.962936171967404e7,1.1711456132556117,0.5460111026473613,2.0707193186710473,0.11562594466732122,36.9355380252981,-5098.7369452751245,7.0,1.0,0.9440855166629831,-5098.7369452751245,5101.925381644397,-0.1627293966275829,-0.6715166943658915,3.0,0.0,0.5592341991082216,0.5592341991082216
2418,1,0.05796684264421179,0.05821866731040372,0.009365408826827463,1.3490285589929065,0.4360739182147362,7.222254940587235e-9,9.630922062107672e7,9.302154578735471e7,1.0002938663947578,0.48602690490638395,2.0646422058627323,0.12193456309327683,41.91226827246326,-5096.213748518358,7.0,1.0,1.0,-5096.213748518358,5100.678166037388,-0.12918609868393105,-0.47299728723555745,3.0,0.0,0.5592341991082216,0.5592341991082216
2419,1,0.05822019827766375,0.061621558484956436,0.009433504072063843,1.3471278745440685,0.41618693426236913,7.0640094540195685e-9,9.421672362784682e7,8.605730868782257e7,1.0474405628601213,0.574122005596859,2.3216874150177556,0.12381933030344047,39.36111564197756,-5099.879397482357,7.0,1.0,0.764063167600014,-5099.879397482357,5103.535895835447,0.5139080050485063,0.5139080050485063,3.0,0.0,0.5592341991082216,0.5592341991082216
2420,1,0.0579400966856262,0.06082532866734355,0.009382534263078373,1.338931667525094,0.4391249534838486,7.216921909610305e-9,9.335269935520394e7,9.403003131889996e7,1.074397629034562,0.483874173727027,2.1488526252673408,0.136601320436198,37.70344982467006,-5097.00530990007,7.0,1.0,0.730395480802552,-5097.00530990007,5105.30610134471,-0.14517315008924925,1.4063834287089776,3.0,0.0,0.5592341991082216,0.5592341991082216
2421,1,0.05778477574272093,0.06573030807386089,0.009191115652614826,1.3443604300766017,0.43204266045512535,7.078907128635706e-9,9.847399380680785e7,8.770696396947959e7,1.063024267844012,0.5924149098363399,2.02020567754713,0.11349977883552527,41.26187613377505,-5096.579585466943,7.0,1.0,0.9967657095998773,-5096.579585466943,5100.932240349443,-0.1999183115658525,-0.1999183115658525,3.0,0.0,0.5592341991082216,0.5592341991082216
2422,1,0.05766942909343541,0.06886428158495504,0.008902981800798935,1.3301369761484567,0.4483787459633797,7.102083465410248e-9,9.661341134069565e7,8.591923336813642e7,1.0152459992819798,0.5714656455693716,2.4367981624935457,0.12776256282333226,38.71986103261669,-5101.678605549449,7.0,1.0,0.721447307307581,-5101.678605549449,5108.823034440878,0.17274882527271984,0.5580091155989066,3.0,0.0,0.5592341991082216,0.5592341991082216
2423,1,0.05798474068275004,0.05740548965893427,0.009731646512689693,1.3611281953513608,0.4206709099210518,7.214461499064891e-9,9.428184146535344e7,9.238176777105144e7,1.0886438991529837,0.4937272215628463,1.970553834028403,0.11835086611797649,40.42371518129695,-5095.161909156866,7.0,1.0,1.0,-5095.161909156866,5105.393907616988,-0.30064340986064053,-0.33286521905029076,3.0,0.0,0.5592341991082216,0.5592341991082216
2424,1,0.05752975343169082,0.059689966849859735,0.009568449900785314,1.3690861169273645,0.42663623975633064,7.256885208671341e-9,8.60821712873809e7,8.922233688457471e7,1.0713497324431809,0.5968573202757335,2.091939598426552,0.1163569066897509,40.931478289833464,-5096.896803416,7.0,1.0,0.721351166548921,-5096.896803416,5103.651022929008,0.15185026922426914,0.631257027214815,3.0,0.0,0.5592341991082216,0.5592341991082216
2425,1,0.05779066462596097,0.05912298098352525,0.009582902016071641,1.3613984687033909,0.42640591832517816,7.191203192362299e-9,1.1397643740033433e8,8.895788280776437e7,1.1298543666791812,0.5697557628130063,2.179527358204043,0.12118170464011707,37.55217764935553,-5097.484913762838,7.0,1.0,0.7906361125699507,-5097.484913762838,5104.004434363791,0.09306148690484406,0.3910350376363567,3.0,0.0,0.5592341991082216,0.5592341991082216
2426,1,0.05763960962606381,0.058275945008072066,0.009534021032281525,1.36256930096235,0.4224753621064306,7.201036509742381e-9,1.0994406847674368e8,8.812610060534222e7,1.1395660875756104,0.5401642567562331,2.1979496344636797,0.11731857340610927,38.240348568518485,-5096.25047845425,7.0,1.0,1.0,-5096.25047845425,5099.634389871067,-0.2511283372523394,-0.3664736912942317,3.0,0.0,0.5592341991082216,0.5592341991082216
2427,1,0.05759100595944636,0.056722038918704316,0.009461884063157414,1.364475703135329,0.4271386283143614,7.172952520333165e-9,1.0477399136511604e8,8.6239778903464e7,1.2067909045136362,0.5602986479307791,2.2676958989142255,0.12205765017723633,35.84483236152164,-5098.787413506258,3.0,1.0,0.7976157310075601,-5098.787413506258,5100.999666280309,0.3425616691729374,0.3814099811434062,2.0,0.0,0.5592341991082216,0.5592341991082216
2428,1,0.05772849301349062,0.056098173880882805,0.00950134627541474,1.3515862133163723,0.42971674850266967,7.1807188131770314e-9,1.131990560781705e8,8.471114425587875e7,1.0942077946375213,0.5671638421575499,2.318242653508556,0.12121052368752044,34.78204200118556,-5100.648667122716,7.0,1.0,0.896462420179762,-5100.648667122716,5107.065599502803,0.1772009959031493,0.3178996538672436,3.0,0.0,0.5592341991082216,0.5592341991082216
2429,1,0.0578862189556909,0.068660494801973,0.009200020193790091,1.3363410464715544,0.4355895786825206,7.0575193996861644e-9,8.783393614085723e7,9.52365101102928e7,1.1069264949164521,0.49842739213898885,1.9448584160785218,0.12426719342827684,45.18692414053318,-5100.419420672623,7.0,1.0,0.8151304088711929,-5100.419420672623,5110.263270399181,0.009046675017089001,0.5847566618504061,3.0,0.0,0.5592341991082216,0.5592341991082216
2430,1,0.05811317454316474,0.06848035976323356,0.00934363067298315,1.351749493672123,0.4291264689423374,7.190501359947255e-9,9.28755945987767e7,8.739852089892474e7,1.0851504320962324,0.5046780303379467,2.2464375892583393,0.11803777631398481,40.62955804996999,-5098.51492841046,7.0,1.0,0.9028876112656329,-5098.51492841046,5105.726138931121,0.0015760002806928242,-0.5194697114702649,2.0,0.0,0.5592341991082216,0.5592341991082216
2431,1,0.057956439928999924,0.05811342937394052,0.009577639253193306,1.3417411850218735,0.43472106353751083,7.170317420418214e-9,1.031821760897079e8,9.538841806638998e7,1.1402219684728774,0.5672248954225875,2.074435543246317,0.12766711880763632,36.10081433773643,-5098.990926225215,7.0,1.0,0.5615390122032954,-5098.990926225215,5105.730087240449,0.5912849906926567,1.7705381328914882,3.0,0.0,0.5592341991082216,0.5592341991082216
2432,1,0.057754427799991015,0.06509042478942381,0.009518292365777559,1.353835025775125,0.42778262558743685,7.1423158728389995e-9,8.939490684636928e7,8.54473229505682e7,0.9851851621582646,0.4937254349614794,2.162090850251595,0.12184056130175315,43.3444263817774,-5098.3368757803655,7.0,1.0,1.0,-5098.3368757803655,5102.473409714837,-0.05414066454341082,-0.9429780189602752,3.0,0.0,0.5592341991082216,0.5592341991082216
2433,1,0.057943679399253566,0.06337770456802039,0.009619438804025632,1.3471097234875034,0.4277692043133291,7.1550987373177655e-9,9.500552579495041e7,8.16051955682078e7,0.9272506475413834,0.5200684085519253,2.0895733604019844,0.11787587200188737,42.76980508016887,-5100.193820697643,7.0,1.0,0.7478722899502362,-5100.193820697643,5107.191860065607,0.65802061724753,0.9771556972300459,3.0,0.0,0.5592341991082216,0.5592341991082216
2434,1,0.057570121967962816,0.05766982980658284,0.009670850109792042,1.3619554466428685,0.4268403230410885,7.20948485230181e-9,9.695648251741412e7,9.894677324840966e7,1.2155623640734328,0.5398645452254003,2.0281034640329554,0.14084363704820368,37.22770838380201,-5100.354958191369,7.0,1.0,0.9985863058881438,-5100.354958191369,5106.979950471913,-0.6180862746568891,-1.7178273745412298,3.0,0.0,0.5592341991082216,0.5592341991082216
2435,1,0.05773121650906282,0.057454495870131746,0.009306404397951062,1.3251844101012602,0.4341377368411962,7.1855060110095675e-9,9.76805721965943e7,9.951324068819764e7,1.0319689354580868,0.4623102076093925,2.2125969158362224,0.11694248180852795,40.99755687375187,-5098.6175121162905,7.0,1.0,0.9536588747136648,-5098.6175121162905,5107.43084205319,-0.6983940343570794,-0.7733908002064709,3.0,0.0,0.5592341991082216,0.5592341991082216
2436,1,0.05807672196988176,0.06028301616930624,0.00922049711629815,1.3548619491787275,0.4360426360432778,7.100907071255546e-9,9.534639133505559e7,9.30229379370394e7,0.968687367298558,0.6358261759128261,2.184800465314085,0.11568426474461636,35.44305290189788,-5099.924401384783,7.0,1.0,0.815695330437522,-5099.924401384783,5106.776136787412,0.15649199220570154,0.2849507350319982,3.0,0.0,0.5592341991082216,0.5592341991082216
2437,1,0.0579151846887974,0.0671672439252614,0.009267837772924732,1.3315760136065975,0.4343342413800488,7.216923315330399e-9,9.579084868824218e7,8.463964283140615e7,1.1707123990114965,0.4529309999628125,2.1654963773883957,0.12922992820271453,43.543031343906115,-5101.911264929554,7.0,1.0,0.9038664323001121,-5101.911264929554,5107.638205476429,0.27187970613886137,0.27187970613886137,3.0,0.0,0.5592341991082216,0.5592341991082216
2438,1,0.05770512027027805,0.056062656892960895,0.009398381174184876,1.3666433163369691,0.4259244390063114,7.144130163404832e-9,9.476090302414963e7,9.427096739102495e7,1.007444402697771,0.6323267396199725,2.072290302479525,0.11820418869163982,39.41565439211783,-5098.7890020374225,7.0,1.0,0.7624181080670527,-5098.7890020374225,5111.524516343104,-0.17995683794470096,1.1043284436154863,3.0,0.0,0.5592341991082216,0.5592341991082216
2439,1,0.057960275113445946,0.06421954166838902,0.009475989951632912,1.3443725029129276,0.4307875680771182,7.233197180311027e-9,8.759568813991055e7,8.72617250875389e7,1.0853871280055178,0.4807627462638996,2.0974294876079465,0.1385787762028992,39.11956702589286,-5097.783496120314,7.0,1.0,1.0,-5097.783496120314,5101.66473920164,-0.1524019359212616,-0.4661751024223122,3.0,0.0,0.5592341991082216,0.5592341991082216
2440,1,0.0583066303129823,0.05756183303529785,0.009494325685836733,1.344233485798212,0.4167414892699289,7.060265073051964e-9,9.814599553667365e7,9.870604887541392e7,1.1596886152707722,0.5377925904851093,2.5798216582850535,0.12569456628241724,38.2148168917503,-5104.266351783591,7.0,1.0,0.8147267304034962,-5104.266351783591,5111.097174248471,0.4821609835516938,0.4821609835516938,3.0,0.0,0.5592341991082216,0.5592341991082216
2441,1,0.05820536375325337,0.06104186646332682,0.009521258383107488,1.3446702883954003,0.42318653840188875,7.123831846343384e-9,8.738420634358063e7,9.104053706678413e7,1.1946761246017414,0.5392272228017309,2.2546648938115648,0.13216837185801575,40.87413402048634,-5096.575332606523,3.0,1.0,0.8871179469884497,-5096.575332606523,5109.243988922068,-0.7070834185251442,-0.7070834185251442,2.0,0.0,0.5592341991082216,0.5592341991082216
2442,1,0.057421450059059034,0.059783289376103985,0.009200257434324899,1.3538928724185975,0.4300368324503876,7.172600026451575e-9,1.0079956233301435e8,9.155861579220495e7,0.942471682806707,0.5174578977701374,2.0622242862346507,0.11706626256690017,38.461571655771756,-5097.448003783204,7.0,1.0,0.781360115337174,-5097.448003783204,5102.434567065789,0.14656061889309058,0.5800792837562767,3.0,0.0,0.5592341991082216,0.5592341991082216
2443,1,0.05817715714865687,0.059786903234072736,0.00954046079355042,1.323058066913922,0.43753859133735523,7.1456068273245875e-9,9.832433475042853e7,8.842102047047222e7,1.1513409327377433,0.5897542895092461,2.1409840827005,0.1344515854524759,41.110916118164766,-5100.650255824756,7.0,1.0,0.6840892009670084,-5100.650255824756,5104.658726498732,0.886303846269584,0.886303846269584,3.0,0.0,0.5592341991082216,0.5592341991082216
2444,1,0.05743268819913258,0.06182644859153264,0.009436457070321633,1.3580526678045874,0.425867509521739,7.166254920327474e-9,9.673846449551131e7,8.946623758555238e7,0.987104743315244,0.49496809937730907,1.9617082770058076,0.11868664783681929,39.71932018528897,-5096.257432490747,7.0,1.0,0.9481986262407879,-5096.257432490747,5103.586902423085,-1.0161135652888333,-1.0161135652888333,3.0,0.0,0.5592341991082216,0.5592341991082216
2445,1,0.058126625115802175,0.060266362746345746,0.009186872262810102,1.3375406069035993,0.43073811371963394,7.1219993398528685e-9,9.15825508503885e7,1.0051580918342184e8,1.1172899942924128,0.5520121291529587,2.29016478156094,0.1349414987772299,39.54397416813401,-5098.544356781565,7.0,1.0,0.4455718820564253,-5098.544356781565,5106.003164010246,0.8516809457405543,2.2030006726363354,3.0,0.0,0.5592341991082216,0.5592341991082216
2446,1,0.058338121575871996,0.06430807561139175,0.00933332393075987,1.332940249454243,0.428741850475302,7.133062768382323e-9,9.822404345682432e7,8.9151190518705e7,1.0722586124186393,0.5200143905815734,2.12425317469846,0.11802060124651871,38.161930595490325,-5096.264629128656,7.0,1.0,0.6845414454935536,-5096.264629128656,5101.976686085799,-0.8674528319843375,1.0460279208582506,3.0,0.0,0.5592341991082216,0.5592341991082216
2447,1,0.05749292039401391,0.059894958656038146,0.009480004007882365,1.368349521883404,0.423364550681701,7.245111718072159e-9,9.169526174655396e7,9.425304634566765e7,1.0328685313498804,0.5455300063458539,2.3743731324179547,0.12673396718382898,40.85208431943964,-5096.242868764248,7.0,1.0,0.9145728791782035,-5096.242868764248,5104.245383239312,-0.2509379649318362,-0.35571704323137965,3.0,0.0,0.5592341991082216,0.5592341991082216
2448,1,0.05807461670610707,0.06307124890475392,0.009477679350636394,1.3395408295918056,0.4265979676544588,7.147579517943739e-9,1.0254596176393113e8,9.703252138793132e7,1.0313904958602211,0.48642219516569885,2.638917165595491,0.1214643371608824,38.116502125805724,-5100.0596369240075,7.0,1.0,0.9135696202318567,-5100.0596369240075,5103.541766665686,0.25406071977340616,0.25406071977340616,3.0,0.0,0.5592341991082216,0.5592341991082216
2449,1,0.0575868149300592,0.06065303930029308,0.00942215450136448,1.3628323666100246,0.4354898806652251,7.187459373382061e-9,8.664972856858332e7,8.266447394787867e7,1.1075832989601622,0.5775661646053565,1.9388036047876618,0.1324516878111973,41.20470161833518,-5098.272759156916,7.0,1.0,0.8495557257746486,-5098.272759156916,5106.267066575033,0.10420192665242212,0.4904336447134483,3.0,0.0,0.5592341991082216,0.5592341991082216
2450,1,0.057724120467309396,0.06042029088234764,0.009388705712305621,1.3327680765064436,0.42070303641800194,7.094827420182773e-9,1.0342900968190469e8,9.853894235456416e7,1.0009152594828161,0.4888093756046717,2.251504213492043,0.11251678651443896,39.092223166427836,-5099.818550086373,7.0,1.0,0.7424604363497662,-5099.818550086373,5106.091534511324,0.1656250700552846,0.916923256229893,3.0,0.0,0.5592341991082216,0.5592341991082216
2451,1,0.057846278115536845,0.05890047483092078,0.009514733013194703,1.382832918788895,0.433399678147278,7.1816718638005505e-9,8.71566566850485e7,8.375730108929254e7,1.1053467279098887,0.5671188369836717,2.05149416276941,0.13592693975518244,40.652508108365694,-5098.065298650529,7.0,1.0,0.9867322375504918,-5098.065298650529,5105.269552706414,-0.21854700758649415,-0.5719596469325552,3.0,0.0,0.5592341991082216,0.5592341991082216
2452,1,0.057823367129629974,0.06092317713761194,0.009423762503239515,1.3774321644387115,0.42324675251331445,7.1649502968346675e-9,1.0283600455810006e8,9.623760445257768e7,1.170230061114183,0.6115630070475068,1.9775368448611705,0.11292619087524546,37.694500940139925,-5100.010401013884,7.0,1.0,0.8425489373810316,-5100.010401013884,5107.175953097756,0.17430159348987218,0.36591243839666276,3.0,0.0,0.5592341991082216,0.5592341991082216
2453,1,0.05785857576037582,0.057984142488607365,0.009606072143740648,1.336121470886731,0.4243818650977799,7.170160828019436e-9,9.188836007892849e7,8.74190323247834e7,1.1875679434161823,0.618005470893203,1.9974806350158443,0.11886337358416893,39.42697026219985,-5097.957110969296,7.0,1.0,0.9330366046936022,-5097.957110969296,5106.418469797555,-0.18694447134475922,-0.3779423105816022,3.0,0.0,0.5592341991082216,0.5592341991082216
2454,1,0.05801692661771196,0.06037417561275303,0.009682667235600406,1.3956149821522086,0.42443231164645295,7.187265744058673e-9,9.483484287071224e7,9.204018101697469e7,0.984837716738534,0.4578754893685015,2.255922461361093,0.1260005602240433,38.113995457244265,-5100.4197025552385,7.0,1.0,0.9312974443473169,-5100.4197025552385,5103.111638526896,0.24870987325539318,-0.3036155487752694,3.0,0.0,0.5592341991082216,0.5592341991082216
2455,1,0.05794449125469416,0.06084628270921513,0.009279631723417635,1.3027222792643547,0.43194851073966656,7.1674642494546825e-9,9.14622596082492e7,8.923556325710784e7,1.2007306186197206,0.617916727747757,2.0034565304332776,0.12276100543303449,41.50095215738457,-5101.370501443761,7.0,1.0,0.778125221094465,-5101.370501443761,5108.707641146738,0.2829586978241423,0.6871000396731688,3.0,0.0,0.5592341991082216,0.5592341991082216
2456,1,0.0575984457492752,0.060242704407338726,0.009436284457869818,1.3767895525494511,0.42467785591294815,7.201237268531591e-9,1.0237786356868611e8,8.794615466572471e7,0.9343192785415646,0.47621180317574796,2.382468293312947,0.112074958876042,38.80847733968683,-5099.520126286218,7.0,1.0,0.9947012417989944,-5099.520126286218,5106.336606862442,-0.18802658841741504,-0.5314151735592532,3.0,0.0,0.5592341991082216,0.5592341991082216
2457,1,0.05786632073014143,0.06378650255304,0.009516845531985223,1.3570532753943816,0.4263549315208224,7.215661916153607e-9,9.193985016872858e7,9.642689726570685e7,1.2241708380499357,0.5808090618386917,2.342089233111494,0.12669399106163784,41.668926183383256,-5098.358047806274,7.0,1.0,0.789527476183781,-5098.358047806274,5106.475404925886,0.051567122684900824,0.5061065909621902,3.0,0.0,0.5592341991082216,0.5592341991082216
2458,1,0.05793008170156514,0.06260972737722785,0.009320475025587426,1.3437744703388281,0.43383335093330944,7.202103200203408e-9,9.906756856598079e7,9.537569597347055e7,1.0592051465688403,0.5146739909766468,1.8721404732679154,0.12769262770641662,34.34022420892535,-5098.1464018353945,7.0,1.0,0.9474459619455564,-5098.1464018353945,5104.971675111358,0.046369305550797435,-0.44981472699601,3.0,0.0,0.5592341991082216,0.5592341991082216
2459,1,0.05804290188044872,0.06072996345966323,0.009507093716153894,1.3450310269887,0.42892488794846123,7.13428481131656e-9,9.950781390317532e7,8.193559978034599e7,1.0221569497842813,0.5220611252799036,2.441360235566224,0.11897908639760733,44.10469683634938,-5097.664248776109,7.0,1.0,1.0,-5097.664248776109,5101.067664817807,-0.1707798512197769,-0.5344542335133156,3.0,0.0,0.5592341991082216,0.5592341991082216
2460,1,0.05748874452949121,0.0576603548470724,0.009657447328724589,1.3695370753121299,0.4175150834061835,7.23391533874302e-9,9.077716648379838e7,1.0058416910285108e8,1.1094555786754128,0.5400471648907146,2.0738055614742894,0.12567751128838112,35.98789099320031,-5097.925574160242,7.0,1.0,0.9323539483042594,-5097.925574160242,5104.400383559723,-0.251328637820734,0.33005402995877375,3.0,0.0,0.5592341991082216,0.5592341991082216
2461,1,0.05798245890330752,0.0619336247561008,0.009297458944744864,1.3558905851673422,0.4407742244100419,7.143397164720007e-9,1.0550085560230885e8,8.457139611463428e7,1.1389267991766134,0.5138118533454875,2.3140467772022713,0.1323270019716765,40.599761591262165,-5097.98426957275,7.0,1.0,0.8284706095109479,-5097.98426957275,5105.110479984544,0.15518048952526442,0.2962317751989758,3.0,0.0,0.5592341991082216,0.5592341991082216
2462,1,0.057971646817511296,0.06151889862359617,0.009448835706016446,1.337633162039897,0.42175875346492137,7.1156326814703455e-9,8.739791474541357e7,1.0071996549771109e8,1.0133637087341614,0.509436170074922,2.297932190088353,0.1112667976754028,41.27246847265437,-5097.971289848587,7.0,1.0,0.6297509412071367,-5097.971289848587,5105.196873156272,-0.25214242483798444,1.29297328458415,3.0,0.0,0.5592341991082216,0.5592341991082216
2463,1,0.05801631524483337,0.05745369523085547,0.009373661489838418,1.324861904835346,0.43473781906114134,7.181814687313121e-9,9.559974213378003e7,9.593658888342378e7,1.046118985050846,0.5248429507077691,2.37734719105776,0.11686086821637656,39.5691362375215,-5096.840437676296,7.0,1.0,1.0,-5096.840437676296,5101.440603696831,-0.17211973059784214,-0.43263745357580774,3.0,0.0,0.5592341991082216,0.5592341991082216
2464,1,0.05800447750894027,0.05660493999752604,0.009426121250263146,1.3261237672311483,0.4344150177693529,7.153324722384735e-9,9.981680975212796e7,9.34878936743692e7,1.0637006176609278,0.5093681481669537,2.250970306621665,0.12128012388979574,42.60685612878501,-5096.843932993082,7.0,1.0,0.9251514439274539,-5096.843932993082,5101.594330324636,0.10431199061622465,0.23242930267679185,3.0,0.0,0.5592341991082216,0.5592341991082216
2465,1,0.057683418061876976,0.06732068905463631,0.00928934424109468,1.3570187368152955,0.43045290544040504,7.104194899322278e-9,8.915665682136035e7,9.294587750105111e7,1.0687038837859697,0.5497052214602518,2.03918008518368,0.12891109305002912,36.39094678498643,-5097.512079752712,7.0,1.0,0.8911718773048695,-5097.512079752712,5103.171278730034,0.18713361565551168,0.31317244805268274,3.0,0.0,0.5592341991082216,0.5592341991082216
2466,1,0.05798860628720694,0.06271450117304328,0.009292755545764003,1.3439584105861575,0.4325011932063743,7.159872988165915e-9,9.560347492961851e7,8.730521716209954e7,1.1380226846343882,0.5344105122605264,2.1421027245502886,0.13067590166990145,39.45540581880046,-5093.769931154366,7.0,1.0,0.7882796336051489,-5093.769931154366,5099.876866093432,-0.4341811360727661,0.6510177197642406,3.0,0.0,0.5592341991082216,0.5592341991082216
2467,1,0.05764426148644595,0.06603046559125014,0.009150705040130748,1.3548726697776865,0.43963463617022674,7.18876715735779e-9,9.50552669511185e7,8.709449507819515e7,1.0387071816721576,0.5303628948331023,2.0302364536230337,0.12359005380096619,37.871244231896256,-5095.870908666462,7.0,1.0,0.7430252824684472,-5095.870908666462,5099.457092254229,0.04261920537373953,0.565402651783188,3.0,0.0,0.5592341991082216,0.5592341991082216
2468,1,0.0575644777841627,0.05929690983549982,0.009249172074271908,1.3679206476894517,0.430461400970648,7.1161310207711274e-9,9.050197922894286e7,9.006836594735463e7,1.132584028399151,0.5062421060195832,2.0696049073241065,0.1323681006406561,36.44613739150567,-5097.989121021304,7.0,1.0,0.48608195407503957,-5097.989121021304,5103.3903579004045,0.44052200275655196,1.42213597286991,3.0,0.0,0.5592341991082216,0.5592341991082216
2469,1,0.0578678001481786,0.06465756346657656,0.00921554688130588,1.3468251486016174,0.4325897220247314,7.111246043038068e-9,8.703325847735728e7,8.55369230561252e7,1.0726808382091542,0.4641327540334239,1.9749744502524882,0.1366123528836639,38.42877389010761,-5097.890930879798,7.0,1.0,0.9382583885960756,-5097.890930879798,5103.514460500038,-0.24768926993056084,-0.3217737717614,3.0,0.0,0.5592341991082216,0.5592341991082216
2470,1,0.05801215232753408,0.05828913652692396,0.009567595727102356,1.3359130238356374,0.42744547779521475,7.1672516918599875e-9,9.278275241332237e7,9.353831348811258e7,1.086206979972199,0.5843056430746679,2.401918919045263,0.11720398684014638,43.56103047667012,-5097.277555976964,7.0,1.0,0.8385645301322077,-5097.277555976964,5104.294088951886,0.028885972366879287,0.3541911469455954,3.0,0.0,0.5592341991082216,0.5592341991082216
2471,1,0.0579326720926227,0.05994456234386007,0.009610156691653313,1.3416145106030586,0.42371211788804464,7.16600110045008e-9,9.333875227293973e7,8.835793025243647e7,0.9717858046030371,0.4855391864756295,2.108105763859566,0.1266407996148306,38.97981255056155,-5095.206386294069,7.0,1.0,0.874796197249168,-5095.206386294069,5102.8967199673725,-0.06356179205249646,0.39877597769918793,3.0,0.0,0.5592341991082216,0.5592341991082216
2472,1,0.0578450626208197,0.0625887774731311,0.009286271953124134,1.357354398330926,0.4369445940257295,7.2198363262601905e-9,9.85838728208048e7,9.079824972318734e7,1.1812569802218935,0.577175947622837,2.0694385244950237,0.1205469638725576,39.8747903366832,-5096.517008326761,7.0,1.0,0.7186307194512873,-5096.517008326761,5100.349443190214,0.15320177659941692,0.6291502040721753,3.0,0.0,0.5592341991082216,0.5592341991082216
2473,1,0.057760631788171715,0.057878533786701096,0.009641834627045782,1.3742824181384208,0.41228744575273335,7.179043868001614e-9,9.309559723381609e7,9.233671875325234e7,0.9876518598566937,0.5776659470973571,2.301494140672312,0.11711102680964668,39.06377124929653,-5099.108321587306,7.0,1.0,0.7452445205927906,-5099.108321587306,5105.761378687253,0.22380358207647078,0.8303064891215399,3.0,0.0,0.5592341991082216,0.5592341991082216
2474,1,0.058085740820323244,0.05900184037344623,0.009799773187968184,1.3771012331223895,0.417422983579479,7.226789221029149e-9,8.851863237042616e7,9.638858993388025e7,0.8861480925471255,0.5299535268463138,2.061877826592815,0.11968687398036577,38.811089861146954,-5101.14332489185,7.0,1.0,0.6719907562171669,-5101.14332489185,5106.782308512055,0.08544627013543504,1.031609377568202,3.0,0.0,0.5592341991082216,0.5592341991082216
2475,1,0.05778273082796006,0.06025754189695441,0.009207022951703125,1.3390647899782746,0.4373988357319117,7.1820710262809315e-9,1.0263092155186643e8,8.505631518797326e7,1.320360256000298,0.5249651581689472,2.1922541727442093,0.12620964019965863,42.563233739101925,-5100.122416250771,7.0,1.0,0.8282861863409838,-5100.122416250771,5105.812709605985,0.09148622479551705,0.5148518361374954,3.0,0.0,0.5592341991082216,0.5592341991082216
2476,1,0.05782719350681934,0.062344611541154865,0.009366072639447522,1.333113525239288,0.43290143128696734,7.181077913500151e-9,9.324594506556386e7,9.261494050736497e7,1.093865640999334,0.5492634767862038,2.2469044672479535,0.11855183397282161,42.2846568366186,-5094.143824938725,7.0,1.0,0.97696207034594,-5094.143824938725,5102.17794192048,-0.5147420738703659,-0.5147420738703659,2.0,0.0,0.5592341991082216,0.5592341991082216
2477,1,0.0576599053142345,0.0652234791638682,0.009355809299511738,1.3448137250128098,0.43217907246528986,7.228708641953908e-9,9.480534785762358e7,9.237095146679147e7,1.1042083440934158,0.5188760311605288,2.1173808517714585,0.11816428782287998,39.97929036101492,-5094.824642775923,7.0,1.0,0.8358586104065125,-5094.824642775923,5101.383522539807,0.03445214921612205,0.47268783980962326,2.0,0.0,0.5592341991082216,0.5592341991082216
2478,1,0.05813955260282237,0.060719856318299424,0.00955991536566184,1.3383663591645938,0.42554997578806036,7.164888735379738e-9,9.564465170333472e7,9.101209090995899e7,1.036563151317941,0.5366684424744061,2.182973418500269,0.12749829976798752,38.926845776656265,-5093.8294741942445,7.0,1.0,0.7078480549483963,-5093.8294741942445,5100.2348630325305,-0.12620313015850115,1.0158350579959006,3.0,0.0,0.5592341991082216,0.5592341991082216
2479,1,0.0578218408391303,0.05647910505601871,0.0096457121296168,1.366251919361119,0.4231818939184011,7.223843219074023e-9,9.230115958246666e7,9.710145281958707e7,1.0680894565896573,0.49688121734355034,2.039270994532076,0.12646498638228623,37.91963446657777,-5094.921555136574,7.0,1.0,0.7435212101186447,-5094.921555136574,5101.12385013426,-0.07832538250477228,0.5974352157945759,3.0,0.0,0.5592341991082216,0.5592341991082216
2480,1,0.057925578791931956,0.06179255441221427,0.009544601911797665,1.336259932366021,0.4243490763018781,7.1707512820768725e-9,9.691456754961711e7,8.003315376662102e7,1.061430758132018,0.5384720330943453,2.1989703024687834,0.12049608986269257,40.32114155190024,-5095.164038689488,7.0,1.0,0.595296160327443,-5095.164038689488,5099.437225526014,0.18497107972962112,0.8554404308597441,3.0,0.0,0.5592341991082216,0.5592341991082216
2481,1,0.05780822469833578,0.06116433358632575,0.009187863439238737,1.3530716325449803,0.43763467718964816,7.1214077824199725e-9,9.053705542481768e7,1.0102810292074452e8,1.076776280896494,0.5202171409052163,2.031952109321558,0.12576143117325533,38.67740966042855,-5095.637552239522,7.0,1.0,0.9693329563143617,-5095.637552239522,5098.5718450796,-0.11918701905051421,-0.20758459352782666,3.0,0.0,0.5592341991082216,0.5592341991082216
2482,1,0.05786498366607202,0.05917878885885762,0.009516870933791308,1.33888250661198,0.42233274588135233,7.222429121225055e-9,9.343794213408539e7,8.56763277114406e7,1.1099524045648566,0.5154310341915893,2.0674169271055494,0.11900844479157559,39.70902309396907,-5094.123706472919,7.0,1.0,0.5418993313356283,-5094.123706472919,5101.643619917345,-0.07477879730140558,1.222783143021843,3.0,0.0,0.5592341991082216,0.5592341991082216
2483,1,0.057765600827439874,0.06377533083196409,0.00944184835446641,1.3638966308349254,0.43079769300641346,7.245309075485715e-9,9.931878163374408e7,7.92427643685085e7,1.004640643559168,0.5340083674225211,2.0336287283911787,0.12489225678030802,41.43725917483148,-5097.173516600771,7.0,1.0,0.23559566128463777,-5097.173516600771,5104.446687834205,0.43160780632661044,3.5175218144586324,3.0,0.0,0.5592341991082216,0.5592341991082216
2484,1,0.058141853820638925,0.06435953498861158,0.009159355531042378,1.331558946394036,0.43563849160736445,7.074547957673411e-9,9.483428809866793e7,1.0748978136830094e8,1.1359979988001998,0.5212526494898625,2.2452076326662116,0.12093694521031234,38.12485342229297,-5098.379346064404,7.0,1.0,0.9640985675596795,-5098.379346064404,5104.314875272728,-0.11024616285340016,-0.1929023044385758,3.0,0.0,0.5592341991082216,0.5592341991082216
2485,1,0.05816161416130935,0.061975515279170994,0.00913524364537693,1.336535299149457,0.4400657270186913,7.05813380672704e-9,9.674934620777272e7,9.985763500611801e7,1.1274531255187041,0.46809635969301067,2.2664308696827598,0.11187218468589703,35.294193330458384,-5101.406318305968,7.0,1.0,0.8949633989769163,-5101.406318305968,5104.032860117286,0.3190114312146761,0.3190114312146761,3.0,0.0,0.5592341991082216,0.5592341991082216
2486,1,0.057634463578095936,0.06210735100859173,0.009452750474980925,1.3412259718549957,0.42437215893449615,7.238848829232617e-9,9.155974682859056e7,8.153534869679834e7,1.0198808724796196,0.606198244629918,2.1924839497328046,0.13202592158704063,44.398622656645365,-5098.563550380193,7.0,1.0,1.0,-5098.563550380193,5104.338944924455,-0.22278632732377446,-0.43729194055686094,3.0,0.0,0.5592341991082216,0.5592341991082216
2487,1,0.05794848387345318,0.05666667544758069,0.009388603426620713,1.3595689775142563,0.4292526379949304,7.09460252162133e-9,9.905649764660583e7,9.838441342427039e7,1.1307321301129203,0.47038793147313734,2.1354695876363987,0.11678318775171463,37.802609153435135,-5098.492363651314,7.0,1.0,0.7968850006781258,-5098.492363651314,5108.251429359041,0.03045070103598846,0.6978232623087024,3.0,0.0,0.5592341991082216,0.5592341991082216
2488,1,0.05806478711346457,0.060736860622122225,0.009720916637454804,1.3394161742902397,0.4295820067513167,7.220665121982713e-9,1.1297162651122229e8,9.345940880312908e7,0.9492068352869938,0.4638161765827055,2.2568966393414582,0.13072337573215706,39.48108905326873,-5104.743852190034,7.0,1.0,0.4479472660798983,-5104.743852190034,5111.947098916271,1.168188634537728,1.3434383988314949,3.0,0.0,0.5592341991082216,0.5592341991082216
2489,1,0.05790306782978509,0.06441833257457133,0.009353507909384003,1.374392894580035,0.4181941577058133,7.171972151099307e-9,8.400165829507433e7,1.0238580477854879e8,1.1032209799439807,0.556753907085117,2.385717812761873,0.14162476693618092,37.04065728027885,-5104.56296215462,7.0,1.0,0.9582515097614939,-5104.56296215462,5113.713323944625,-0.17035796742311504,-1.220916274280171,3.0,0.0,0.5592341991082216,0.5592341991082216
2490,1,0.05809983820620897,0.06162635740978765,0.009160526156030128,1.3115857670499502,0.4341494896452744,7.155176608979224e-9,9.676024941336787e7,8.482630494613199e7,0.9954901629536974,0.5200841915148409,2.0383609954430932,0.1087228191606235,44.20742125534827,-5100.765698372481,7.0,1.0,0.9872716685099878,-5100.765698372481,5110.175457753589,-0.34647018815030606,-1.2044346655457048,3.0,0.0,0.5592341991082216,0.5592341991082216
2491,1,0.05820004881364096,0.06297575992425575,0.009219922098536629,1.3383610419614327,0.43320125248552194,7.069376282854808e-9,9.476752641828705e7,8.008458530070852e7,1.1320030278723099,0.6162476532559392,2.1753814185816984,0.11863023430772869,37.12567252701093,-5099.194958125315,7.0,1.0,0.8793922221752272,-5099.194958125315,5109.984220542877,-0.5843989818531554,-0.5843989818531554,3.0,0.0,0.5592341991082216,0.5592341991082216
2492,1,0.05842037779414496,0.05567392348017283,0.009578007810411356,1.3328649721293224,0.4326517273635159,7.120786842920886e-9,9.292419771884622e7,9.635225631958176e7,1.0478822839627362,0.5213088500632919,2.228614838509104,0.12453452700641093,39.24539680513754,-5098.844759650791,7.0,1.0,0.31530443017322957,-5098.844759650791,5112.031291501454,0.35386854748958285,3.164400824047334,3.0,0.0,0.5592341991082216,0.5592341991082216
2493,1,0.057400072897120756,0.06649374103912443,0.009083770752432531,1.362249850959699,0.434824195287391,7.251393285137703e-9,9.57942541034476e7,8.576514041783445e7,1.096084869483009,0.5558570979695794,2.044697738548094,0.12181372093799833,42.986995635244014,-5100.92050869936,7.0,1.0,0.6065998649015975,-5100.92050869936,5108.12594060666,0.7064763304515509,0.8048169342991969,3.0,0.0,0.5592341991082216,0.5592341991082216
2494,1,0.057341147881875464,0.06430698260017426,0.009182352477798257,1.365543493286967,0.441596600714285,7.234971480465297e-9,9.665466768228671e7,8.255640869581537e7,1.0616914240310873,0.5348363692385102,2.175230712760709,0.12922624493261328,42.44909499998121,-5099.455781995764,7.0,1.0,0.9872871306760551,-5099.455781995764,5106.2373900592775,-0.46214039421101916,-0.4914297159803027,3.0,0.0,0.5592341991082216,0.5592341991082216
2495,1,0.057715451030262606,0.059438290530888734,0.009345469522497343,1.3757627224453859,0.4332655537580831,7.173497610800758e-9,1.0131237321638672e8,9.26549116837689e7,1.0339304316027227,0.5377420423163255,2.080933485553592,0.1388770231360876,39.80644763606524,-5096.226357936169,7.0,1.0,1.0,-5096.226357936169,5103.463928434229,-0.18956702608193154,-0.18956702608193154,3.0,0.0,0.5592341991082216,0.5592341991082216
2496,1,0.05770726725299078,0.060378146553748985,0.00935206331208218,1.362738211359447,0.43096530858053617,7.145223487344637e-9,9.559060551847547e7,8.64064709479564e7,1.1363504880010593,0.5625076578717307,2.1074046553557895,0.13581230355681992,38.14442297273846,-5094.9510815639815,7.0,1.0,0.995259757850117,-5094.9510815639815,5098.29670215117,-0.07621807080795406,-0.20565868148787558,3.0,0.0,0.5592341991082216,0.5592341991082216
2497,1,0.05806317407242633,0.06400368846270553,0.009353910104896099,1.3255621402627622,0.4347279265275141,7.115721691581248e-9,9.987374432493658e7,9.188960268954432e7,0.9867889727868817,0.521819164401334,2.219353459678093,0.10840142448848772,39.837940487095516,-5097.201904280689,7.0,1.0,0.5372541026776955,-5097.201904280689,5101.072404378768,0.3171798714010947,1.3246190407417089,3.0,0.0,0.5592341991082216,0.5592341991082216
2498,1,0.0577840434657245,0.06345231778051796,0.00907534508077568,1.3045987266201342,0.429371320473426,7.1015361124446526e-9,1.0077901313883036e8,8.520278728710349e7,1.0327164008598813,0.5217282353420908,1.959659891073346,0.12036847454787354,42.32579393284492,-5100.575895158748,7.0,1.0,0.37698703764214436,-5100.575895158748,5106.199269259617,0.7067644330336407,1.9655429755284786,3.0,0.0,0.5592341991082216,0.5592341991082216
2499,1,0.05802859516773699,0.05859190689222236,0.009534084621591096,1.3930211023750583,0.4327447819927217,7.240272125369846e-9,8.691137966834256e7,9.346894266165675e7,1.0885415575985131,0.52225503358299,2.37548858876336,0.12774021614359024,41.55942101321627,-5099.408735379985,7.0,1.0,0.5876366059357901,-5099.408735379985,5111.0254355355055,-0.17850034871116804,1.4932199520108043,3.0,0.0,0.5592341991082216,0.5592341991082216
2500,1,0.05768197564407925,0.06009360317788766,0.009491612848548162,1.3414641795499433,0.41752626816147537,7.171155800341141e-9,9.570185912022915e7,9.202567212810214e7,1.046391557076037,0.5405551570912729,1.956236977682391,0.11521972897400196,41.1071096010379,-5096.311687977551,7.0,1.0,0.8809236288648442,-5096.311687977551,5103.267276835625,-0.18501339303384157,0.5800882880648714,3.0,0.0,0.5592341991082216,0.5592341991082216
2501,1,0.057592525187907084,0.06245005548627125,0.009411325873710782,1.319908223694557,0.42873506348996265,7.194357057874119e-9,9.619133983592527e7,8.39678790673242e7,1.06141171835537,0.49862823762271297,2.2295407971842938,0.12457013682888099,42.15285062160595,-5096.389974401356,7.0,1.0,0.9376320302545483,-5096.389974401356,5102.059827611806,-0.04318940372195357,0.27725919519252784,3.0,0.0,0.5592341991082216,0.5592341991082216
2502,1,0.05788490150343206,0.062430153143012285,0.009289569894287471,1.3241237283194154,0.4329306070608938,7.169599997951733e-9,8.840214250682901e7,9.213816057311061e7,0.9953521488010257,0.5495856511834405,2.1036655720094593,0.13101198196014213,35.71325484695428,-5095.974755997485,7.0,1.0,0.9672823824729087,-5095.974755997485,5101.13722216514,-0.18446791203132307,0.22270471939555136,3.0,0.0,0.5592341991082216,0.5592341991082216
2503,1,0.05794299192095927,0.057915263830230275,0.009625735827821818,1.3454876855622624,0.42448968424217776,7.152343848014374e-9,9.833723821532612e7,8.646262644708167e7,1.0583546893682296,0.5460203341584002,2.0340949975436495,0.12690766349263247,39.30359961955868,-5094.5171068719455,7.0,1.0,0.854342758665776,-5094.5171068719455,5099.537782686449,0.18435716348176356,0.4525971101684263,3.0,0.0,0.5592341991082216,0.5592341991082216
2504,1,0.05764368799092317,0.06498326817949776,0.00928255654346851,1.3608544423132287,0.43693185737464063,7.1920603745536e-9,9.082452665135431e7,9.205579222641794e7,1.0398582609844365,0.51492040273113,2.284752798479699,0.11628304070344814,39.42839170754354,-5095.706689058827,7.0,1.0,0.9399545604213119,-5095.706689058827,5098.378562263954,-0.12458608140605065,-0.3211186470834946,3.0,0.0,0.5592341991082216,0.5592341991082216
2505,1,0.0581449416712681,0.058787745416891676,0.00941675079636264,1.334263472369683,0.4276955370376505,7.064187524309724e-9,9.635497726346606e7,8.840809123009615e7,1.047183686737778,0.5150313492909674,1.9109594761759336,0.11567040922998328,36.04924154143312,-5097.962495102483,7.0,1.0,0.7141315367934489,-5097.962495102483,5104.937008368963,0.26998479197209235,0.5109823509546914,3.0,0.0,0.5592341991082216,0.5592341991082216
2506,1,0.05767194188517124,0.0640337927929402,0.00935894887186843,1.3552993361282832,0.43513370250280065,7.206428014736482e-9,8.967076696556588e7,8.771618487528858e7,0.976517699474792,0.5567143124321432,2.2064603886218404,0.13050541200031646,41.44049920070991,-5095.911132686126,7.0,1.0,0.9934858668152602,-5095.911132686126,5101.430604047735,-0.2177998275446953,-0.2339879805504097,3.0,0.0,0.5592341991082216,0.5592341991082216
2507,1,0.057596581099498306,0.06069880768087397,0.009411826049178087,1.3548699730112885,0.4299852281892297,7.173671600985808e-9,8.531423855071421e7,8.87405410004533e7,0.9824906002001796,0.579567879687379,2.1329169944814828,0.132791104845513,41.70784357834592,-5096.340778843371,15.0,1.0,0.8662525701938212,-5096.340778843371,5101.478142293352,0.059750136525508424,0.43104674920232355,3.0,0.0,0.5592341991082216,0.5592341991082216
2508,1,0.058379511640158394,0.060228386635946485,0.009367024073877493,1.3395443917246705,0.4309237294797424,7.117993686730573e-9,9.962964340001328e7,1.0095209917740901e8,1.1726587094554923,0.46112967060719307,1.973016918669908,0.1206336645504783,36.121064483127974,-5100.76832853369,7.0,1.0,0.5032055739346346,-5100.76832853369,5105.510905289663,0.119714691201807,1.7158267276527113,3.0,0.0,0.5592341991082216,0.5592341991082216
2509,1,0.05795530432376217,0.06191738169461212,0.00930682672379812,1.337188930481555,0.4320663733551625,7.140837830085759e-9,9.706363462638736e7,9.061293863901688e7,1.1688181390606645,0.5905536021674448,2.1464199558374877,0.12797890968769476,44.29175310393065,-5096.190521683019,7.0,1.0,1.0,-5096.190521683019,5103.663647536768,-0.36748286559668486,-0.36748286559668486,3.0,0.0,0.5592341991082216,0.5592341991082216
2510,1,0.05814550777663511,0.0618812704878868,0.009393288417178718,1.3269766451205776,0.4340778765098432,7.058511872566286e-9,8.952037948708841e7,9.711954956850676e7,1.0958463479482583,0.4741750822346744,1.9450043412705662,0.14478119427513858,37.93187132314209,-5101.696642568563,7.0,1.0,0.4313279622547957,-5101.696642568563,5109.762364500274,0.9981469441781883,1.433956606028005,3.0,0.0,0.5592341991082216,0.5592341991082216
2511,1,0.057676980627986235,0.066878891089202,0.00904935820574005,1.32813152348398,0.4394140994548086,7.1101331649833485e-9,9.67268898407786e7,8.569532333386086e7,1.1228473549525482,0.6131888360384691,2.0684681740696433,0.10897597219672599,36.546969574852575,-5099.807957863268,7.0,1.0,0.930989514186032,-5099.807957863268,5107.732234752686,-1.1695154573881155,-1.1695154573881155,3.0,0.0,0.5592341991082216,0.5592341991082216
2512,1,0.058039585923792304,0.052901760842173,0.009885283669847447,1.371261513286053,0.42158498581889886,7.2740852539583655e-9,9.082853571609959e7,9.612821340261604e7,0.9915997870746319,0.45738244469119554,2.1935873684380978,0.14125303871405911,42.816269395007794,-5103.747577931176,7.0,1.0,0.8010902002167007,-5103.747577931176,5107.098773499254,0.4613047681195894,0.4953068259437714,3.0,0.0,0.5592341991082216,0.5592341991082216
2513,1,0.05799126530319026,0.053004552085823955,0.009819072812675009,1.363052400677465,0.4200402161773222,7.236012002384962e-9,1.0663847353969412e8,8.912153817427006e7,1.1267575263676004,0.4951923504557869,2.3171782240182237,0.1558191281496795,38.69617762733581,-5104.184973496784,7.0,1.0,0.9866644202491036,-5104.184973496784,5111.883571066547,-0.0493363064215373,-0.3007720796931608,3.0,0.0,0.5592341991082216,0.5592341991082216
2514,1,0.0576626474610416,0.059776978385392886,0.009639295521600904,1.3740488053885693,0.4271048462184738,7.21834630275866e-9,8.119463444724238e7,8.949286748743786e7,1.0781202610999696,0.6203590899181872,1.9399968627296038,0.11128795128408257,39.80305373324974,-5101.515281244908,7.0,1.0,0.8018030956280187,-5101.515281244908,5116.620577007096,0.048759140537185885,0.5630747599016104,3.0,0.0,0.5592341991082216,0.5592341991082216
2515,1,0.057914072266443725,0.060433889215795844,0.009374878176562539,1.340166740141285,0.4318467586771126,7.138170608958602e-9,1.0479198302252717e8,9.663731944596656e7,0.9206389766334709,0.47972213365184263,2.19159083237196,0.12927473333047262,40.573957307953144,-5097.711344145571,7.0,1.0,0.30132772166244715,-5097.711344145571,5115.419270921083,-0.0962548805264305,3.7404145067030186,3.0,0.0,0.5592341991082216,0.5592341991082216
2516,1,0.058043556590093325,0.06443558396602113,0.00938935256498475,1.3577049236889598,0.43139976760264703,7.165094597951254e-9,9.122150016076832e7,1.0036247138387719e8,0.9803157046282156,0.5491988779160007,2.285490983209312,0.12683045584810865,34.33493863387817,-5098.389695386003,7.0,1.0,0.6180900501119775,-5098.389695386003,5105.593811673884,-0.0815197703859667,1.2344553778839327,3.0,0.0,0.5592341991082216,0.5592341991082216
2517,1,0.057691512814241404,0.06087761507755252,0.009461429344618237,1.3499700014042693,0.42867980833789043,7.2132764115242714e-9,8.494725181173219e7,1.0075965217394301e8,1.1173417276966418,0.536547585598605,2.128442073307737,0.1333426386009142,38.82013848859128,-5096.135128366149,7.0,1.0,1.0,-5096.135128366149,5102.59894180613,-0.19226226883711206,-0.19226226883711206,3.0,0.0,0.5592341991082216,0.5592341991082216
2518,1,0.05793156788362878,0.06028782430243492,0.009393097942842175,1.3620976389060853,0.43098738558712263,7.136217939986204e-9,9.919071066812201e7,8.21709514004533e7,1.0147131923981674,0.5749823793146616,2.1350786882657533,0.10838618492073275,39.42215350240648,-5096.004171923305,7.0,1.0,1.0,-5096.004171923305,5099.321912945849,-0.008078366925474256,-0.07350021947604546,3.0,0.0,0.5592341991082216,0.5592341991082216
2519,1,0.05785060274646646,0.058426241113865275,0.009279248959654037,1.3706500419042935,0.4348800546582668,7.113199985478535e-9,8.939750814476246e7,8.524764506075999e7,1.0280873425158923,0.597583194248632,2.1281862417854325,0.1106027265331857,40.58990916253976,-5098.448534152972,7.0,1.0,0.7616326154702494,-5098.448534152972,5101.464410141925,0.2908196770158611,0.782683791197087,3.0,0.0,0.5592341991082216,0.5592341991082216
2520,1,0.05760379919413889,0.058311175386740514,0.009526936461994609,1.3516921421465284,0.42804921651748606,7.248594691759019e-9,8.973977111345024e7,9.102449690587811e7,1.070677912566789,0.5986046221646388,2.1940615750394095,0.10932044926913755,42.11650270731015,-5096.9978001128875,7.0,1.0,0.7700484992645358,-5096.9978001128875,5104.040082277309,-0.2304505886922925,0.6285591904734247,3.0,0.0,0.5592341991082216,0.5592341991082216
2521,1,0.05811971586037431,0.06735566074563035,0.0092520849541907,1.3418302510368136,0.4273934748998227,7.073594029230953e-9,1.0295721039763513e8,9.091289739203529e7,1.0228702309939925,0.46235562256840224,2.0370061369070918,0.13957959799712988,38.20806896056157,-5100.494188928302,7.0,1.0,0.7995442980591021,-5100.494188928302,5103.353130196529,0.30987897244540363,0.5712469900881842,3.0,0.0,0.5592341991082216,0.5592341991082216
2522,1,0.057504507914401704,0.05428787176025189,0.009416066784411054,1.3563730540190462,0.42610517771907175,7.223778392786924e-9,8.567061728735536e7,8.932988158137466e7,1.118735202212544,0.6104259190396767,2.2538200483292106,0.11075136188685174,40.57313469474984,-5102.133163264241,7.0,1.0,0.846381576183291,-5102.133163264241,5106.121091708388,0.6185288781716736,0.6185288781716736,3.0,0.0,0.5592341991082216,0.5592341991082216
2523,1,0.05739662308072754,0.053475888193412105,0.009462177390273326,1.364557253053336,0.4291085744278903,7.239758962086295e-9,7.872267368016437e7,9.0994059643212e7,1.1605630689210966,0.5821358942944169,2.407669336130052,0.10637345955933258,39.221945548765994,-5107.965404126755,7.0,1.0,0.9287108482959789,-5107.965404126755,5112.963005808737,0.19032637651071127,-1.0305442853905333,3.0,0.0,0.5592341991082216,0.5592341991082216
2524,1,0.05791669686497327,0.061790923857679765,0.009567688112266479,1.3705161949278593,0.4202482598852427,7.237187429212561e-9,9.51403165918427e7,9.770761975947422e7,1.0489074774156502,0.5084725567109301,2.378108734159643,0.13394738045550775,38.70462723778033,-5097.436939992463,7.0,1.0,1.0,-5097.436939992463,5110.355820979262,-0.8572734632862193,-1.2375123394431284,3.0,0.0,0.5592341991082216,0.5592341991082216
2525,1,0.057700808424346904,0.06568167096114863,0.009122939453499585,1.3396061228237186,0.4331817608086916,7.143597274993752e-9,9.235508801445171e7,9.70825319615676e7,0.9949569719917091,0.5516957693736144,1.8057263586234513,0.11685247304494907,36.48581752310747,-5099.161841237167,7.0,1.0,0.8673046105054028,-5099.161841237167,5108.491927649728,0.04757393854288239,0.4497461345717966,3.0,0.0,0.5592341991082216,0.5592341991082216
2526,1,0.05807489879776174,0.061274948438172494,0.00936425800996488,1.3472780164244988,0.43268152536474097,7.124962276051053e-9,9.302377515278712e7,8.330725660184728e7,1.1692782262015236,0.5082997544217687,2.2887517968005353,0.12889582212549078,42.702722379395105,-5095.977275657641,7.0,1.0,0.6767597692189335,-5095.977275657641,5102.373991702082,-0.12714287673043145,0.9697195824728624,3.0,0.0,0.5592341991082216,0.5592341991082216
2527,1,0.057640620069148094,0.0573234068760617,0.009698479021315293,1.368729271313137,0.4176257625637117,7.233778511422285e-9,9.394814763158226e7,1.0274589873864621e8,0.9819693806960946,0.5478635968873307,2.0093865269399873,0.1217533891758442,37.14408399624237,-5098.100280193513,7.0,1.0,0.8434564199113679,-5098.100280193513,5103.105250405454,0.13452872693596873,0.23967347603684175,3.0,0.0,0.5592341991082216,0.5592341991082216
2528,1,0.05789759736751273,0.05931604035238377,0.009443380087637343,1.3532788560156073,0.429944646054331,7.213658779165434e-9,9.478049732448938e7,7.874418469116479e7,1.2046108478450042,0.531155516847566,2.1784985672433104,0.1280966391035111,42.82455371475465,-5096.928041512043,7.0,1.0,0.687424420629735,-5096.928041512043,5110.512996637623,0.07280905824427464,0.8327554583138408,3.0,0.0,0.5592341991082216,0.5592341991082216
2529,1,0.05799559302912546,0.05774435634662472,0.009420683256832256,1.3531809569156796,0.43477905723225035,7.144387885391489e-9,9.352692191199741e7,1.0021499707346138e8,0.941739791235815,0.501811933480063,2.0879892423092543,0.14117820270122056,39.25228754067319,-5098.180218785732,7.0,1.0,0.905332903244379,-5098.180218785732,5102.803266248538,0.06887213266418257,0.2090420161093789,3.0,0.0,0.5592341991082216,0.5592341991082216
2530,1,0.05812582264309631,0.05897469942314462,0.00944012591531549,1.358165225302873,0.4340722455996584,7.19172143485813e-9,9.152404934242465e7,8.642966607269986e7,1.0944885802458582,0.5715591902643368,2.1121735692457486,0.12113245559865371,45.27344188581587,-5096.512536993496,7.0,1.0,0.85963408600699,-5096.512536993496,5104.563076834545,-0.11093585060098121,0.34539605500958714,3.0,0.0,0.5592341991082216,0.5592341991082216
2531,1,0.057688829157048954,0.061638946161027885,0.009391594334136805,1.3559622935886968,0.425779000443947,7.136105761764422e-9,9.324633997989231e7,9.936646484687655e7,1.1422998221207403,0.5486936803894676,2.4999425454320416,0.11721192892141168,36.18891696768313,-5098.52612422357,7.0,1.0,0.9163311231047843,-5098.52612422357,5101.754039794488,0.18377223904917628,0.25243927580322634,3.0,0.0,0.5592341991082216,0.5592341991082216
2532,1,0.057753854891705744,0.059732694158698654,0.009455029516634347,1.3594225831426394,0.43393848829580345,7.240366083392047e-9,9.262989801204234e7,7.723870251607509e7,1.0892950123153513,0.5042921303218313,1.840112612050833,0.12414235823244628,42.022346156968695,-5098.879162902051,7.0,1.0,0.7261001773672843,-5098.879162902051,5106.064786885179,-0.05397711124169291,0.8140824573611098,3.0,0.0,0.5592341991082216,0.5592341991082216
2533,1,0.05775033804203894,0.060071443885472295,0.009461484766870795,1.3406262934198894,0.4208429701022952,7.1712973086601896e-9,8.989007462999572e7,9.982853393434967e7,0.9778589348362657,0.5196299885522169,2.4001889125261644,0.12706192248635434,41.0258671930178,-5097.3173448816715,7.0,1.0,0.5693366336619421,-5097.3173448816715,5106.392817663778,-0.030460299560218118,1.16635615443829,3.0,0.0,0.5592341991082216,0.5592341991082216
2534,1,0.05790854315789938,0.061405243600774775,0.009279348153808872,1.3485930614077624,0.4269695290274024,7.091592723319679e-9,1.0456701640515834e8,8.947921433650307e7,1.0622680091343901,0.5477664199140002,1.9820695141627382,0.11712242155445952,38.889340055771335,-5095.3879779006265,7.0,1.0,0.9046006909371205,-5095.3879779006265,5100.894602339577,-0.17761874197276484,0.28755986473697703,3.0,0.0,0.5592341991082216,0.5592341991082216
2535,1,0.057699621818648864,0.06455471063744313,0.009133173146301264,1.3350695567182198,0.4434978595947611,7.184274158885578e-9,9.598779021773869e7,8.989329269125897e7,1.1148971280965971,0.5371290865790715,2.0597423658522547,0.13938934142102222,40.79613406369744,-5097.290586270126,7.0,1.0,0.9330043847516686,-5097.290586270126,5100.431435886384,0.034736519120087905,0.17610854965278122,3.0,0.0,0.5592341991082216,0.5592341991082216
2536,1,0.0578799924990085,0.060215575476568736,0.009518986609239263,1.3529201353940097,0.42302116491230973,7.102893205905443e-9,9.38174891870947e7,8.891209666144095e7,0.9867386299499153,0.5645979761044495,2.1118811017542645,0.11190169654296594,37.99603001193819,-5096.160911654158,7.0,1.0,0.8255530377686426,-5096.160911654158,5103.275348847877,0.15015162623058131,0.38003690445020766,3.0,0.0,0.5592341991082216,0.5592341991082216
2537,1,0.05795958612786644,0.06498051329869563,0.009061243234707334,1.3202559051754308,0.444946526319938,7.101615563660069e-9,1.032955203568863e8,9.324104237154293e7,1.0504743198593671,0.579992198946618,2.167146499182549,0.1162480363488983,40.31465231770078,-5098.336444539901,7.0,1.0,0.9884147301440811,-5098.336444539901,5103.495755036557,-0.06170549786202173,-0.31704660669402074,3.0,0.0,0.5592341991082216,0.5592341991082216
2538,1,0.057963648029066034,0.05875619534259615,0.009582692201799133,1.3621670364849119,0.42115600644776136,7.203385413903781e-9,8.753482207017393e7,8.730706251774411e7,1.0587388959305182,0.4897609686976428,2.0975118231058953,0.13059077272610548,38.81127158772012,-5094.4954872997005,7.0,1.0,0.9232610326357156,-5094.4954872997005,5102.851171791835,-0.21596709468485642,-0.21596709468485642,3.0,0.0,0.5592341991082216,0.5592341991082216
2539,1,0.0581042131894278,0.058360469030166104,0.009522644224228764,1.3584354193509045,0.41926831654457825,7.1852046009801695e-9,8.928470798968737e7,8.898396759816277e7,1.0496269953943598,0.5193871117916501,2.0911463450755465,0.137161988999449,42.07098111683601,-5096.253666725188,7.0,1.0,0.6244501498118752,-5096.253666725188,5100.367345239587,0.6652087599140941,0.767073977542168,3.0,0.0,0.5592341991082216,0.5592341991082216
2540,1,0.05797096861432161,0.05834590542089011,0.009409516620244734,1.3206539262448058,0.43108975516265613,7.153725129888432e-9,8.830965579000701e7,8.314095287318037e7,1.0710465688408468,0.5675806910514571,2.1661536050279486,0.1352729123745438,36.83927564745743,-5097.184602356198,7.0,1.0,0.8847874854030986,-5097.184602356198,5101.741000348128,-0.45745544992223586,0.5020879802468698,3.0,0.0,0.5592341991082216,0.5592341991082216
2541,1,0.05778430067310294,0.06297916162079814,0.009399077130400505,1.3657526183540087,0.42433772230965844,7.1004889208316704e-9,9.746571865307072e7,9.001971234642144e7,1.149419380785882,0.5599393230418487,1.98549048188406,0.12603792082289916,41.66696114300078,-5095.872095893618,7.0,1.0,0.8704310095443561,-5095.872095893618,5101.24413132373,-0.4412211489307083,-0.4412211489307083,3.0,0.0,0.5592341991082216,0.5592341991082216
2542,1,0.05792753665854888,0.060213444171315765,0.009536536697769687,1.3395312199612233,0.4226307042478193,7.210948381934099e-9,9.678052253454088e7,8.355005195634848e7,1.1012223676388537,0.5560518275368609,2.195559350513004,0.12594782375745178,39.60615134455406,-5094.341059907227,7.0,1.0,0.6575156192575753,-5094.341059907227,5098.756496262397,0.29967011774442653,0.5945315454955562,3.0,0.0,0.5592341991082216,0.5592341991082216
2543,1,0.057747066591785134,0.061368408566679716,0.009247532793982802,1.3647705074099359,0.43202896596731655,7.149751627654362e-9,9.175483668354444e7,9.260005241680263e7,1.057749673974203,0.48331954190070575,2.1886083826314247,0.1165184688924632,38.25872052390489,-5095.020144150463,7.0,1.0,0.9153657951877638,-5095.020144150463,5097.066784558297,0.13136570590449992,0.16168496511727426,3.0,0.0,0.5592341991082216,0.5592341991082216
2544,1,0.05760054736902026,0.061925660230319896,0.009338571313963734,1.3530136776193058,0.4297276358786396,7.1472212625655415e-9,1.0571477451033525e8,9.539214238011289e7,1.0250843882407314,0.5752328195240004,2.2035308971101295,0.11262638567645884,39.73375748749083,-5095.972677512343,7.0,1.0,0.7473906388877519,-5095.972677512343,5100.183933190172,0.04443337676275405,0.5829713859975527,3.0,0.0,0.5592341991082216,0.5592341991082216
2545,1,0.057681644320942756,0.05869693030462633,0.009365538861898101,1.3620624378309099,0.4312447946952098,7.096094721021976e-9,1.039437631892613e8,8.825208821206857e7,1.1083719693265235,0.5753091827661636,2.259882051397433,0.1088980843686273,40.915461158096285,-5098.5698524546215,7.0,1.0,0.6856562936871248,-5098.5698524546215,5105.22163058629,0.35131407414064597,0.559950161589768,3.0,0.0,0.5592341991082216,0.5592341991082216
2546,1,0.05795537741611697,0.06157060920908719,0.009705240189203983,1.3646104660091007,0.4221000015887147,7.271425393280077e-9,9.221977365542778e7,8.778524682316947e7,1.0716517093290585,0.5272281333572311,1.9792808903373686,0.12853687586692233,40.222696630011974,-5096.187498450529,7.0,1.0,1.0,-5096.187498450529,5102.5398829215,-0.33319573426524585,-0.47561694849173364,3.0,0.0,0.5592341991082216,0.5592341991082216
2547,1,0.05786989315849048,0.05800115206350868,0.009421064087445075,1.3521536633790128,0.4266809893510868,7.170600126177997e-9,9.452593092587313e7,9.143197236247332e7,1.076745674413216,0.527507632791766,2.2212072084525802,0.1160559023589524,39.05398805991804,-5093.286423684789,7.0,1.0,0.9408143524121552,-5093.286423684789,5098.373801522998,-0.2311397384837619,-0.2311397384837619,3.0,0.0,0.5592341991082216,0.5592341991082216
2548,1,0.057843081302230995,0.06541771091534608,0.009171897191376677,1.3372444760707507,0.434403713898707,7.120994509675943e-9,1.0068129880418517e8,9.076497633309439e7,1.0316426016866476,0.529969282117021,1.9934983694051585,0.1290429530700927,39.78721144860936,-5094.475651938662,7.0,1.0,0.8881535152202581,-5094.475651938662,5098.730527555215,-0.12622866595484084,0.2671578085019064,3.0,0.0,0.5592341991082216,0.5592341991082216
2549,1,0.05770463420927188,0.06532035403679998,0.009156661538936735,1.3476422836978237,0.436569700087975,7.1257931130457035e-9,9.945390505457328e7,8.477012321337219e7,1.0447289350591604,0.4706267495340885,1.9692069418439184,0.13159216512590327,38.87646800610509,-5096.341550898653,7.0,1.0,0.9345565795227364,-5096.341550898653,5097.29493238443,-0.377674832019693,-0.377674832019693,3.0,0.0,0.5592341991082216,0.5592341991082216
2550,1,0.057946681565241985,0.062113518758858545,0.00928334622495975,1.3282775559859248,0.4308473360705622,7.0907117074898015e-9,9.004455033900599e7,9.77756912885488e7,1.072751409225033,0.6007988862158493,2.297222277394615,0.11133460903940728,41.45530044291605,-5097.636323883787,7.0,1.0,0.4586709375262175,-5097.636323883787,5103.329367134458,0.754000611867923,0.848854900542392,3.0,0.0,0.5592341991082216,0.5592341991082216
2551,1,0.057775504040180385,0.062104624069547774,0.009254749808662945,1.346246685607301,0.4351546613787006,7.1807161318375635e-9,9.830731489024141e7,8.260601896592683e7,1.0483557549970495,0.49007923215047783,2.1313132609562615,0.13311132212572693,37.20263522208958,-5095.244983855191,7.0,1.0,0.9075702482022691,-5095.244983855191,5103.272649576648,-0.19276308057487768,0.29430724659869156,3.0,0.0,0.5592341991082216,0.5592341991082216
2552,1,0.05795389334355896,0.0613881365586378,0.009182358389013424,1.349399435139145,0.43989531206932636,7.188619403810719e-9,9.688050881791885e7,8.1577163899021e7,1.0375542802590676,0.47243882071814003,2.133867138200663,0.13529608784252636,37.77511236589354,-5098.850123658415,3.0,1.0,0.6917520303652446,-5098.850123658415,5100.292031525668,0.7358529111552343,0.7358529111552343,2.0,0.0,0.5592341991082216,0.5592341991082216
2553,1,0.05803513236897301,0.06418005046428729,0.009152147640886291,1.3456788400124586,0.44255744476865266,7.1319384986301194e-9,9.699394138297328e7,9.814334002808923e7,1.0565523215460886,0.541673505450649,2.271307856183069,0.133079553341413,40.90081046994064,-5097.069979542057,7.0,1.0,0.8710739069631056,-5097.069979542057,5105.6227542377155,-0.5857903572332361,-0.5857903572332361,3.0,0.0,0.5592341991082216,0.5592341991082216
2554,1,0.058243806328199,0.06083473288573193,0.009113370007553887,1.3571403463733003,0.43756189707878784,7.1328962082014686e-9,9.550685163787535e7,8.814147037866281e7,1.1690836998409333,0.5467394907855999,2.1053629787106214,0.11924288414303934,42.53568995306761,-5100.036263015925,7.0,1.0,0.10947100424742098,-5100.036263015925,5112.798550819356,0.9326287996727842,6.012379267318465,3.0,0.0,0.5592341991082216,0.5592341991082216
2555,1,0.05789009351168937,0.057517250018181657,0.009678359614528693,1.347502746953188,0.40973287637557676,7.270699148530809e-9,8.988592625764455e7,9.169325190618175e7,0.985109514046187,0.51052141079775,2.0738013300813964,0.13585854771374262,38.066242928395326,-5100.542747373141,7.0,1.0,1.0,-5100.542747373141,5106.223044580252,-0.6132013376618488,-1.267556181745931,3.0,0.0,0.5592341991082216,0.5592341991082216
2556,1,0.057857955722405506,0.06085041217216665,0.009259419145495593,1.375809143337918,0.43333548188855947,7.195718014902893e-9,9.955115365845692e7,8.66984522245546e7,1.1775176486915586,0.5456312228481028,2.1131297898563135,0.11274375866565883,41.52408893430357,-5097.926358331669,7.0,1.0,1.0,-5097.926358331669,5102.543436058656,-0.3552604818742111,-0.8944625735030058,3.0,0.0,0.5592341991082216,0.5592341991082216
2557,1,0.0578705617427879,0.06278045295316613,0.009601856851492143,1.360561500786888,0.4243076002297333,7.144630260334495e-9,9.798854864362097e7,8.596612901930021e7,1.203498618683943,0.5156925511244431,2.191830371873062,0.11417674897482466,40.27367078720049,-5097.429891748985,7.0,1.0,0.9925324554716791,-5097.429891748985,5101.298426802174,0.05368859419559158,-0.5508230887789978,3.0,0.0,0.5592341991082216,0.5592341991082216
2558,1,0.057892046637516896,0.056420762423736184,0.00961282212418919,1.3545321916835178,0.42189494958084783,7.2364885204224975e-9,1.0349538083052361e8,8.774645716307727e7,0.9963580250137324,0.49030600987270634,2.205656871226584,0.1304536410942623,38.57815025670288,-5096.407341442149,7.0,1.0,1.0,-5096.407341442149,5100.472000688137,-0.6091611298379576,-0.6883164446153387,3.0,0.0,0.5592341991082216,0.5592341991082216
2559,1,0.05786836417358356,0.06475494829552574,0.009283052690450603,1.362697438643525,0.43010654216884564,7.13197905253357e-9,8.235680434807576e7,9.173132545153172e7,1.148686467445952,0.5490474957047888,2.258693265281025,0.11203825222504946,39.44022460483027,-5097.8892275391345,7.0,1.0,0.9180495266544748,-5097.8892275391345,5100.715348109082,0.137332834485278,0.22755467622573633,3.0,0.0,0.5592341991082216,0.5592341991082216
2560,1,0.05765601225713406,0.06344687105381554,0.009045707865912845,1.307605607180202,0.44199460741789154,7.142263614888831e-9,1.1497965304723853e8,9.268704444905354e7,1.0031267453486408,0.548052609191589,2.158131683633735,0.14237813919807232,40.44054762069056,-5102.526884511139,7.0,1.0,0.8974066656799339,-5102.526884511139,5105.671295192951,0.2330559251258819,0.23642551764260133,3.0,0.0,0.5592341991082216,0.5592341991082216
2561,1,0.057991366681468086,0.06539749825435656,0.009110335894176286,1.3608889278994003,0.4340778179208967,7.092618635159425e-9,8.293609775819378e7,9.177895094612531e7,1.008518754309682,0.5067967918224922,2.0106378986552564,0.10788418686024764,39.62986751293693,-5100.595117310815,7.0,1.0,0.7272093560641382,-5100.595117310815,5109.463115439216,0.19779995098451764,0.7223158052838698,3.0,0.0,0.5592341991082216,0.5592341991082216
2562,1,0.057515165568895264,0.0705563191378535,0.009200035719898973,1.3388684713862586,0.4422543350684958,7.1792184839342e-9,1.1428305016167973e8,8.405120377040483e7,0.9490453294391066,0.4809513487976456,2.2129851728522123,0.1196889097534765,38.2377057760463,-5106.796464179573,7.0,1.0,0.5216284471841701,-5106.796464179573,5115.476485701172,0.9585970445286875,0.9748124228171946,3.0,0.0,0.5592341991082216,0.5592341991082216
2563,1,0.05758619374993249,0.06550365654474662,0.008990247888915125,1.3435499472779076,0.4375543050044014,7.10322322768848e-9,8.403857437715948e7,8.416009645952205e7,1.093496924097872,0.5804713015691608,2.139593592059651,0.12055047475544584,38.16048464049442,-5099.563323350121,7.0,1.0,1.0,-5099.563323350121,5110.571682867616,-1.2573455920455672,-1.2573455920455672,3.0,0.0,0.5592341991082216,0.5592341991082216
2564,1,0.05752254482077913,0.06507814187783101,0.009348554555395537,1.3559830329858855,0.428268895821454,7.209230685531984e-9,1.0679194534528592e8,9.894990896713394e7,1.0040361591938434,0.5014551605969481,2.015550504122656,0.13277091090547244,40.06463988938485,-5097.922182974199,7.0,1.0,0.9566223035894807,-5097.922182974199,5104.920608536504,-0.21337776122163632,-0.21337776122163632,3.0,0.0,0.5592341991082216,0.5592341991082216
2565,1,0.058051072959326475,0.056618657842276765,0.009598154812114321,1.3391567515692833,0.4258952285858612,7.146853963337219e-9,8.844243439001054e7,7.977366969155014e7,1.1066405064666747,0.6230500785222808,2.0507217655564975,0.12708164784475556,41.3170876471744,-5099.317575811084,7.0,1.0,0.8319604155301882,-5099.317575811084,5104.590795697753,0.2189944700567139,0.2797936811139152,3.0,0.0,0.5592341991082216,0.5592341991082216
2566,1,0.057686663539515425,0.06129046361936703,0.009605512496763537,1.3691254815937552,0.4218336880100369,7.263604437858453e-9,9.286899383103798e7,1.0127737080940495e8,1.0850253784357464,0.46325011603635347,2.234554743283446,0.12201142344579466,41.79652753576236,-5098.357270390095,7.0,1.0,0.988211646860911,-5098.357270390095,5102.735633498102,-0.18923699420884077,-0.31367405128276005,3.0,0.0,0.5592341991082216,0.5592341991082216
2567,1,0.058064364642868786,0.06059886713752155,0.009366488738023222,1.3389671179979672,0.43163660106052026,7.123740202565163e-9,9.505825532174006e7,7.965855572163488e7,1.0359662442941695,0.6103124768062396,1.960151686645124,0.12481160104173923,37.08281482226423,-5097.27756354348,7.0,1.0,0.9880728802419977,-5097.27756354348,5100.841860872245,-0.14673257379672577,-0.47754462462762604,3.0,0.0,0.5592341991082216,0.5592341991082216
2568,1,0.05761057416773156,0.06135191130918902,0.009471533985895158,1.3562529163646906,0.4273790743986604,7.184118094093802e-9,9.172285587712291e7,1.0160722543195865e8,1.0652500397814992,0.46284896884284255,2.256754791316821,0.11953459011132528,42.10569860848367,-5097.534616718942,7.0,1.0,0.9058889733438562,-5097.534616718942,5101.411285457964,0.2059794273118314,0.29752019304578425,3.0,0.0,0.5592341991082216,0.5592341991082216
2569,1,0.057615817782168705,0.05636111709751559,0.009512066199281098,1.3328406991814092,0.4326648972958671,7.2334800069614264e-9,9.242164588964513e7,8.913240240007374e7,1.161919020168548,0.5589007505221547,2.212571433120045,0.11460838192789975,38.59015194973459,-5097.7069590333285,7.0,1.0,0.9029031326800429,-5097.7069590333285,5102.636104047359,-0.009484194749347807,0.27276124797390366,3.0,0.0,0.5592341991082216,0.5592341991082216
2570,1,0.05775192392703565,0.05704095302796345,0.00940908303269027,1.3379340906556938,0.429680148425432,7.194710206602276e-9,9.801600114466587e7,9.466811204543892e7,1.0587339331457173,0.5698089928567345,2.403082449208076,0.11720582309350296,38.10789581053402,-5096.294667850637,7.0,1.0,0.342184476653918,-5096.294667850637,5104.278703249463,-0.19408789470617194,3.1346318895630247,3.0,0.0,0.5592341991082216,0.5592341991082216
2571,1,0.05792544950461941,0.062192832776006964,0.009419691452914592,1.3514282169937015,0.4283745455378529,7.165981061156428e-9,1.0277954560347407e8,8.981098612941231e7,1.0282108415583453,0.4464063409389612,2.205845530454213,0.11491328690640373,37.66738159896604,-5097.1094387413295,7.0,1.0,0.9781840461172687,-5097.1094387413295,5100.710490478798,0.07048614060931868,-0.16420226235823066,3.0,0.0,0.5592341991082216,0.5592341991082216
2572,1,0.057718786036209106,0.06630152054972886,0.009180350710385459,1.3355537606517063,0.43411763380695256,7.10538966856015e-9,1.0227024114349975e8,7.937006378105791e7,1.0967695445613181,0.5972460454050413,2.2642230150080596,0.11545419414920059,37.66634033088683,-5098.907211950661,7.0,1.0,0.8894297753952293,-5098.907211950661,5104.400715832484,0.15328204472461948,0.21730082296926412,3.0,0.0,0.5592341991082216,0.5592341991082216
2573,1,0.05765009847431081,0.06104877816759874,0.009407980435773584,1.3518292233245106,0.43207101915667806,7.196070340020999e-9,9.75855037861368e7,9.426245902845676e7,0.988146165282618,0.5027665087717393,1.9035758149230655,0.12630651875899523,39.57157449422145,-5095.097932103966,7.0,1.0,0.9095076102108772,-5095.097932103966,5103.854942579447,-0.18725248695227492,0.3050898693081763,3.0,0.0,0.5592341991082216,0.5592341991082216
2574,1,0.058235015379225194,0.05833944654915162,0.009482258437961012,1.361842049156959,0.42664596801128246,7.1783108841265964e-9,9.359488385569793e7,8.242155587148061e7,1.1262232586167378,0.5839668688680458,2.401950323104283,0.1242840237553139,39.106539435302814,-5098.162147103566,7.0,1.0,0.8229202349101057,-5098.162147103566,5102.167618811004,0.41778513673307316,0.41778513673307316,3.0,0.0,0.5592341991082216,0.5592341991082216
2575,1,0.05757646089045259,0.06104342819562857,0.009389760030719556,1.3452092163125644,0.42290675963597685,7.203038625063116e-9,9.413069513073397e7,9.229015614717293e7,0.9865476382074283,0.5616717454605499,1.9408751246673448,0.11462129260345874,43.17343214486144,-5096.848669583417,7.0,1.0,0.9763089907360608,-5096.848669583417,5103.363588239463,-0.24375645064264972,-0.31924867223096953,3.0,0.0,0.5592341991082216,0.5592341991082216
2576,1,0.05817853071298686,0.060088733039624476,0.009326898521672945,1.3583600439239836,0.4324173592110284,7.121517993976629e-9,9.617099990231402e7,8.712455971145244e7,1.1274746334987635,0.5106313020550918,2.180626075810299,0.13681097463339675,36.25899419672107,-5096.558392598169,7.0,1.0,0.9493102660695849,-5096.558392598169,5102.521325571512,0.06510566505312454,0.12849996410295716,3.0,0.0,0.5592341991082216,0.5592341991082216
2577,1,0.05803693968619519,0.06008020695379037,0.009344615180143682,1.3551460794637202,0.42461932189869983,7.108991547029932e-9,9.297690404547314e7,8.726658190485476e7,1.010766992441136,0.5210620649420984,2.240779765514288,0.13488456146711958,36.001192111664764,-5096.303703466559,7.0,1.0,0.842158085992434,-5096.303703466559,5103.334963507043,0.043445462368254084,0.46096787322039745,3.0,0.0,0.5592341991082216,0.5592341991082216
2578,1,0.05753825564237307,0.05929893396009017,0.009255059948064515,1.3622132736681616,0.4340306718554424,7.159456758454249e-9,9.450185336575137e7,9.28991631480304e7,1.1162662919108985,0.5256312452636634,1.9759843531351937,0.12308685886041301,40.86977420270791,-5095.506778578487,7.0,1.0,0.7525032184650436,-5095.506778578487,5101.063042499157,0.00032899661437113537,0.5422764778004421,3.0,0.0,0.5592341991082216,0.5592341991082216
2579,1,0.05769854541617954,0.061803349796460925,0.009547519800812351,1.3472758907311022,0.42503368754675136,7.260569383785229e-9,1.0704686493925005e8,9.062416408460557e7,0.9615915074684533,0.5497259267195541,1.9843916862478168,0.12242632781469563,39.40958630034272,-5097.273712636007,7.0,1.0,0.8602178552051957,-5097.273712636007,5102.950308362439,0.11767062009403162,0.4896905774703555,3.0,0.0,0.5592341991082216,0.5592341991082216
2580,1,0.0579548653359279,0.05509097008204005,0.009759539552990998,1.361481353902089,0.4200941438498461,7.172490489591162e-9,8.792796503691013e7,8.532042727029547e7,1.1704732959641255,0.48367307074270216,2.1660429317447414,0.1294176105411536,41.620556227711845,-5098.219699942955,7.0,1.0,0.9686735550248831,-5098.219699942955,5102.789799499473,0.05088662316939008,-0.11639971117710957,3.0,0.0,0.5592341991082216,0.5592341991082216
2581,1,0.057880044581171367,0.05431652980179459,0.009767903912110278,1.38110836570162,0.4191941787728175,7.192592163737905e-9,9.26277131039095e7,8.337554513292383e7,1.1063824531334214,0.4909897626164082,2.0560247857889253,0.12956268737502716,43.728110249948074,-5099.020909636154,7.0,1.0,0.9566897066437281,-5099.020909636154,5105.124320388176,-0.039807021908018214,-0.2370539952416948,3.0,0.0,0.5592341991082216,0.5592341991082216
2582,1,0.05753887059321649,0.06614258243043374,0.009014057746622919,1.338156241216281,0.44015637470134766,7.090637277254176e-9,8.749978187650621e7,8.978191512515016e7,1.0653592032205823,0.5322494054223942,2.263222203688466,0.12095712136007822,35.55180724681561,-5098.8524334882795,7.0,1.0,0.9509128333373963,-5098.8524334882795,5104.1173308080015,0.05083152009956393,-0.17584229716521804,3.0,0.0,0.5592341991082216,0.5592341991082216
2583,1,0.05758854824295376,0.06385717391389077,0.009079004659994647,1.3451194191076727,0.4376644093606896,7.055230306832087e-9,9.077881153232194e7,9.371281396286221e7,1.0858602315201906,0.5172687568421184,2.2021753905653636,0.11684036583139254,35.690373591155144,-5098.810508905535,7.0,1.0,0.8838507836076592,-5098.810508905535,5103.524823411922,0.3426750299822743,0.3426750299822743,3.0,0.0,0.5592341991082216,0.5592341991082216
2584,1,0.05804020948967371,0.06140058053925173,0.009433994067545248,1.3363960293632935,0.42779872908955685,7.2136357886865166e-9,1.0024511175258483e8,8.559227833018455e7,1.0736432289379543,0.543399993491049,2.1153512779070636,0.12741647541453502,43.345283046243054,-5095.342476297693,7.0,1.0,0.9686984588361235,-5095.342476297693,5102.4214593729075,-0.3114851321461174,-0.3256061965066692,3.0,0.0,0.5592341991082216,0.5592341991082216
2585,1,0.058380555037815765,0.06283052900912783,0.009548971039073768,1.3386058391707338,0.42263507112166754,7.065086613950997e-9,9.360731877990453e7,8.553673495203356e7,1.0926348563439348,0.4886684061771593,2.0185854567162695,0.12570721390703848,47.61570739968906,-5101.524648542187,7.0,1.0,0.8167134770007535,-5101.524648542187,5104.775571673942,0.42886257992904575,0.42886257992904575,3.0,0.0,0.5592341991082216,0.5592341991082216
2586,1,0.05750362064254642,0.056971097347058484,0.009627427599565856,1.3700731620919742,0.4312922160258123,7.283970926535355e-9,9.323455290537372e7,9.709089742978106e7,1.0360000217023215,0.5733609691109645,2.116145621610005,0.12282330086755738,33.947841287785195,-5100.753504171637,7.0,1.0,0.96320424969186,-5100.753504171637,5105.255621897981,0.09504038696195494,-0.5157989792896842,3.0,0.0,0.5592341991082216,0.5592341991082216
2587,1,0.05835985838833734,0.06200268095795903,0.009249785753061842,1.3365580462511069,0.4326240067061833,7.0671787285897546e-9,9.872670929869185e7,8.226435003622454e7,1.0715224706540714,0.5106899044269322,2.109903309750666,0.12620192726158894,46.046991617044085,-5099.390764003127,7.0,1.0,1.0,-5099.390764003127,5104.243087393372,-0.2723972146422966,-0.6588516539768534,3.0,0.0,0.5592341991082216,0.5592341991082216
2588,1,0.05753111933423623,0.06345523915945007,0.00916612447030708,1.3254858288911675,0.43687854220410155,7.141775191837683e-9,9.85086115776439e7,9.553828096095973e7,0.9943939088183874,0.5521206795401946,2.266978283284572,0.11727661641966079,37.362107685196,-5096.496832720853,7.0,1.0,0.5718551718349042,-5096.496832720853,5107.754047814203,-0.5567294396732905,1.8749035688169897,3.0,0.0,0.5592341991082216,0.5592341991082216
2589,1,0.05813031650477255,0.05768314911135791,0.009575855002324624,1.3704670550120175,0.42121846676677843,7.172937222170851e-9,8.992208704632583e7,8.204408473403858e7,1.1044907379447755,0.503714780871104,1.97866619129784,0.12761191439426403,41.51632724616649,-5096.70985125315,7.0,1.0,0.8363555732572822,-5096.70985125315,5101.88449354628,0.22693304274162074,0.26015670550623327,3.0,0.0,0.5592341991082216,0.5592341991082216
2590,1,0.058187949310616965,0.056680139109441356,0.00947554783590264,1.337118893888597,0.43071663254720116,7.162153184278381e-9,1.0727405229982589e8,8.386897012310278e7,1.0150196090632175,0.5865937481938026,2.3856265882073644,0.12474324993736988,39.517238532430014,-5099.764604050557,7.0,1.0,0.42001806393307867,-5099.764604050557,5109.760723521692,0.11645245880117727,1.5477496237090236,3.0,0.0,0.5592341991082216,0.5592341991082216
2591,1,0.05764583290561003,0.062348921389998584,0.009396180049076875,1.3627073696262393,0.4237256001974321,7.19377686006128e-9,8.498334109628855e7,1.0200293926909737e8,1.1137687938471086,0.5087535001754115,2.117571829156117,0.12711762782231634,36.80378143857649,-5097.530360441899,7.0,1.0,0.9978184905970079,-5097.530360441899,5103.149827963851,-0.1747856158626746,-0.3432468228138532,3.0,0.0,0.5592341991082216,0.5592341991082216
2592,1,0.05800042140668997,0.06192175594242318,0.00928505664537805,1.3328178008058253,0.434588768462448,7.097087495394505e-9,1.0793562647944139e8,8.623493727155967e7,1.0483723209743132,0.5485471031157756,2.1140044140107785,0.11540308865338196,42.742371980364105,-5096.239612842762,7.0,1.0,0.6965675829679279,-5096.239612842762,5104.672997501476,-0.1893589391011119,0.5157168818423088,3.0,0.0,0.5592341991082216,0.5592341991082216
2593,1,0.057543467022799916,0.0621228267540857,0.009415675756916556,1.3568217953254122,0.4290220555518614,7.199836740223209e-9,8.560907662808323e7,9.491356680375539e7,1.061308424268042,0.5110596503494035,2.260169278060789,0.1301723449195602,36.45675549159027,-5096.264905661832,7.0,1.0,0.9734603804633623,-5096.264905661832,5099.542827078122,0.060809839102148544,0.08126178264774353,3.0,0.0,0.5592341991082216,0.5592341991082216
2594,1,0.0579999230819988,0.058901786137125114,0.00937484455692205,1.3238964232883288,0.4241891152815511,7.1555779179017485e-9,1.0054094999816652e8,7.474516331068812e7,1.0486341831486106,0.5381396878587174,2.158657419479493,0.13713878287190076,42.393659359378496,-5101.128051072309,7.0,1.0,0.5886857836642193,-5101.128051072309,5108.116107149477,0.9541636381645731,1.2899240004426247,3.0,0.0,0.5592341991082216,0.5592341991082216
2595,1,0.0578450854854617,0.0667864001447459,0.009205153482945382,1.3709121127034316,0.4341479610278967,7.121070569626948e-9,9.110865999905339e7,1.0410926736358549e8,1.016668157807669,0.4969958254484358,1.897140744647257,0.11713229180386893,39.30445373540887,-5100.357083989232,7.0,1.0,1.0,-5100.357083989232,5107.227225738376,-0.3844115626743587,-0.44121401134270855,3.0,0.0,0.5592341991082216,0.5592341991082216
2596,1,0.05787339916139244,0.06138639580367624,0.009283736729370579,1.3245150991344283,0.42792249299201185,7.180610309121003e-9,1.0454485628153495e8,8.56825837120964e7,1.0652871538334472,0.5367154660835124,2.007600980934974,0.11722530470473541,41.810726148619004,-5096.433510480206,7.0,1.0,0.9191405807698949,-5096.433510480206,5103.166060487761,-0.10151907346244116,0.37770117752006627,3.0,0.0,0.5592341991082216,0.5592341991082216
2597,1,0.05790268245271788,0.06107965667857249,0.009597199414546474,1.355029185930503,0.4264478865862616,7.208612219628184e-9,8.99816858408583e7,9.364368349237962e7,1.0649309879037867,0.5201342737706905,2.3016394416168735,0.12865748958201353,37.1651909932524,-5094.789672240715,7.0,1.0,0.9962562541303956,-5094.789672240715,5101.281218620211,-0.2914137221323472,-0.5348815347533673,3.0,0.0,0.5592341991082216,0.5592341991082216
2598,1,0.05787984093713432,0.058651386603056466,0.009523021953598557,1.3535324424519324,0.42709007384906744,7.153566355056992e-9,9.05740203522712e7,8.583463348807847e7,1.0731083755182782,0.5598637428384338,1.834860590581425,0.12383925407217251,41.32229769452845,-5095.658224739453,7.0,1.0,0.9108840505518617,-5095.658224739453,5098.841342987268,-0.08222272470720782,-0.47155109362483927,3.0,0.0,0.5592341991082216,0.5592341991082216
2599,1,0.057629951092595444,0.06041174932271327,0.00928333145043177,1.348279748574582,0.4277128003991886,7.192246312002483e-9,9.380983443167777e7,9.064763404552574e7,1.0822069268297922,0.5418431258468139,2.467578385581934,0.1199066593143149,38.42250368518302,-5096.106197723181,7.0,1.0,0.8431720425288941,-5096.106197723181,5097.842980130696,0.310893015255715,0.3417285208070098,3.0,0.0,0.5592341991082216,0.5592341991082216
2600,1,0.05768180202661198,0.062203439114889125,0.009264711988001845,1.3430345419410423,0.4291026780733231,7.173676908601835e-9,8.745306085903029e7,9.290770109845582e7,1.1262026482775902,0.5621571280075721,2.287451508684422,0.11546373147579746,38.094952579804804,-5095.7170509982,7.0,1.0,0.9502804060482344,-5095.7170509982,5102.123375516208,-0.16400685607914056,0.351029944493348,3.0,0.0,0.5592341991082216,0.5592341991082216
2601,1,0.057787090435239566,0.06056187060195331,0.009489060234031732,1.3805937509843615,0.42067776603116985,7.261119257125915e-9,9.82569406799854e7,8.70496584752744e7,0.9987274530946478,0.4834788704652814,2.1482434170563875,0.12568559002242785,40.41531585841089,-5097.8416759391175,7.0,1.0,0.3607201051049322,-5097.8416759391175,5104.421305237845,0.5595708413156899,1.8545754739852782,3.0,0.0,0.5592341991082216,0.5592341991082216
2602,1,0.05780778407697594,0.06178898489289919,0.0090471107431589,1.3342686928505925,0.4376371392100784,7.134964196666424e-9,8.600157750719771e7,9.093347601525873e7,1.2397206104172407,0.595265620982194,2.3928663148613105,0.13264655405467302,40.21839969913122,-5102.408320750062,7.0,1.0,0.9308306684374781,-5102.408320750062,5107.481309799543,0.2658826237102403,-0.6920404197226162,3.0,0.0,0.5592341991082216,0.5592341991082216
2603,1,0.0578392658378659,0.06168294627195153,0.009330213339780631,1.34694328684037,0.4292155686618633,7.205780670463341e-9,1.020620538253863e8,8.587432630198947e7,0.975016070636913,0.5444543652704783,1.956777148791389,0.11793762747735947,36.71297923291484,-5095.865746950928,7.0,1.0,0.9008778370316384,-5095.865746950928,5107.567533804403,-0.8173703528700571,-0.8173703528700571,3.0,0.0,0.5592341991082216,0.5592341991082216
2604,1,0.05790646639949379,0.06273723076550881,0.00954539322211357,1.3100762967132962,0.4278999708445651,7.195630701287323e-9,8.980797170022307e7,9.008222210221417e7,0.9665454251993707,0.5942754544380559,2.1965341724279046,0.12322841677146301,40.43310029850256,-5099.76139308539,7.0,1.0,0.5865639920780027,-5099.76139308539,5105.417200838866,0.5568174467198332,0.7643727083341219,3.0,0.0,0.5592341991082216,0.5592341991082216
2605,1,0.05762292848952416,0.06456286462671457,0.009324277612932468,1.357133669929398,0.4264230133106568,7.240894015713211e-9,9.030293245891997e7,1.0078517064932282e8,0.9332002995137131,0.641286715670422,2.0524066646133328,0.13037435725518426,42.688502094383914,-5102.706326411712,7.0,1.0,0.986809484385997,-5102.706326411712,5109.089061600512,-0.013215670143836178,-0.7732985321817978,3.0,0.0,0.5592341991082216,0.5592341991082216
2606,1,0.057935533715762835,0.059522562551345505,0.009386341985725091,1.3469111239225247,0.4340107043355127,7.1014973290477e-9,9.075268882203299e7,8.697851000670005e7,1.0962444535225073,0.5245281616280233,2.1075222504221154,0.12762580839389476,37.04049585986751,-5094.748454727122,7.0,1.0,1.0,-5094.748454727122,5103.4658885394565,-0.6943669979891638,-0.7702779389219359,2.0,0.0,0.5592341991082216,0.5592341991082216
2607,1,0.057754167536751534,0.06365798007613721,0.009551037723041573,1.339690920761102,0.42325484103999106,7.215402795824489e-9,9.511004781936853e7,9.119378837010336e7,1.0389677405057343,0.5340730226274165,2.0012188793569106,0.1175992039250007,42.4004964057364,-5095.633227990227,7.0,1.0,0.8512218857614162,-5095.633227990227,5099.4143006759705,-0.04692639686163602,0.5548539772998993,3.0,0.0,0.5592341991082216,0.5592341991082216
2608,1,0.05761020629415329,0.06093943427009703,0.009076519666088401,1.3606190164079675,0.43803224873075786,7.111790324251197e-9,1.0264420955942407e8,9.777460282982972e7,1.1746021943678666,0.5320502162114474,2.148338237483068,0.12619111589109308,39.03277000159536,-5098.496940563986,7.0,1.0,0.6416443328308655,-5098.496940563986,5106.07778917558,0.3480170438906498,0.6947126749319068,3.0,0.0,0.5592341991082216,0.5592341991082216
2609,1,0.05813002333738828,0.06516003459075038,0.009045647320727285,1.3371667089745665,0.43387802165775013,7.061017266086747e-9,1.0205679767355388e8,8.739686805131184e7,1.0340572248357307,0.5057134924691424,2.49919849758532,0.11538661862445503,41.525030562079834,-5100.945643262402,7.0,1.0,0.5285951115289229,-5100.945643262402,5107.374419464573,0.5101962094822738,1.5175447217961846,3.0,0.0,0.5592341991082216,0.5592341991082216
2610,1,0.05793335217564819,0.06420306872878438,0.00910726789461392,1.3255797495350916,0.4373288073888243,7.114633817845952e-9,8.850665617652464e7,1.0064448988973832e8,1.1293917551667223,0.5275653148118743,1.870429462364744,0.129415343333045,40.96959686843599,-5098.745472714276,7.0,1.0,0.9894305955570993,-5098.745472714276,5105.130192998423,-0.6379505277554927,-0.8313004347110109,3.0,0.0,0.5592341991082216,0.5592341991082216
2611,1,0.057966674111617204,0.066473910349643,0.009097967163820067,1.316171007192493,0.4355592091344325,7.025982793269755e-9,9.273255624624172e7,8.730204722824055e7,1.1402778971462315,0.4892101971249837,2.2046070035624106,0.1275443188245928,42.126276001680914,-5098.975976672245,7.0,1.0,0.9534745341141735,-5098.975976672245,5104.63099119059,-0.07087924708594073,0.12003929261118174,3.0,0.0,0.5592341991082216,0.5592341991082216
2612,1,0.057819220764542024,0.0672396803272883,0.00906463062640385,1.273098452145806,0.4385978932520202,7.116322727507344e-9,9.071982778663516e7,9.431255685592902e7,1.2478837039843562,0.5307165707227184,2.2030176870543148,0.14175790854379766,39.050298913020455,-5108.171170485936,3.0,1.0,0.4504646039411387,-5108.171170485936,5111.739981049037,0.6346289978400819,1.0614742652887799,2.0,0.0,0.5592341991082216,0.5592341991082216
2613,1,0.05799768417159003,0.06341755428589986,0.00931583755832487,1.3583417452009383,0.4363686790106329,7.112074920577581e-9,9.1012899346021e7,1.0194024817331156e8,1.039344114308134,0.5816315694848524,2.3259286856977788,0.12034119388913529,39.758728250978,-5097.3650240052175,7.0,1.0,0.9886883274351234,-5097.3650240052175,5111.491891979223,-0.5187887041702197,-0.6033706099224219,3.0,0.0,0.5592341991082216,0.5592341991082216
2614,1,0.0576260692451244,0.06255673765630364,0.009313859836847755,1.3356852509969204,0.4328540779620252,7.152322280385214e-9,9.939479003099045e7,8.093296341108207e7,1.0086213636405403,0.5565205274580435,2.2910290811071956,0.12096028150133635,37.38658159948513,-5095.68928642976,7.0,1.0,0.980303107063979,-5095.68928642976,5101.790791398436,-0.1837727578731574,-0.24805920983726537,3.0,0.0,0.5592341991082216,0.5592341991082216
2615,1,0.05797285212638811,0.06013799480809456,0.009598065184424187,1.365941432207776,0.42724259866830255,7.2125509611152765e-9,9.213365157444912e7,9.839486722667761e7,1.1101234015901595,0.5030875441698026,1.9544737345340417,0.1278041108254754,41.531325203143105,-5095.618002374099,7.0,1.0,1.0,-5095.618002374099,5097.939710464385,-0.06455958165315678,-0.2618116171688598,3.0,0.0,0.5592341991082216,0.5592341991082216
2616,1,0.05763453721123118,0.05719521361405984,0.009286100613850577,1.3369917110466178,0.42765924187868076,7.235703693456564e-9,9.70352871236279e7,8.98243013450292e7,0.9274649208498256,0.5065460870766938,1.9719060363650833,0.13107326742291406,38.75196017172375,-5100.23286527753,7.0,1.0,0.619042230569905,-5100.23286527753,5103.605029101087,1.2339377827174758,1.2339377827174758,3.0,0.0,0.5592341991082216,0.5592341991082216
2617,1,0.05808643167516061,0.06396511322125074,0.009567766094763112,1.3625210280950677,0.4329695043349692,7.127604611540527e-9,9.052290061088312e7,9.100572425388823e7,1.22573285296903,0.5946363159625158,2.298488936960584,0.11658040762827232,39.60234417182314,-5101.694678620333,7.0,1.0,0.8484253316366958,-5101.694678620333,5105.438470402634,0.391699466056707,-0.9975464189355989,3.0,0.0,0.5592341991082216,0.5592341991082216
2618,1,0.057613412103446615,0.059677405365443144,0.009385123129583041,1.3495847886528136,0.4261176697724815,7.26658979001805e-9,9.234738752371407e7,8.376760266821402e7,0.9218379955574661,0.5468031644039479,1.9836551265195452,0.1309977684977823,38.85777235755564,-5098.513011774603,7.0,1.0,0.8162166762854676,-5098.513011774603,5105.958804492606,-0.9583105605524906,-1.2724003001258097,3.0,0.0,0.5592341991082216,0.5592341991082216
2619,1,0.05757524906823183,0.059378692391081594,0.009414199800127001,1.3650515531069143,0.42922017656903094,7.188985128061652e-9,9.636216361222824e7,8.318157976900612e7,0.9938316803206577,0.5331124728520279,1.9733032631492669,0.12470114474414988,39.430048553015986,-5094.642882487645,7.0,1.0,0.9551298871012088,-5094.642882487645,5102.7721585880445,-0.7590337657820783,-0.7590337657820783,3.0,0.0,0.5592341991082216,0.5592341991082216
2620,1,0.058293117126353586,0.056260330388709597,0.010001366370789615,1.3448946355269566,0.4097048758407066,7.256667094361147e-9,9.614834994339372e7,9.157290503091878e7,1.1129012147490465,0.5386378647733375,2.3095403196335904,0.12157548776658351,42.71426785701993,-5102.284886234035,7.0,1.0,0.693273450305477,-5102.284886234035,5106.139551310082,0.44341490136957873,0.5445923551287706,3.0,0.0,0.5592341991082216,0.5592341991082216
2621,1,0.0572722770813973,0.06262056478100243,0.009169059646050633,1.3757198378111948,0.4427745290743795,7.164329841713711e-9,9.305370701711963e7,8.801933904561743e7,1.0424095329808634,0.5194119309478558,2.0355270145096642,0.12187381785656085,36.570771656959565,-5100.906489786958,15.0,1.0,0.8479072458336776,-5100.906489786958,5108.980109851984,0.3988548731058472,0.3988548731058472,3.0,0.0,0.5592341991082216,0.5592341991082216
2622,1,0.058124804751766734,0.06165948929768221,0.009449336416142026,1.3122995810052824,0.42224759007066953,7.077148233473548e-9,1.0458033693096617e8,9.11397266767296e7,1.059691938443315,0.5470299366721492,2.1722538924355046,0.1286189199559683,42.80100305093568,-5099.1972653699495,7.0,1.0,0.9922676120392584,-5099.1972653699495,5107.3504164702435,-0.39073693847058166,-0.5057037853403017,3.0,0.0,0.5592341991082216,0.5592341991082216
2623,1,0.05754464736929923,0.06370025340061596,0.00932277898710621,1.376967380680694,0.43337890688420505,7.224722170827204e-9,8.745261886412536e7,8.813673654675011e7,1.0426355017278761,0.500985054868801,2.1182014662697615,0.12170673290112238,36.82544785580235,-5097.129226877574,7.0,1.0,0.9808144891408215,-5097.129226877574,5103.135911193679,-0.2483882325632294,-0.2483882325632294,3.0,0.0,0.5592341991082216,0.5592341991082216
2624,1,0.058009178304009285,0.061587243762664,0.00939868010098455,1.3053198731514872,0.4270397843795589,7.0969756499764314e-9,9.611524778022303e7,9.663116316176294e7,1.0291814541876798,0.5710791933608894,2.134053422736319,0.12526667649544176,43.33440562268886,-5098.702480472044,7.0,1.0,0.4998934782027114,-5098.702480472044,5104.516606068223,0.4115150955740319,1.322672706852245,3.0,0.0,0.5592341991082216,0.5592341991082216
2625,1,0.05801962343138827,0.06329111020162996,0.009334257085390329,1.3171530694557527,0.42881881116862863,7.112180197016899e-9,9.183628759431547e7,1.0003983803660889e8,1.0640531178181227,0.560076774216462,2.1634642699766586,0.11773623500644496,41.25725503410543,-5096.2640794914905,7.0,1.0,0.9888277002302406,-5096.2640794914905,5102.320551919469,-0.30476149758851534,-0.30612950409522455,3.0,0.0,0.5592341991082216,0.5592341991082216
2626,1,0.05793238573936761,0.06054807628945674,0.009396187184044648,1.3672461025577356,0.43188957959316376,7.1389674515909e-9,9.256278600210366e7,8.148834711392725e7,0.9918943520310471,0.5265142580545754,2.036676041999941,0.12611133829946541,35.92620159450327,-5095.733786197721,7.0,1.0,0.7900446120952312,-5095.733786197721,5101.000824632774,-0.09430138366224128,0.4596552058683301,3.0,0.0,0.5592341991082216,0.5592341991082216
2627,1,0.057835199636690385,0.0624885323584136,0.009489049729382349,1.3297658834021935,0.43067682165292326,7.223080454126982e-9,9.538159849698104e7,9.986909922384958e7,1.179005145564255,0.5312174604334983,2.2180926368216585,0.12063239494854597,43.507251339765126,-5097.735789942699,7.0,1.0,0.8229895553870821,-5097.735789942699,5101.969740340472,0.3023306189070354,0.36205122099818254,3.0,0.0,0.5592341991082216,0.5592341991082216
2628,1,0.0576679169848712,0.06372810293692789,0.009254310662170643,1.365232424794207,0.4332523508132977,7.115308661682951e-9,9.187641837396796e7,8.919263112963517e7,1.0210861147877017,0.5264467825585654,2.207051630706311,0.11278318817902779,40.8933678492141,-5095.327805686911,7.0,1.0,0.9309873282506277,-5095.327805686911,5102.855191652141,-0.356871001462423,-0.356871001462423,3.0,0.0,0.5592341991082216,0.5592341991082216
2629,1,0.057788473330955596,0.06664004011262793,0.009375806245068851,1.3578091030947719,0.4281516085935976,7.230292875784184e-9,1.0382210782850254e8,9.673942495435792e7,1.067913678291764,0.5666335807359837,2.166462603595467,0.11854186663383076,42.731451459190595,-5097.8800088164735,7.0,1.0,0.8192288211436213,-5097.8800088164735,5101.22832749139,0.24562577951019193,0.3553417145321873,3.0,0.0,0.5592341991082216,0.5592341991082216
2630,1,0.057536390100256345,0.06640695568296506,0.009353333346465466,1.335121366774248,0.42654933452358523,7.147538714516372e-9,9.797599502450392e7,8.842574156368615e7,1.1090236413005055,0.5462977324170429,1.846605430032943,0.11072254711093321,40.549979549833765,-5099.594303033012,7.0,1.0,0.9154322300904297,-5099.594303033012,5104.776276169818,0.23689826133067982,0.2583509780733948,3.0,0.0,0.5592341991082216,0.5592341991082216
2631,1,0.058152751921177435,0.056203049570808,0.009468475909202807,1.3548618204221443,0.43577097675869464,7.157874649497511e-9,8.997024302445264e7,9.216032493367973e7,1.0027248492793677,0.5139912314016476,2.3015760831331282,0.1443405561056685,39.22938922290496,-5098.626291864587,7.0,1.0,0.880485224491525,-5098.626291864587,5104.44137818388,-0.12966714579306426,0.4593809774833062,3.0,0.0,0.5592341991082216,0.5592341991082216
2632,1,0.0574982709835824,0.06463519468324129,0.009421527944826518,1.3458331740228178,0.4248732209785087,7.1815107102078296e-9,9.487376276986994e7,9.863323306753354e7,1.0493151477850138,0.5370357761428286,2.035708537385446,0.12693445856681182,39.97074350062424,-5095.874282498161,7.0,1.0,0.8603278223754788,-5095.874282498161,5103.115641507401,0.0067622737306010094,0.455326676866207,3.0,0.0,0.5592341991082216,0.5592341991082216
2633,1,0.05778690644093933,0.06719853865621457,0.009444739338768226,1.3751493447230567,0.41414212529580835,7.159282443100062e-9,1.0145562637963475e8,1.074424077759013e8,1.0388825067563168,0.5372235683323066,2.1009635295368168,0.12810012938279755,39.640622184574916,-5103.272406679361,7.0,1.0,0.6029091012760466,-5103.272406679361,5106.015497446099,0.7403795580303267,1.800037777594298,2.0,0.0,0.5592341991082216,0.5592341991082216
2634,1,0.05789779867879114,0.0628462124799398,0.009476519463439241,1.3288203408634682,0.431791178921953,7.192761475530935e-9,8.929262653795052e7,8.206831704483049e7,1.0752865169755839,0.5510643493378055,2.134958909921448,0.11988695917316167,39.96696249565328,-5095.793602896612,7.0,1.0,0.9420971094620388,-5095.793602896612,5106.059995174057,-0.7120807555538704,-0.9572181250068752,3.0,0.0,0.5592341991082216,0.5592341991082216
2635,1,0.05784221357856707,0.06135505576750461,0.00949671784751734,1.3484024068651452,0.4204666185808244,7.2244063547146106e-9,9.539871835788497e7,9.00429188872171e7,1.1240418614834695,0.5425228199817339,2.0093651763623512,0.11020612705710053,38.273388131535434,-5095.993261068312,7.0,1.0,0.9893372713786667,-5095.993261068312,5100.004480238089,-0.014555669205947197,-0.4723277284274445,3.0,0.0,0.5592341991082216,0.5592341991082216
2636,1,0.05775050679879255,0.06085867762569189,0.009352489220462439,1.3730752646669708,0.43333642904778885,7.150786536719956e-9,9.290314825128342e7,9.481172010039029e7,0.995347813929111,0.5210150674446176,2.343451294779685,0.13533669429717055,41.223502175195904,-5096.49289194652,7.0,1.0,0.667372045895849,-5096.49289194652,5103.549419405714,0.001785553272384277,0.6765432396723554,3.0,0.0,0.5592341991082216,0.5592341991082216
2637,1,0.057811626617479635,0.06066301607893494,0.009522728985739953,1.332061949845675,0.4197456748957965,7.178207389251868e-9,9.597590994933365e7,8.45148015878827e7,1.1322911957295816,0.5393410388241694,1.9221355728552747,0.10903041998446976,37.86306266176025,-5097.914004020804,7.0,1.0,0.9628867829710653,-5097.914004020804,5100.430171385305,0.19171942532557296,-0.5388074140664685,3.0,0.0,0.5592341991082216,0.5592341991082216
2638,1,0.057983621767072835,0.061406881896461395,0.009554469945332829,1.3572919705384219,0.4285633457289052,7.197119522011102e-9,9.796314738417882e7,9.548035330453946e7,1.1851763427867992,0.5823451457015667,2.0642732033904876,0.1185640035490245,35.4638010128824,-5097.141051433066,7.0,1.0,0.9172282332479033,-5097.141051433066,5104.256415216953,-0.008996594828204252,0.3973035855788112,3.0,0.0,0.5592341991082216,0.5592341991082216
2639,1,0.05838313098292552,0.057444774745569936,0.009724753603108344,1.3561621754463093,0.4142962527042539,7.161013414784103e-9,9.237225907825993e7,8.477143230790499e7,1.1233182331745795,0.47380737141041596,2.3875175402715536,0.13418814225273878,39.08767980563369,-5100.913603874951,7.0,1.0,0.5456641100497567,-5100.913603874951,5110.456476120099,0.23578427479606034,1.033538879129992,3.0,0.0,0.5592341991082216,0.5592341991082216
2640,1,0.05729681177961494,0.057683874305642584,0.009626663669069307,1.3780583351789566,0.421456686917819,7.327220064145196e-9,8.718006712024689e7,8.73706841480743e7,1.1072533089860839,0.5522553278230986,1.9802329434647201,0.1179661741769216,39.516898709494086,-5099.573604865721,7.0,1.0,0.45989932112145226,-5099.573604865721,5111.555868485115,-0.3412365211361248,2.3261342311316184,3.0,0.0,0.5592341991082216,0.5592341991082216
2641,1,0.0580391392876209,0.0563248185704499,0.009743156461724925,1.3656593287780994,0.42049446140137686,7.1634760119943775e-9,9.472150066842611e7,8.675455449976888e7,1.0567745464765488,0.5424901275364217,2.0184327310715746,0.15297457915987964,36.371827357521234,-5100.051994265073,7.0,1.0,0.7289293271283753,-5100.051994265073,5107.721759437044,0.2955024907723782,0.5698490652293913,3.0,0.0,0.5592341991082216,0.5592341991082216
2642,1,0.05766388413974142,0.0661161880041322,0.009230594065750414,1.3427554946747304,0.42961742294251815,7.200516888940874e-9,9.317710733746728e7,9.204175298739415e7,1.049549625050415,0.5116652865099887,2.2131961107758364,0.10178975000922232,45.106268990091124,-5100.533905163175,7.0,1.0,0.9659784062604004,-5100.533905163175,5104.034800588088,0.219820086324944,-0.5784376204383079,3.0,0.0,0.5592341991082216,0.5592341991082216
2643,1,0.057978243413457496,0.05750372782281361,0.00920456917184971,1.3320067088604624,0.43194685326129006,7.1151050050299926e-9,9.093085438030918e7,9.50780962598596e7,0.9767307538872764,0.4895971125148196,2.1687451691448145,0.12566645437207843,39.44043359073334,-5097.736430302407,7.0,1.0,0.8074754744970428,-5097.736430302407,5105.606346480768,0.09758055005659116,0.6683636398711315,3.0,0.0,0.5592341991082216,0.5592341991082216
2644,1,0.05780824091019852,0.06593206516056377,0.00920141277487425,1.3530416372666625,0.43005279935857904,7.173171071909035e-9,9.46424110944689e7,8.361674791323216e7,1.2065844793431832,0.5906909632838493,1.9927854869111619,0.1128638420124193,39.781900899793705,-5099.247199581928,7.0,1.0,0.9638087685012238,-5099.247199581928,5103.3947167567685,-0.0228301579500112,-0.3627106970134264,3.0,0.0,0.5592341991082216,0.5592341991082216
2645,1,0.0577015396220888,0.05529714145129319,0.00947821757851593,1.3573564405295246,0.42468457187310676,7.183860587496657e-9,1.0103805473816589e8,9.553158930668433e7,1.177576526102771,0.48720299474799006,2.1332299937976784,0.12377767866879999,41.08298524430824,-5097.350185608151,7.0,1.0,0.9274746184861716,-5097.350185608151,5104.087107027794,-0.2981476985178233,0.3146792576262669,3.0,0.0,0.5592341991082216,0.5592341991082216
2646,1,0.05778461405891376,0.05588116532125804,0.009601331153409207,1.370078921559749,0.4152390349865525,7.21914349900195e-9,8.640981237565406e7,8.534741788825597e7,1.010860346039012,0.5805453380064627,2.1446248919859796,0.12660883578693918,37.64157145566587,-5098.521606219162,7.0,1.0,0.5218959459645199,-5098.521606219162,5109.633607017638,0.07962055936059187,1.634674711090156,3.0,0.0,0.5592341991082216,0.5592341991082216
2647,1,0.05775853875544667,0.05568482837304279,0.00963944432228439,1.3841088774104646,0.4135876972399511,7.235296163403702e-9,8.066666456315559e7,9.055290591982535e7,1.1095085385125276,0.5376364105826134,2.1396345758472033,0.13838623291894547,37.65089208040817,-5101.546670306609,7.0,1.0,0.7600862652951152,-5101.546670306609,5110.829936941619,0.17494081385757454,0.6811440951105396,3.0,0.0,0.5592341991082216,0.5592341991082216
2648,1,0.05798782318805592,0.05719426916486,0.009843673400721304,1.3795220554575525,0.42095583508573525,7.208142109448404e-9,9.195190366462457e7,8.858916136809403e7,1.0029287045845996,0.5292607800058078,1.9376100869576411,0.1379341018334598,39.53129023574892,-5098.855055879656,7.0,1.0,1.0,-5098.855055879656,5104.466396962664,-0.2800828398167141,-0.7669409555519451,3.0,0.0,0.5592341991082216,0.5592341991082216
2649,1,0.057407690703011195,0.057594090982415885,0.00958050353378859,1.3593846064066435,0.42265242802972947,7.26209077565245e-9,9.397188946244071e7,8.276591392546862e7,1.0337480614690087,0.5522051839350614,2.0496613959408974,0.14840152937701703,36.00620540242554,-5099.959638521757,7.0,1.0,0.9197264149646536,-5099.959638521757,5106.285397213892,-0.3451719238764781,0.6164189887149405,3.0,0.0,0.5592341991082216,0.5592341991082216
2650,1,0.05832497696552376,0.058859652486691,0.009710106706833206,1.3525247807365226,0.4201884318306723,7.178088517455786e-9,8.866240047695398e7,1.0377860352997524e8,1.101918436248021,0.4750947214878546,2.2062093135803558,0.10495887693275956,42.37002434365922,-5102.276016235369,7.0,1.0,0.664326049760464,-5102.276016235369,5107.695889722067,0.13039079729878722,0.9423385523159595,3.0,0.0,0.5592341991082216,0.5592341991082216
2651,1,0.05750267308659147,0.06393081612243771,0.009389765686036854,1.3590519285456624,0.4325531331686443,7.2376980419412265e-9,1.0041850490374917e8,7.76239994540191e7,1.01171490633263,0.6131157871603042,2.026016858289594,0.14554872851643572,38.15418603479106,-5102.451754671752,7.0,1.0,0.9640122832172516,-5102.451754671752,5107.425483035761,0.10592420769899036,-0.3255806738461615,3.0,0.0,0.5592341991082216,0.5592341991082216
2652,1,0.05777127298509687,0.05829104891940504,0.009363702840872106,1.3550998690805611,0.4202951823314481,7.132047872614359e-9,1.0120113072503558e8,8.997971446834742e7,1.1494284888554345,0.5167648951274815,1.8432632686864014,0.11752383702594572,41.239606987082716,-5099.4712021115665,7.0,1.0,0.6457563416500898,-5099.4712021115665,5108.7183912464625,0.36725324063172593,17.34075203678185,3.0,0.0,0.5592341991082216,0.5592341991082216
2653,1,0.058074955858500234,0.060747239453303084,0.00942468243300424,1.3844776444845543,0.4295559681656652,7.227680202001261e-9,1.0349239507544647e8,9.595538838152376e7,1.1239901527757645,0.5135800267974011,2.2639945017811525,0.11910546212869691,40.747789867584444,-5098.832686412604,7.0,1.0,0.6741837510130926,-5098.832686412604,5105.802693986172,-0.38804203228573897,1.1346216087904395,3.0,0.0,0.5592341991082216,0.5592341991082216
2654,1,0.057707303087937374,0.0563833666711709,0.009658045652533004,1.3399499866809657,0.4135227939204095,7.260217324236294e-9,8.899778512910749e7,8.337178788169236e7,1.0600059207270007,0.5559634524528778,2.0714381333222116,0.1284242073111428,40.159083226981956,-5098.472459758523,7.0,1.0,1.0,-5098.472459758523,5104.657295196313,-0.20747920945086662,-0.4897879337904669,3.0,0.0,0.5592341991082216,0.5592341991082216
2655,1,0.05788693202540905,0.0630316416477468,0.009428380401125966,1.3910200159758856,0.42797030890375104,7.176880816205868e-9,9.849790002231959e7,9.26442471525212e7,1.0669205599605738,0.5122782304434239,2.2451570910462797,0.13255815744026375,42.55644217742636,-5097.605131475432,7.0,1.0,0.9450580999398854,-5097.605131475432,5104.001416388714,-0.12599221219807077,-0.4133504573355822,3.0,0.0,0.5592341991082216,0.5592341991082216
2656,1,0.05756225325725734,0.05933692432397148,0.009466842774848185,1.3377685757593365,0.4264161775750334,7.216892636296722e-9,8.92385346105929e7,8.325313928738692e7,0.979075410984377,0.5697531873861328,1.9315785968022738,0.11965761900772115,37.68390955129116,-5096.888484428253,7.0,1.0,0.8067069280748118,-5096.888484428253,5103.310403556033,-0.16502325713099708,0.47856800320369075,3.0,0.0,0.5592341991082216,0.5592341991082216
2657,1,0.05742187713596963,0.059760491560140905,0.009420651319578782,1.3508715315448108,0.42883186056681927,7.251379355678796e-9,1.0113091746600318e8,9.331985387112486e7,1.0965971738309825,0.5361629673717171,2.0929074740571063,0.1217097760815742,33.028973674678035,-5098.598515203609,7.0,1.0,0.9006992102679688,-5098.598515203609,5103.907259503689,0.19448890073817893,0.19448890073817893,3.0,0.0,0.5592341991082216,0.5592341991082216
2658,1,0.058354072525998044,0.06129076233522478,0.009461066785323262,1.3426432462169793,0.4291109888224282,7.117136763285938e-9,8.59125508775659e7,8.767653608441049e7,1.0318185241452336,0.5501269338341737,2.139374864516691,0.12520184804652018,48.019128274368725,-5099.035222519812,7.0,1.0,0.8633636561087157,-5099.035222519812,5105.808633709219,0.1525868180251564,0.4196308375658191,3.0,0.0,0.5592341991082216,0.5592341991082216
2659,1,0.05747662957927493,0.06135564099269678,0.009326772489880716,1.3462940676682211,0.4334470225470354,7.215516492512241e-9,1.0757679715986495e8,8.953050513508329e7,1.1179416710090815,0.5145174100387394,2.153756561158632,0.12075907324759222,35.4829546899724,-5096.683009607321,7.0,1.0,0.8497069690506969,-5096.683009607321,5107.558628768469,-0.2632572529482786,0.4696597375850615,3.0,0.0,0.5592341991082216,0.5592341991082216
2660,1,0.05822297472160961,0.062434501121445565,0.009356523066168763,1.342474869111643,0.42732746312824377,7.1036450819711135e-9,8.380791938289604e7,8.71803648412917e7,0.9817336599082396,0.5817154785485118,2.1324460944356542,0.12355433306385048,43.88343663133839,-5098.067065701771,7.0,1.0,0.7786149471898364,-5098.067065701771,5102.5713672367365,0.31563339357671794,0.5049134961664095,3.0,0.0,0.5592341991082216,0.5592341991082216
2661,1,0.0577819978403792,0.062468788901589384,0.009627479343969413,1.34928592401041,0.41768347826754104,7.188524856828939e-9,8.801873635183774e7,8.64338127484316e7,1.0836378883542404,0.6637809354799996,2.1464200391939463,0.11967998166424798,36.41081923009696,-5100.842160286018,7.0,1.0,0.892802636063754,-5100.842160286018,5108.302818052244,0.22296624016780697,0.2780385693295102,3.0,0.0,0.5592341991082216,0.5592341991082216
2662,1,0.05773981340535405,0.05482682546562929,0.009672964212762914,1.3453185296296042,0.4265777855702923,7.204234253676597e-9,9.09227833588227e7,8.369160030479306e7,1.10574712468109,0.4811957282430296,2.0959652578923955,0.12813949625543275,39.177088167580436,-5097.79508032631,7.0,1.0,0.9825613552181218,-5097.79508032631,5105.644399682994,-0.23361426432802546,-0.23361426432802546,3.0,0.0,0.5592341991082216,0.5592341991082216
2663,1,0.057629894040081314,0.05727956358460607,0.009430968887920065,1.3709059004831354,0.42972995215714793,7.262043279832837e-9,8.808303179618108e7,8.939191234421006e7,0.977938011601597,0.4795061337228096,2.2988112820384425,0.13950569725256828,36.50021460850162,-5100.417818366858,7.0,1.0,0.8511530038390982,-5100.417818366858,5106.066641634189,0.18562778873911157,0.3943261895901742,3.0,0.0,0.5592341991082216,0.5592341991082216
2664,1,0.05779500851413569,0.06375597632614517,0.00966777321051386,1.3634993209542172,0.4265706273400961,7.220281382571277e-9,9.29469344855601e7,1.0487464643274851e8,1.077523390129439,0.48003796376950136,2.090927899149828,0.13130418249663448,40.310525304416025,-5099.68148729549,7.0,1.0,0.6666376740769454,-5099.68148729549,5108.94148264223,0.4148528638324933,0.9461201947151494,3.0,0.0,0.5592341991082216,0.5592341991082216
2665,1,0.057742227920156715,0.06282778674707415,0.00928624609422601,1.3770032055545767,0.4380057108010214,7.318789771369301e-9,9.760839733884385e7,8.862204699331586e7,1.038191383189254,0.5698357076808201,2.2824790723299913,0.11870564161472975,39.777543648920975,-5102.59782422397,7.0,1.0,0.8165130474396937,-5102.59782422397,5111.079294233964,0.48460494477967586,0.48460494477967586,3.0,0.0,0.5592341991082216,0.5592341991082216
2666,1,0.05784504767438133,0.05890743481619162,0.009383698641325745,1.316713333933371,0.41982665692465476,7.047109584684003e-9,9.398586951790278e7,9.044967663841325e7,0.9957057025291658,0.4680767648056709,1.98447747568258,0.12538575191798376,48.17590623000663,-5105.297938961452,7.0,1.0,1.0,-5105.297938961452,5110.279187061608,-0.09689572809111269,-1.0064853965395741,3.0,0.0,0.5592341991082216,0.5592341991082216
2667,1,0.05792966600047384,0.06322669485242054,0.009279537710938281,1.3586407032091172,0.43386481943290567,7.102566478868373e-9,1.0366661401657027e8,9.437692652712317e7,1.11230442505707,0.5111872976051793,1.967805872504222,0.1363527698409886,39.69488173577698,-5096.606471947191,7.0,1.0,0.9351316183846973,-5096.606471947191,5110.082526650862,-0.9262013108946121,-0.9262013108946121,3.0,0.0,0.5592341991082216,0.5592341991082216
2668,1,0.058057811446211624,0.06440093573328758,0.00927270236231675,1.3588720518163118,0.43032561915681455,7.067532111631367e-9,1.1008021546227096e8,8.828532570093006e7,1.1093813694041041,0.463903845651434,2.025226523038481,0.11997341416705194,36.974430949707966,-5100.11475244639,7.0,1.0,0.6237745471831185,-5100.11475244639,5104.074400161826,0.18412853180961974,1.0082862072495118,3.0,0.0,0.5592341991082216,0.5592341991082216
2669,1,0.05834714718323974,0.06533400638313284,0.009394147890279304,1.336770753106829,0.4266189900078438,7.085837033511343e-9,1.0447990104230948e8,8.44261070217632e7,1.0709587205910347,0.5080873845932308,2.150466082909006,0.11853743347893891,36.861986639338525,-5098.96225322341,7.0,1.0,0.44058087587994504,-5098.96225322341,5107.0254664871845,-0.11943765574960707,2.4481393721534914,3.0,0.0,0.5592341991082216,0.5592341991082216
2670,1,0.057520346067927296,0.05637564528511307,0.009437705216120303,1.3438984565301706,0.4310108225574064,7.206094114033995e-9,9.815659256210648e7,8.928213989961688e7,1.051360096883011,0.5326587286436164,2.549204265228325,0.12198614221632424,40.788117808141926,-5098.214013273776,7.0,1.0,0.9514252523942719,-5098.214013273776,5106.539828825865,-0.08969510807492043,-0.40313784319914703,3.0,0.0,0.5592341991082216,0.5592341991082216
2671,1,0.05815747637751279,0.06386853383775905,0.00949797232457339,1.3666163996239655,0.42673992879551215,7.163084659690472e-9,9.243596015939692e7,9.201990101261914e7,0.9863800499455457,0.4948406542801662,1.8564984052160596,0.12738490637694666,36.95018757358779,-5098.282358727998,7.0,1.0,0.8583440139217109,-5098.282358727998,5104.503471405497,0.12506383881645888,0.35801978902054543,3.0,0.0,0.5592341991082216,0.5592341991082216
2672,1,0.057462376927619054,0.05755416197659879,0.009236837827183847,1.3346528644180615,0.434383487147612,7.20482807915744e-9,9.419044878170869e7,8.819994303183934e7,1.1335193210228054,0.5719800003622156,2.284202548378904,0.12545819478813353,40.65493784007746,-5097.971121167513,7.0,1.0,0.568885179451888,-5097.971121167513,5103.365225635923,0.15156262368691387,1.3614522092066181,3.0,0.0,0.5592341991082216,0.5592341991082216
2673,1,0.058249213969965276,0.0659402676679593,0.009427351146434577,1.3439597236751515,0.4265367011017165,7.042777384642788e-9,9.282902374533075e7,9.524960610386813e7,1.0149623587226655,0.49097156005730264,2.154982934008572,0.1192972839922489,38.21979956086324,-5098.897487336227,7.0,1.0,0.7747449661167158,-5098.897487336227,5104.841611629263,0.30198762038435234,0.43093031612443156,3.0,0.0,0.5592341991082216,0.5592341991082216
2674,1,0.05821567747459483,0.06688734202192727,0.00923319439026321,1.3358942252218782,0.42513701137479515,7.0517885697424765e-9,9.750928420760378e7,9.135313768656796e7,0.9709598363152342,0.5002977152308333,2.419951582101725,0.1183576453508631,37.50418137861173,-5101.245061084499,7.0,1.0,0.859176697621849,-5101.245061084499,5109.4720495035035,0.11528558675036038,0.425806976115382,3.0,0.0,0.5592341991082216,0.5592341991082216
2675,1,0.057970744050434946,0.06652790062233017,0.009389156526667834,1.3276912635800757,0.427228014347282,7.086363901339505e-9,9.708099033181353e7,8.822139361095394e7,1.0032941843524301,0.4951451845014908,2.299388863333607,0.11116462184997217,39.59461589231839,-5098.67429168708,7.0,1.0,0.9446702653869182,-5098.67429168708,5106.676227868542,-0.23158503261493024,-0.49054916843215324,3.0,0.0,0.5592341991082216,0.5592341991082216
2676,1,0.05770505028825031,0.059170365177739916,0.009321295794857524,1.3454298628924408,0.441143495881912,7.159649612657697e-9,9.128022989300069e7,8.785051966342042e7,1.1131223043907073,0.5962569122390835,2.2282794319502024,0.13822220978271912,38.70418902090862,-5098.122459306577,7.0,1.0,0.99732913900679,-5098.122459306577,5101.3650231816855,0.018873007018555654,-0.42749974116668454,3.0,0.0,0.5592341991082216,0.5592341991082216
2677,1,0.057649326606098374,0.058967072447003985,0.009626254722745014,1.3466271467421262,0.4153802260574421,7.26987609082255e-9,9.772546256480618e7,9.752932113679487e7,1.1323243227682231,0.4826366577140037,1.9942810464052831,0.1250977756070691,37.14156022191875,-5098.932099341121,7.0,1.0,0.9806207634005705,-5098.932099341121,5104.926917290485,-0.01619054578804935,-0.23980340531215916,3.0,0.0,0.5592341991082216,0.5592341991082216
2678,1,0.0576193571745732,0.059031193346287585,0.00982917223487887,1.3649243325337903,0.4104932172429317,7.237478219990479e-9,1.011901957397841e8,8.903840013041827e7,1.1538213508018937,0.5067661892283646,1.9067325585014767,0.13932430722976677,35.44696183268501,-5101.912980727584,7.0,1.0,0.8980615289493904,-5101.912980727584,5106.079824748786,0.06460019277528772,0.5323610497798654,3.0,0.0,0.5592341991082216,0.5592341991082216
2679,1,0.05775252788789698,0.057413510162660775,0.009608357494828093,1.3578321684875017,0.42733024694855937,7.235233201884858e-9,9.274975785012963e7,9.098052949328215e7,1.0915221659424237,0.5113866323202447,2.2400524917221722,0.1290873904741234,43.90709015179642,-5095.247785557793,7.0,1.0,0.969563322632834,-5095.247785557793,5105.81335968657,-0.5147744394098481,-0.5147744394098481,3.0,0.0,0.5592341991082216,0.5592341991082216
2680,1,0.05789104503352065,0.06451215828280124,0.009278001958715452,1.3437232720363397,0.42954606468404555,7.123957237907794e-9,9.437403208283067e7,8.825222283764414e7,1.0270209784411735,0.5454070510193471,1.9990316641373345,0.12826041103732755,38.01036990295089,-5093.768963269972,7.0,1.0,0.7308932634491027,-5093.768963269972,5103.261173150264,-0.26028528064762213,0.6271324091976567,3.0,0.0,0.5592341991082216,0.5592341991082216
2681,1,0.05782291180261141,0.05811205851760282,0.009564999526265706,1.3546861783676876,0.4186895680616405,7.232278056310564e-9,9.133220684755456e7,7.75822838553992e7,1.092202966645171,0.5411748308244085,1.9977844292720883,0.11287991687155595,39.555669580566445,-5097.666123842615,7.0,1.0,0.5987185657978024,-5097.666123842615,5101.915466448408,0.6503698230671944,0.7471892320299958,2.0,0.0,0.5592341991082216,0.5592341991082216
2682,1,0.05795057533865111,0.06000044172337693,0.009370594688929122,1.3549047714350098,0.44100970550426283,7.130028145998699e-9,9.753072850647667e7,1.0390593888029629e8,1.0345781451586793,0.5307160910801574,2.2545495858793285,0.13466383874557197,40.36529969156502,-5098.663764032956,7.0,1.0,0.9758372771701512,-5098.663764032956,5100.466635387646,0.18529283845327882,-0.5160845647142196,3.0,0.0,0.5592341991082216,0.5592341991082216
2683,1,0.05810508057935725,0.05939780395489359,0.00928914453468024,1.3437897801368293,0.44031283302144486,7.171896008691744e-9,9.448604705181682e7,9.707689850310987e7,0.9628759472023053,0.5166549257550809,2.204887342327557,0.12873719062695135,39.88843876374724,-5096.97163510975,7.0,1.0,0.9101810639078838,-5096.97163510975,5103.479424566447,-0.47707175286814163,-0.7369033767345172,3.0,0.0,0.5592341991082216,0.5592341991082216
2684,1,0.05802210515862505,0.05906374288768409,0.009472521084766705,1.3584198533777057,0.4295833928860479,7.218150683522834e-9,8.901834833504044e7,9.918952047076692e7,0.9627706340713027,0.5043709478126237,2.2731965425619465,0.12579953652953102,39.505454914735196,-5096.320474650653,7.0,1.0,0.9323090119617431,-5096.320474650653,5107.178061641311,-0.046390056477321195,0.21993946973452694,3.0,0.0,0.5592341991082216,0.5592341991082216
2685,1,0.05784327560090353,0.06373305543666022,0.009444608202322725,1.3411751458392918,0.43036832612467624,7.152451694599233e-9,9.48318751724127e7,9.552493144931474e7,1.093434503094825,0.511904446074544,2.1119672947702077,0.12084248785395865,38.6598088765645,-5094.039941418035,7.0,1.0,0.6135513978446575,-5094.039941418035,5100.4611573992415,0.012595096006407402,1.1492282944636827,3.0,0.0,0.5592341991082216,0.5592341991082216
2686,1,0.057804730877206556,0.05707649595823419,0.00928636036523043,1.3590977838586926,0.43187781698685396,7.1621971570078815e-9,9.347081963253191e7,8.424757917035386e7,1.1002343779374393,0.5387368211935633,2.146874717845994,0.1269348469499855,39.81923283816436,-5095.788376705519,7.0,1.0,0.8795340962826038,-5095.788376705519,5100.651669465685,0.31844889725743997,0.3967152473860551,3.0,0.0,0.5592341991082216,0.5592341991082216
2687,1,0.05790854620058064,0.06639659419993647,0.009435777805834163,1.3435853881727409,0.4257529709905141,7.23636272757536e-9,9.813189078488806e7,9.567646894929835e7,1.044091095821617,0.5241080834248847,2.0618492660474113,0.11953595347047948,39.9925235297292,-5096.668735041275,7.0,1.0,0.9292005853011768,-5096.668735041275,5100.058834066571,-0.23955831561306695,-0.5734347544039338,3.0,0.0,0.5592341991082216,0.5592341991082216
2688,1,0.05795551851646107,0.06253391691897212,0.009476623657137685,1.363461486628383,0.4268341198855862,7.2001907526058484e-9,8.693967807361236e7,1.0101397456324854e8,0.9995103912035482,0.5147571258045925,2.1938811896700514,0.11925116846112242,39.53641075395205,-5095.669787320154,7.0,1.0,0.7849094610845077,-5095.669787320154,5108.636514592996,-0.23814488452353544,0.714565395171121,2.0,0.0,0.5592341991082216,0.5592341991082216
2689,1,0.05793238453182237,0.05827445346351071,0.009292447914547312,1.3536334103258536,0.42948380926038854,7.214807854007098e-9,9.995211284720021e7,9.294151301124988e7,1.0176423378016997,0.5197326763768332,2.2204061153695225,0.13761752095579022,37.211775182543946,-5098.377369758808,7.0,1.0,0.39809127237993996,-5098.377369758808,5102.91625687688,1.5354060362360542,2.1382355929299592,3.0,0.0,0.5592341991082216,0.5592341991082216
2690,1,0.05800847787963292,0.06464260981563806,0.009581026278030782,1.3499057119455211,0.4282295686307281,7.2112256158037116e-9,8.78191143043039e7,8.481266479927443e7,1.0919702191849576,0.5255100738126662,2.0856319015421536,0.11030340244987552,43.574779825858386,-5098.797910163583,7.0,1.0,0.9728476797073284,-5098.797910163583,5104.706025494307,-0.7104885394637677,-1.0110078219695424,3.0,0.0,0.5592341991082216,0.5592341991082216
2691,1,0.05792070743197338,0.05668222288155735,0.00942824468320624,1.3424630782935612,0.4321085161029153,7.056782131394164e-9,9.19882994152028e7,9.354047308897321e7,1.037333425513185,0.5448677852050962,2.004053359797237,0.12090946198301857,37.07624010530467,-5098.914189158569,7.0,1.0,0.9365213277675307,-5098.914189158569,5105.812881548404,0.22080536664361716,-0.8130605102924164,3.0,0.0,0.5592341991082216,0.5592341991082216
2692,1,0.05788116081206338,0.06158056522742174,0.009759058937736736,1.3510721040933518,0.41331858802379506,7.2912038372621856e-9,9.125418637060307e7,8.820966378499447e7,1.0738443277427283,0.5379249179526315,2.1500874808700132,0.13655784611400584,41.28874044886066,-5098.624825354179,7.0,1.0,0.999105075255853,-5098.624825354179,5103.3552576679385,-0.9605409983341815,-1.0961042779472336,3.0,0.0,0.5592341991082216,0.5592341991082216
2693,1,0.057649004015766274,0.0565256061784643,0.009331893159362104,1.3618676585255076,0.432577730923273,7.169234779382967e-9,9.305376283294794e7,9.073697698118748e7,1.029156642033102,0.5793889178595192,2.232276995893974,0.11986724099531554,36.742444494715,-5096.538065704802,7.0,1.0,0.8438153441700807,-5096.538065704802,5103.372112284582,0.11428774986598,0.3716353166846602,3.0,0.0,0.5592341991082216,0.5592341991082216
2694,1,0.05786444614816732,0.05862792492871625,0.00940859053242335,1.3489906061632528,0.4311276473379385,7.122692075992267e-9,9.030370732315123e7,8.92621615199175e7,1.0224298089684105,0.5349182947489468,2.208520438216892,0.1220977281440296,38.9284210448899,-5093.565623575965,7.0,1.0,0.44377935735667956,-5093.565623575965,5099.889959969615,-0.17500464538534288,1.7257362355703663,2.0,0.0,0.5592341991082216,0.5592341991082216
2695,1,0.05802061245690243,0.06713778747477257,0.009276134735983384,1.3273304385326652,0.4386663280892545,7.130747810185313e-9,1.036331193159134e8,9.35002572301239e7,1.0890305956150477,0.5232591309428016,2.1280002507218496,0.12438530340048327,40.61982248974316,-5097.187778577745,7.0,1.0,0.6983399811944734,-5097.187778577745,5101.609466934799,0.4502819985518727,0.578238641282951,3.0,0.0,0.5592341991082216,0.5592341991082216
2696,1,0.05735007544538061,0.0594645706565367,0.009252494088869318,1.3324937435292596,0.43178784431233386,7.140256219033069e-9,9.271087631702495e7,9.890700283495295e7,1.1966659637567447,0.47941631916485594,1.9964692109340467,0.11283380320420552,35.868044737721895,-5102.062955707551,7.0,1.0,0.7786285605643205,-5102.062955707551,5106.084187997998,0.3041695246420204,0.5984149338173665,3.0,0.0,0.5592341991082216,0.5592341991082216
2697,1,0.058061871948451846,0.06064750049059562,0.009791024286612708,1.3786036346607924,0.4212332722379153,7.277437148788787e-9,9.550463147320177e7,8.834720696199615e7,0.9778440335832459,0.5711675350087648,2.233128645088427,0.14154204457848724,44.3204875694106,-5101.654881090359,7.0,1.0,0.9772643689149955,-5101.654881090359,5108.238317041159,-0.08096734348964674,-0.5316379348641931,3.0,0.0,0.5592341991082216,0.5592341991082216
2698,1,0.057578406537373485,0.05853943305328285,0.009516260650141713,1.3550233005794619,0.41800352920523104,7.199014955031798e-9,9.108244195533769e7,9.127581382205233e7,1.1803727495245506,0.4908444274955978,2.095068271669347,0.10952637887910464,35.78531379931685,-5098.944610188619,7.0,1.0,0.9920958234870484,-5098.944610188619,5108.475218010058,-0.2131898524312419,-0.5243456932721529,3.0,0.0,0.5592341991082216,0.5592341991082216
2699,1,0.057997901502690914,0.06286473414198791,0.009151189018827343,1.3417136646686643,0.4403789856360874,7.096212635825712e-9,9.854566271013285e7,8.8204830752078e7,0.9488631201651292,0.5667320215370397,2.1472116074284853,0.14033041534815419,43.02346723286556,-5098.420679336953,7.0,1.0,0.9080658895192568,-5098.420679336953,5107.80834630924,-0.16704813334945356,0.26452645161771215,3.0,0.0,0.5592341991082216,0.5592341991082216
2700,1,0.057621125255811846,0.061601830498600296,0.009438376916354633,1.346711795389001,0.4259309204524513,7.1724168519949026e-9,9.121062296692982e7,9.289679593671235e7,1.1819784193828244,0.5153978905006661,2.0240735573470556,0.11532507013335563,36.132595343020554,-5095.710521983349,7.0,1.0,0.967574132426517,-5095.710521983349,5103.103681593827,-0.15542386380184325,-0.15542386380184325,3.0,0.0,0.5592341991082216,0.5592341991082216
2701,1,0.05757853043804521,0.06420985362759467,0.009230133903538638,1.3516097246153602,0.4296703797884358,7.154513886506853e-9,1.0692595492706227e8,9.349105734213918e7,1.196500534432608,0.5132729974684577,1.9896857370148118,0.12714050828895473,41.58884817906223,-5097.603968073934,7.0,1.0,0.9227157037447379,-5097.603968073934,5102.10825419759,0.12206505228368769,0.14130805691002024,3.0,0.0,0.5592341991082216,0.5592341991082216
2702,1,0.05826641225048013,0.06405939723018302,0.009194610234184986,1.322753650955683,0.44383974845961144,7.077346245634584e-9,8.877580253985234e7,8.874010462374355e7,0.9660660206396073,0.5661912035341304,2.175239432744093,0.1188315406260881,37.67070780179443,-5099.833729107897,7.0,1.0,0.7428083125116461,-5099.833729107897,5106.716607171873,0.11526364384735643,0.5332204735905179,3.0,0.0,0.5592341991082216,0.5592341991082216
2703,1,0.05805452696703485,0.06321712541061988,0.009282196358248979,1.3107261428974875,0.4384809027934612,7.040798630446711e-9,8.409148399027935e7,8.819814064011773e7,0.9434755465907824,0.5347238671920761,2.3043598856562975,0.12694540015264458,37.032111760000554,-5102.522514199363,7.0,1.0,0.6175490769607339,-5102.522514199363,5109.9786907158705,0.8139908517941876,1.1081030012510382,3.0,0.0,0.5592341991082216,0.5592341991082216
2704,1,0.0577174472242293,0.060387702662100425,0.009402124694228752,1.330578778428132,0.4256200069118732,7.138383053742154e-9,9.947260854102133e7,9.120710127561453e7,1.174733231049955,0.5352002340337885,2.0343793037091955,0.12547696301049882,38.36319234970561,-5095.323949712219,7.0,1.0,0.9577950690052975,-5095.323949712219,5106.437650681399,-1.083650449657398,-1.083650449657398,3.0,0.0,0.5592341991082216,0.5592341991082216
2705,1,0.05775400422040686,0.059130408266759936,0.009212678479792968,1.3590623640136203,0.43307921524743953,7.151882617022461e-9,8.747745730184306e7,9.504175286574495e7,0.9796492898553463,0.5171821594170509,2.2549215730434327,0.12150306574740476,41.039778249371594,-5096.610234008209,7.0,1.0,0.7283098028203706,-5096.610234008209,5103.358416754336,0.32152237314585363,0.5692525148078857,3.0,0.0,0.5592341991082216,0.5592341991082216
2706,1,0.058334340788760625,0.06186086529588785,0.009407285390608828,1.3340317883403867,0.436197189840735,7.093130213757167e-9,1.0113544941225922e8,9.318973395156316e7,1.1504851106097163,0.5491233554688402,2.1352981014291452,0.11885565242082392,35.71852692921729,-5098.7373797244545,7.0,1.0,0.9293642767917779,-5098.7373797244545,5102.2463446606,0.25978971973472653,0.28314431276339747,3.0,0.0,0.5592341991082216,0.5592341991082216
2707,1,0.05763036232901182,0.06342050863658238,0.009268292727326946,1.3441861025304218,0.429950620773197,7.137603259561011e-9,8.891684435361645e7,9.646377397263601e7,0.9913364040427662,0.4942630368596602,1.8851723235653168,0.12224525782662757,48.903026129382354,-5100.8645919417395,7.0,1.0,0.6678011178370965,-5100.8645919417395,5106.626035520637,-0.0720584650625824,1.1628970023457441,3.0,0.0,0.5592341991082216,0.5592341991082216
2708,1,0.058084015675568944,0.06501869504704266,0.009112131760707024,1.3422160100643121,0.43580112612203703,7.04808927390942e-9,9.472100231404161e7,1.0313418756599933e8,1.0965238985705545,0.5634735270968355,2.1142496232226,0.11708760849141275,43.72671503233987,-5098.663174190683,7.0,1.0,0.7290700183685436,-5098.663174190683,5108.543731872976,-0.17121538516857981,0.8051693193592655,3.0,0.0,0.5592341991082216,0.5592341991082216
2709,1,0.058118605166137344,0.0648301040553498,0.009225574841146542,1.348444034368621,0.4357161188813365,7.049984210678654e-9,9.212684986814506e7,9.263719665282421e7,1.1629963731495392,0.5780820059378359,2.0772875493740384,0.1138105490257133,47.72533150690134,-5100.5607067865985,7.0,1.0,0.8260293090977753,-5100.5607067865985,5107.730656507547,0.10174323725641443,0.48996781518417265,3.0,0.0,0.5592341991082216,0.5592341991082216
2710,1,0.05787429345795758,0.06109923351190719,0.009287180602410284,1.3458876446644819,0.43046244335055706,7.15338635891841e-9,8.692831167067707e7,8.944675958272874e7,1.1228326355377956,0.5126568408589145,2.511520687125557,0.13784805557440316,35.23110382895756,-5099.182193233284,7.0,1.0,0.9278012129545262,-5099.182193233284,5106.667897516061,-0.07109231222420931,0.2503669910793178,3.0,0.0,0.5592341991082216,0.5592341991082216
2711,1,0.058212326301646876,0.05984978933044409,0.009325174777726545,1.3236295217261065,0.4374940736795755,7.133709128880713e-9,8.251423574330845e7,8.532173639985467e7,1.0493443720786066,0.502211070491305,2.5099395785503913,0.13817000268653218,34.71151897766467,-5103.279279428134,7.0,1.0,0.7807146504433009,-5103.279279428134,5111.787125967689,0.14934833752704435,0.6617751090780075,3.0,0.0,0.5592341991082216,0.5592341991082216
2712,1,0.057738171560879084,0.06013972749316063,0.009441030321838143,1.331044774985521,0.42668926933658324,7.225240128898954e-9,9.386789089278181e7,9.59242531342846e7,1.0419085222695381,0.4900667147795492,2.0771746746710495,0.1325082778738879,40.58071757506402,-5095.461125315123,7.0,1.0,0.9903637605543126,-5095.461125315123,5106.995359562988,-0.5701050560755903,-0.5701050560755903,3.0,0.0,0.5592341991082216,0.5592341991082216
2713,1,0.057757834344562935,0.06008930461589343,0.009405898117364902,1.376042781393739,0.4341095512920422,7.149771637665163e-9,1.0046812478613804e8,9.270295142569783e7,1.1543032469302716,0.5324465496854675,2.1634612905211696,0.13028606588426578,38.59726361551844,-5096.165823493471,7.0,1.0,0.6751902908730507,-5096.165823493471,5101.988669659696,0.19249313510044885,0.7237009789341755,3.0,0.0,0.5592341991082216,0.5592341991082216
2714,1,0.05754214854484611,0.06418393994496238,0.009384493422503085,1.32434008603508,0.42755883644967446,7.2044617492656575e-9,9.98230322299746e7,8.883186895088e7,0.9445138594606145,0.5398012799339259,2.0257394161634474,0.12057183902401741,38.46299158310419,-5097.438187989181,7.0,1.0,0.9396772819091438,-5097.438187989181,5101.047544905707,-0.07317074895672704,0.23758594125865784,3.0,0.0,0.5592341991082216,0.5592341991082216
2715,1,0.0581225985654913,0.05696717810478061,0.009499070507768173,1.360324619143779,0.4310763840843731,7.122705964516377e-9,9.698066708883402e7,9.541218187434779e7,1.1326479732200654,0.5004258006572785,2.2140119167912307,0.12681435226251714,37.706086814309174,-5096.295114641252,7.0,1.0,0.8872088196522274,-5096.295114641252,5102.04588710149,-0.05074898681050399,0.3537319743199987,3.0,0.0,0.5592341991082216,0.5592341991082216
2716,1,0.05745381016394013,0.055857491746912104,0.009473902800026017,1.3647124194412728,0.4236052493349841,7.232718057947084e-9,8.898114790788427e7,9.200553902458218e7,1.1195631394846213,0.5587185775640341,2.0760880451800214,0.13133996128812844,41.55990307065505,-5097.541952222745,7.0,1.0,0.6686959081887045,-5097.541952222745,5104.242866522268,0.23365785014175344,0.5831484086193086,3.0,0.0,0.5592341991082216,0.5592341991082216
2717,1,0.057998732646769524,0.05982613507430923,0.009430170823469856,1.3405742411698176,0.42469471169213424,7.0978661122781525e-9,9.790970328023662e7,9.045137236601256e7,1.0063207569965382,0.49978147477330936,2.161821920955905,0.11926855258145275,37.31304359537498,-5094.8519146802655,7.0,1.0,0.9265969952691085,-5094.8519146802655,5102.786786482166,-0.4699852308840491,-0.4699852308840491,3.0,0.0,0.5592341991082216,0.5592341991082216
2718,1,0.05811801663999424,0.05903739343602918,0.009721909280803402,1.361244302432009,0.4224983075934953,7.229837202759913e-9,8.15871154128994e7,8.333201015184511e7,1.1266068960986257,0.5325780991735279,2.1324975987153567,0.11940829517046941,39.07004535153683,-5097.408660874291,7.0,1.0,0.9746370539733691,-5097.408660874291,5100.232345894721,0.1546295367197672,0.1546295367197672,3.0,0.0,0.5592341991082216,0.5592341991082216
2719,1,0.05775355491014969,0.05979694703610762,0.009526873355713995,1.3548096021547857,0.42066712884996305,7.201080271728933e-9,8.771553474435702e7,9.291170013391902e7,0.8934621956062617,0.5829804798147146,2.1864258172243503,0.13670262243095552,39.639050964165044,-5099.026231292414,7.0,1.0,0.8463257864551795,-5099.026231292414,5104.634430864991,0.18166620889769547,0.311843330220654,3.0,0.0,0.5592341991082216,0.5592341991082216
2720,1,0.057970477538132746,0.06508255625198668,0.009202880348814089,1.342681010707223,0.43396835748789764,7.133357596470522e-9,1.0033606567255354e8,8.638595623028915e7,1.2415123939408248,0.5141778836041662,1.9681454103699272,0.1130032486868584,41.4779296610633,-5097.956287868335,7.0,1.0,0.7430948753102472,-5097.956287868335,5104.8957053673075,-0.0677243697191443,0.5703020191385804,3.0,0.0,0.5592341991082216,0.5592341991082216
2721,1,0.05793236313152648,0.05843748977367326,0.009406474946565591,1.348326288661907,0.43595951781921005,7.2471326685285235e-9,8.93945429504264e7,9.587810829736005e7,0.9539222448995666,0.5347301082397595,2.32080049717711,0.1343824433605953,37.75841845304501,-5098.707434484267,7.0,1.0,0.6573997214613216,-5098.707434484267,5106.616510740076,0.12148742644239974,0.8024777705168162,3.0,0.0,0.5592341991082216,0.5592341991082216
2722,1,0.05757451921391517,0.05798645431921539,0.009548553703004614,1.3626867830232148,0.4228825319128603,7.189355874650802e-9,8.692798116729504e7,8.04736914886374e7,1.0500108645824735,0.49175903697981116,1.932019647503989,0.11758297230947433,39.185574220162145,-5097.279832940119,7.0,1.0,1.0,-5097.279832940119,5104.011044250807,-0.34978435320499557,-0.34978435320499557,3.0,0.0,0.5592341991082216,0.5592341991082216
2723,1,0.057886180180206574,0.0605298575273697,0.00948768359439654,1.3472267009805097,0.4330085036660651,7.122153646212994e-9,1.0191729448958147e8,9.947080666842872e7,1.0625960560445442,0.5867566454497111,2.3348132649120332,0.12816371110586294,39.78610116113742,-5098.265159295765,7.0,1.0,0.4043814766688068,-5098.265159295765,5105.208859520451,0.976494623749204,1.7175071250485416,3.0,0.0,0.5592341991082216,0.5592341991082216
2724,1,0.05808687708277615,0.062151946033406895,0.009344433966133745,1.3475136477909553,0.4342366901718946,7.1185229273562956e-9,9.86566214586347e7,1.0217037842352048e8,1.0330367903360964,0.5895004627652647,2.322516005080499,0.13132705205292797,37.123321811791484,-5097.709216578668,7.0,1.0,0.9756128997600061,-5097.709216578668,5102.584042276392,-0.7870573590034837,-0.9341370942156573,3.0,0.0,0.5592341991082216,0.5592341991082216
2725,1,0.05769402234335869,0.059292126000832036,0.009342787854234834,1.353042503894217,0.4292532593369786,7.213862549290539e-9,8.866012068238634e7,7.905732631614795e7,1.0703867514670027,0.4787926929495788,1.944314074455454,0.11808332653274153,45.51400596426938,-5099.302490658811,7.0,1.0,0.6310953757787396,-5099.302490658811,5105.958980100151,0.36478751047070546,0.9217236947424681,3.0,0.0,0.5592341991082216,0.5592341991082216
2726,1,0.0578401594591482,0.060688811932718446,0.009474816689155768,1.3532265756975692,0.42186256537725286,7.145293383207151e-9,1.0088800032288122e8,1.03342372840741e8,1.0569330878102965,0.6058826795253862,2.226698649808693,0.12708173514578563,34.92282750906329,-5099.215589130121,7.0,1.0,1.0,-5099.215589130121,5103.37807105227,-0.0717307053564582,-0.3313195999353411,3.0,0.0,0.5592341991082216,0.5592341991082216
2727,1,0.057689241205035456,0.05930479810915719,0.009479097092291666,1.3569320299610477,0.42502231777852745,7.258321649429128e-9,8.881164332970299e7,7.837601698883662e7,1.1011793956898417,0.4651036137687506,2.136645144971346,0.11536704629002209,45.2466531009571,-5099.804550041168,7.0,1.0,0.8178763306406643,-5099.804550041168,5108.994478850916,-0.06793669071430486,0.5521788074138385,3.0,0.0,0.5592341991082216,0.5592341991082216
2728,1,0.05821427472683965,0.06366187091881512,0.009103359972335297,1.3345989624235657,0.4330451496137212,7.0806549786228016e-9,1.012477982206649e8,1.039902084885227e8,1.0108194084559499,0.6071949668045443,2.1785629402858424,0.1293803809605844,35.42043269956717,-5102.048653343887,7.0,1.0,0.9609256207112006,-5102.048653343887,5103.775853958739,0.31954522723845,-0.5735041519656079,3.0,0.0,0.5592341991082216,0.5592341991082216
2729,1,0.0578019285329125,0.06013838785865204,0.00935584149411206,1.333179395864284,0.4315945803712236,7.176052868821554e-9,8.609340216022317e7,8.62183520304166e7,1.110195139968356,0.5365871281435156,2.058389511103043,0.11611452558844115,45.18363867613834,-5096.112762697063,7.0,1.0,0.9131098667747304,-5096.112762697063,5108.591332306667,-0.6431525292055085,-0.6431525292055085,3.0,0.0,0.5592341991082216,0.5592341991082216
2730,1,0.057798505766978044,0.05810005925365107,0.009464085974407115,1.3688630137280682,0.4234780520112532,7.157220833880968e-9,1.0888788853397676e8,9.421977993956378e7,1.0441769024839678,0.5327574846612255,2.19538415032379,0.13339461665725408,34.34311436538713,-5098.729627830208,7.0,1.0,0.8191706425217564,-5098.729627830208,5103.060250924397,0.28643003934303124,0.41239990826215944,3.0,0.0,0.5592341991082216,0.5592341991082216
2731,1,0.05803996549818422,0.060466091570505025,0.009483119725900595,1.3552408469315067,0.4253113782683381,7.136680470630275e-9,9.862643837409987e7,8.407994965159278e7,1.0991474413563977,0.46760715768823763,2.0781811922874374,0.12289702449834079,34.84963108759744,-5096.944491750708,7.0,1.0,0.9755501225835391,-5096.944491750708,5103.603380707881,-0.17493872414888756,-0.17493872414888756,3.0,0.0,0.5592341991082216,0.5592341991082216
2732,1,0.05758327427069191,0.06365510939996806,0.00938226248703538,1.3453557112037597,0.4299413861024329,7.179727181166357e-9,9.024651693034098e7,9.4441894032831e7,1.0222883582037725,0.6286741498461711,2.155056185333932,0.12198230523009547,44.51352488128092,-5097.831875519381,7.0,1.0,0.8028653370924429,-5097.831875519381,5100.470047750535,0.025451229171267187,0.48224090410258214,3.0,0.0,0.5592341991082216,0.5592341991082216
2733,1,0.0578518838889021,0.06127528124577838,0.009156918237874841,1.3753361142806495,0.4341895806992083,7.0897951285022874e-9,9.346093366001247e7,8.437553405659103e7,1.134241789001944,0.4622465911187808,2.1009822011962735,0.14431651776635698,43.51064557484804,-5103.094928923168,7.0,1.0,0.583292930560188,-5103.094928923168,5107.830101060408,0.8268331175931962,0.943927221355807,3.0,0.0,0.5592341991082216,0.5592341991082216
2734,1,0.05803265742373552,0.06025369624670337,0.009602975184042167,1.326698320827759,0.42135886546442225,7.284576613999462e-9,9.377477205966718e7,9.693173252514996e7,0.9817800902572495,0.6154383980069776,2.1889568792413097,0.10839149638577825,36.21147811417948,-5104.593175758903,7.0,1.0,0.947296181285766,-5104.593175758903,5108.646275577327,0.4575115445368283,-0.7651558015113551,3.0,0.0,0.5592341991082216,0.5592341991082216
2735,1,0.05792386014252055,0.05912034200964319,0.009599980267604565,1.3836602994236002,0.42335912733186143,7.167363285320425e-9,9.213700541836306e7,8.433026475522882e7,1.1930619253559474,0.5103264159431826,2.1962803039968106,0.14840753029365666,43.157513834689624,-5099.984804885584,7.0,1.0,1.0,-5099.984804885584,5113.397349476834,-1.2586784610666655,-1.2586784610666655,3.0,0.0,0.5592341991082216,0.5592341991082216
2736,1,0.0576415772383704,0.05935597703870858,0.009572214368086095,1.34817913666918,0.42848229438962965,7.23721999468211e-9,8.864952356032763e7,9.943565582417965e7,1.005478697698555,0.5443875304976924,1.9858555638003301,0.10626072106818922,36.75390561799863,-5098.8141727011225,7.0,1.0,0.7223015470621558,-5098.8141727011225,5105.6389512432615,-0.04321342620369251,0.9045701625254878,3.0,0.0,0.5592341991082216,0.5592341991082216
2737,1,0.05802637273449953,0.06023609248831007,0.009509679855915054,1.3432696905387609,0.42951533052181123,7.108836490157587e-9,9.448784471580139e7,8.314903182973696e7,1.020391206358461,0.5532684270841098,2.335975857618412,0.12920472962986168,43.20616041751231,-5096.69170286799,7.0,1.0,0.932909527123493,-5096.69170286799,5104.0164995808655,-0.10361219804326538,0.3487919232229615,3.0,0.0,0.5592341991082216,0.5592341991082216
2738,1,0.05772163268130025,0.06517345192808001,0.009139259240812585,1.342732954582387,0.4393284720663057,7.177884229662582e-9,9.468529781013994e7,9.639708623967098e7,1.1033041006383788,0.5123819567235982,1.8757264858948843,0.114107798086175,36.62822188587673,-5098.097084349995,7.0,1.0,0.9072380834929507,-5098.097084349995,5101.844211445233,-0.3480797774882376,-0.49021479115708644,3.0,0.0,0.5592341991082216,0.5592341991082216
2739,1,0.05792039859609217,0.060445813294861594,0.009401900008813763,1.346733929309302,0.4246847281580228,7.136187739745567e-9,9.589175498632978e7,8.606329268718325e7,1.0098266184246631,0.5579859097542904,2.394332249892269,0.13225563303828955,42.21617074236564,-5095.757655653678,7.0,1.0,0.9735583961310983,-5095.757655653678,5101.069796563311,-0.1510154176849028,-0.21191974026078242,3.0,0.0,0.5592341991082216,0.5592341991082216
2740,1,0.057788504750675394,0.05832643399803824,0.009448135499809902,1.3430432035948645,0.4383165664146849,7.1835253053361836e-9,9.970799893787377e7,9.701787366065437e7,1.1663345871585944,0.5006581307475155,2.079418976961215,0.11283392115040888,39.33555471424141,-5098.4303596380405,7.0,1.0,0.6654365727982713,-5098.4303596380405,5101.5384842104395,0.8451037885160986,0.8451037885160986,3.0,0.0,0.5592341991082216,0.5592341991082216
2741,1,0.05777762542361789,0.060150649747540044,0.009573487430442753,1.3432519084619716,0.426864792477043,7.1857138626986745e-9,9.487634799832645e7,9.791481789551984e7,0.9449902167208332,0.5730723571842812,2.034679547778513,0.12984527952935018,37.72444921002834,-5097.019289263484,7.0,1.0,0.9397353060416701,-5097.019289263484,5103.557865945048,-0.5723930955909964,-0.6483670337602234,3.0,0.0,0.5592341991082216,0.5592341991082216
2742,1,0.057621951623955815,0.059910294373195956,0.009494720722880382,1.361492345053836,0.42921561086894894,7.194610201557417e-9,9.302536708798437e7,8.708052401617691e7,1.0933740294797911,0.5240341605817763,2.289068556534859,0.1214152289302052,39.422579650754116,-5093.804767274777,7.0,1.0,0.8498572866394303,-5093.804767274777,5101.033125463543,-0.4913471332483823,-0.4913471332483823,3.0,0.0,0.5592341991082216,0.5592341991082216
2743,1,0.0580655993338145,0.060973501490504955,0.009389237236445927,1.3277058008055034,0.42752747127283725,7.116421641307271e-9,9.264320514425284e7,8.878102632331985e7,1.2036073435230072,0.5424613719975541,2.303409800140846,0.12559017367107705,40.39224273983525,-5095.84465246842,7.0,1.0,0.4699454454562429,-5095.84465246842,5101.49233364,0.0867307220978546,1.6046586701440901,2.0,0.0,0.5592341991082216,0.5592341991082216
2744,1,0.05785572320302793,0.06019878986580057,0.009481997934924685,1.3572045416235923,0.430101861596212,7.193593446803233e-9,9.032156461350772e7,9.288903047559123e7,0.9964547251608845,0.4876755311812851,1.991390458837243,0.1220850828821164,37.86519871809548,-5094.235179614022,7.0,1.0,0.8212874960898567,-5094.235179614022,5098.6987312545525,-0.09691024251515046,0.37835384309801157,3.0,0.0,0.5592341991082216,0.5592341991082216
2745,1,0.05798636973774917,0.06242435458262325,0.009345996145550525,1.3541202146081224,0.426912236820923,7.164867322413964e-9,9.985961968564188e7,8.654452980825183e7,1.2117370364390072,0.5679154185138219,2.2752475878736558,0.122838566658819,41.439887006434276,-5096.596451896348,7.0,1.0,0.6619148349983328,-5096.596451896348,5100.3792526348725,0.4946913118938028,0.5963870374707767,3.0,0.0,0.5592341991082216,0.5592341991082216
2746,1,0.05761235693740771,0.06015776628129204,0.009257117473457102,1.3455640460259082,0.43615141484371645,7.18136802809723e-9,9.133777523679896e7,9.30452937850298e7,0.94490298015612,0.5010464018586109,2.0323875418054866,0.11970961370921016,38.14547556890434,-5095.734837611281,7.0,1.0,0.8417317018458831,-5095.734837611281,5104.907477597199,-0.3949606303840483,0.519348044540493,3.0,0.0,0.5592341991082216,0.5592341991082216
2747,1,0.05812346045396123,0.061231279309402045,0.009431593901299988,1.356077800160043,0.42213463342652585,7.080567093829114e-9,9.757260481525637e7,9.501553806296302e7,1.144164868587461,0.5619025040758472,2.198806248113725,0.12005831211437511,41.43374547046915,-5096.642850338152,7.0,1.0,0.7990639174310566,-5096.642850338152,5100.159087519321,0.2420244143822856,0.4764063652355617,3.0,0.0,0.5592341991082216,0.5592341991082216
2748,1,0.05756523150671565,0.05991304190717452,0.00937788662242323,1.3248764543281695,0.43476752113497746,7.2772127050561344e-9,8.959013007800521e7,8.410640509841646e7,0.920175581419912,0.51590238529053,2.2276460674252596,0.127658663560219,37.71854619069242,-5100.37354006503,7.0,1.0,0.8509102270394793,-5100.37354006503,5102.858901925654,0.27353203995699005,0.28527914911592234,3.0,0.0,0.5592341991082216,0.5592341991082216
2749,1,0.0581548033881424,0.06442177004419977,0.009198284232821482,1.3448852332573464,0.42751124909813915,7.03001288663901e-9,1.0308854945670533e8,9.249174859936741e7,1.2760001203835842,0.5521110266400477,2.2639561074211825,0.12489101788274058,39.32061316552117,-5101.205622862264,7.0,1.0,0.9695394112105354,-5101.205622862264,5105.556865999901,-0.002216562649664411,-0.49482622800587706,3.0,0.0,0.5592341991082216,0.5592341991082216
2750,1,0.05753250228645841,0.058361125738285974,0.009602296758739807,1.3509322530865884,0.41957479226387834,7.207337092620998e-9,9.656361521478571e7,8.636370323539144e7,0.909246453822297,0.5007138935088137,2.109840933653935,0.1250085617486149,40.95987439804269,-5098.06896025276,7.0,1.0,0.9050677546160443,-5098.06896025276,5113.754636200547,-0.267563809135936,-0.6106320978014992,3.0,0.0,0.5592341991082216,0.5592341991082216
2751,1,0.05801962382411337,0.06292394816811585,0.009128560840714322,1.350559766345796,0.43336217575043506,7.112295349836801e-9,9.196130425740525e7,9.166840033001602e7,1.2520119085142736,0.5590387162397339,2.1605222862858713,0.11803501653067407,38.65984371227967,-5098.11123793122,7.0,1.0,0.8552266260677662,-5098.11123793122,5107.684144871995,0.1294521971967697,0.7539044223021847,3.0,0.0,0.5592341991082216,0.5592341991082216
2752,1,0.05786343415584193,0.06488122780896151,0.009378035275855377,1.3366011842271432,0.42391229287087034,7.19621685629239e-9,9.137625794706632e7,9.922254732236637e7,1.0696605736970526,0.604230205309048,1.8743543962008458,0.11498094408113647,38.36576175103815,-5099.5137416899925,7.0,1.0,0.8193533982992476,-5099.5137416899925,5105.014181832624,-0.07470793899665296,0.4831001900474803,3.0,0.0,0.5592341991082216,0.5592341991082216
2753,1,0.05775719864206705,0.06444844072005634,0.009290744422383448,1.3402540061294728,0.430393423418853,7.089912825532744e-9,1.0222616405520473e8,1.0282168627292478e8,1.0114016575409615,0.5199942972536893,1.855124708806643,0.12060447982222178,34.62309441507729,-5100.6404322937415,7.0,1.0,0.9547817078727825,-5100.6404322937415,5106.718014678885,0.1088859145729657,0.14748391887860635,3.0,0.0,0.5592341991082216,0.5592341991082216
2754,1,0.057942834980620715,0.06056483317976187,0.009340021409054492,1.3384886155767748,0.43546588648046414,7.1755888993394e-9,8.86232853568748e7,8.23721539521349e7,1.0937565239397526,0.5386589893912086,2.3787699619776967,0.127582156054758,45.057739038783225,-5097.400946664795,7.0,1.0,0.9438982225096988,-5097.400946664795,5105.2870413663795,-0.48997595503533375,-0.48997595503533375,3.0,0.0,0.5592341991082216,0.5592341991082216
2755,1,0.057966673537640366,0.06092969618396367,0.009373371589760503,1.358929765433305,0.4317333941496857,7.189335293040893e-9,9.536872012586042e7,8.309517856787463e7,1.0738743178704833,0.553234188347288,2.2425224362823215,0.12119689566869528,42.406655215798374,-5094.456918828297,7.0,1.0,0.8249297388387898,-5094.456918828297,5099.622926917317,-0.15900133792001725,0.51974192693433,2.0,0.0,0.5592341991082216,0.5592341991082216
2756,1,0.05754340672372162,0.07050977532427331,0.009112119562813811,1.344803169287814,0.42917538435735136,7.160521233777477e-9,1.0910896808691105e8,9.533381934994854e7,1.0137585125017843,0.5677614960830173,2.0383494321874043,0.11994838870711069,45.23798362111532,-5102.783462658674,7.0,1.0,0.4181724084508968,-5102.783462658674,5106.573566244356,0.9358361684844567,1.3757031966752038,3.0,0.0,0.5592341991082216,0.5592341991082216
2757,1,0.0580467555802717,0.06108757002211902,0.009132753687114272,1.3408787556152082,0.4364478018446669,7.141922195625689e-9,8.841825306406246e7,9.029898125314805e7,1.1511214202374154,0.5004838913428127,2.1533688464873766,0.12852259836956706,34.54661635746389,-5099.127955720146,7.0,1.0,0.9501498423018615,-5099.127955720146,5107.4810816813,0.041692630376019224,-0.6099055757167662,3.0,0.0,0.5592341991082216,0.5592341991082216
2758,1,0.0574814938147061,0.06490327469052982,0.009192067967753764,1.3469348545017585,0.43437119784686684,7.1794753906332056e-9,9.358149808846548e7,8.522254576089327e7,1.1195991344487193,0.46512847595820195,2.1731871702349705,0.12375114005786556,34.17040660201094,-5099.2786999007785,7.0,1.0,0.8151121965020158,-5099.2786999007785,5113.210452901939,-0.8362522087390971,-0.8362522087390971,3.0,0.0,0.5592341991082216,0.5592341991082216
2759,1,0.058247581081861614,0.06437494058356699,0.009137849612911843,1.3244182685727808,0.43845629726261537,7.049073160344462e-9,1.0234770318222624e8,9.799652170914857e7,1.0186410784994129,0.5243170369994358,2.4747952280373346,0.11292307508415601,38.72570990862399,-5100.563418781261,7.0,1.0,0.9613963344188959,-5100.563418781261,5107.0758134341395,-0.053085326311702374,0.13368624235954485,3.0,0.0,0.5592341991082216,0.5592341991082216
2760,1,0.057534568349828265,0.0572846822682447,0.0096421951064984,1.372128540838883,0.41908031254199773,7.2651835003810745e-9,8.838246883445689e7,8.686118538000341e7,1.1016832653620516,0.5347490422735139,1.867373767258636,0.13556198567942018,41.17739178320227,-5098.334823964253,7.0,1.0,0.8894422760211806,-5098.334823964253,5107.190715440817,-0.11269784949035966,0.35133795329784334,3.0,0.0,0.5592341991082216,0.5592341991082216
2761,1,0.05752905690736072,0.05696551730601642,0.00967304594003264,1.381828283073654,0.4230891175559236,7.300426494603963e-9,1.0285773087951607e8,8.248304700220405e7,1.0797644022223503,0.5593002099893414,1.9946772271862356,0.12902123546303207,39.53174425572205,-5098.238179154099,7.0,1.0,0.6652266540755828,-5098.238179154099,5103.315362285969,-0.09846027270759805,0.9152544476410185,3.0,0.0,0.5592341991082216,0.5592341991082216
2762,1,0.05779846814509987,0.061687084831873615,0.009393690324343073,1.3492551805564497,0.4258046671669115,7.160081318454232e-9,1.0100841670952095e8,9.418369573432337e7,1.1341900733117258,0.4978535391819755,2.0620161324790285,0.136181986543081,40.732565247953254,-5095.051563632489,7.0,1.0,0.9225718798556523,-5095.051563632489,5103.481602004117,-0.09123343591454613,0.21430985610550124,3.0,0.0,0.5592341991082216,0.5592341991082216
2763,1,0.05770057594228291,0.05991703017862021,0.009539154747027833,1.3713557497791449,0.4276662936411176,7.2354313315734394e-9,9.318100762957485e7,9.182941340406129e7,1.005712626893866,0.5568494737917156,2.132672644466468,0.11065859739385164,40.473423962583034,-5095.026792323927,7.0,1.0,0.9052271286442911,-5095.026792323927,5098.228212561203,-0.06855641916354216,0.21635175775554671,3.0,0.0,0.5592341991082216,0.5592341991082216
2764,1,0.058051087882304564,0.0644950718987426,0.009368665055299534,1.3226568097443627,0.42937128671527086,7.144334832205764e-9,9.437393003296967e7,8.717196409428068e7,1.1273492306884005,0.5070526756429375,2.143016864790041,0.13582756786447664,39.730498275403534,-5096.0235695073825,7.0,1.0,0.8836747497817884,-5096.0235695073825,5099.995787538171,0.11009197681323712,0.2512358904687062,3.0,0.0,0.5592341991082216,0.5592341991082216
2765,1,0.05781397895459448,0.06008739136893497,0.009525145962440348,1.3637392213812645,0.4245555022027522,7.20515450214814e-9,9.665432360524747e7,8.934248879994453e7,1.083051988881965,0.5235868339046376,2.061651110311703,0.10656673595708113,40.75030947458803,-5094.703559619837,7.0,1.0,0.9884647746270611,-5094.703559619837,5098.706330247649,-0.11185373071839422,-0.14675245708258444,3.0,0.0,0.5592341991082216,0.5592341991082216
2766,1,0.05757582371840328,0.05728630343917636,0.009649604253450437,1.3631098455111206,0.4266964971702939,7.301291863764523e-9,8.895774967611092e7,8.061697039485641e7,1.153298006631392,0.5081822204555495,1.9401896278727395,0.1169418353325076,39.59356247780023,-5098.5533049337255,7.0,1.0,0.786423111777885,-5098.5533049337255,5101.9275104076105,0.2759762915184183,0.4483470992636285,3.0,0.0,0.5592341991082216,0.5592341991082216
2767,1,0.0578118277084195,0.05727114058158698,0.009627540073737142,1.3812058904347955,0.42207165572571076,7.210681176086032e-9,8.130896173575328e7,8.835670816386247e7,1.1403173291583952,0.5382034764101855,2.1791115120748756,0.1268713324383474,34.07126434447861,-5099.655970706925,7.0,1.0,0.8298888170981576,-5099.655970706925,5105.952757158223,0.10091472391923162,0.35793457521140226,3.0,0.0,0.5592341991082216,0.5592341991082216
2768,1,0.05813589929440242,0.05697430152958234,0.00958359093838105,1.3712200380750572,0.4195836174550941,7.200767020649776e-9,8.462164225428265e7,8.544274661274493e7,1.0968599177776508,0.5152108008623836,2.251287141843146,0.11889432959851867,33.171089948542836,-5101.193969367867,7.0,1.0,0.6883012129187229,-5101.193969367867,5107.602189523686,0.8539290689950576,0.8539290689950576,3.0,0.0,0.5592341991082216,0.5592341991082216
2769,1,0.057702678475745096,0.06092766684158857,0.009364071845961303,1.3595112023008418,0.42616769327807197,7.223943792057482e-9,9.76769867896549e7,8.975316399044034e7,1.1037557307195736,0.5502135361139472,1.9151970255618573,0.13314403967537722,43.306934721032825,-5096.458077999427,7.0,1.0,0.992571181832118,-5096.458077999427,5106.212154245035,-0.5364870928087839,-1.178207145298984,3.0,0.0,0.5592341991082216,0.5592341991082216
2770,1,0.057932903971792224,0.06157937337238285,0.009327800338005659,1.346887565580367,0.4310545160962556,7.1503923495381045e-9,9.373152849231248e7,9.27913108941989e7,1.0107291254654047,0.509428481880238,2.3800465118385583,0.10983301039773341,35.85495555492974,-5096.119031353508,7.0,1.0,0.9407545034228121,-5096.119031353508,5100.8362156207395,-0.38910457196470816,-0.40867697439080075,3.0,0.0,0.5592341991082216,0.5592341991082216
2771,1,0.057798039990760094,0.06137159450458295,0.009390380614163786,1.3574735761909893,0.42942063093918525,7.225777290827809e-9,9.825221284873523e7,8.670498845722876e7,1.099647957949017,0.5499736643822457,1.9745869820345094,0.1362533069994975,43.81793903656237,-5095.983529117324,7.0,1.0,0.7011890922677022,-5095.983529117324,5101.810695104341,0.2632242492672958,0.6746265479559952,3.0,0.0,0.5592341991082216,0.5592341991082216
2772,1,0.057889299813077166,0.05823403071079409,0.00927554019122958,1.3621315520769917,0.4340972366685746,7.17383103364562e-9,9.58441181688052e7,8.165068655013199e7,1.0796610570726974,0.5223701044823317,2.009651531013201,0.12672753278896137,41.866304641445296,-5096.572646090661,7.0,1.0,0.6751187387314223,-5096.572646090661,5104.800585605725,0.31130739650416217,0.9184064650280561,3.0,0.0,0.5592341991082216,0.5592341991082216
2773,1,0.0578558783904139,0.06678475445236348,0.00920536773618702,1.3317653078071687,0.42729520989976355,7.1973089704545155e-9,9.54553444684134e7,9.944333486540648e7,1.029065015665631,0.5382756938764578,2.2761836256464485,0.12519228273085783,37.1013616358151,-5099.323727561478,7.0,1.0,0.6791169883407446,-5099.323727561478,5105.462755877258,0.8516494445066201,1.1054149776000486,3.0,0.0,0.5592341991082216,0.5592341991082216
2774,1,0.057615069905705904,0.06449907685809017,0.009174373265243174,1.332532145360245,0.4372605488675347,7.047576812730475e-9,9.592619977132799e7,9.324259340816517e7,1.1100066896231504,0.5183313721693843,2.124832606940225,0.11552053512805181,37.62561186610562,-5098.3782727915595,7.0,1.0,0.9665133341738069,-5098.3782727915595,5103.2677957953165,-0.1861628648612168,-1.12457008475576,3.0,0.0,0.5592341991082216,0.5592341991082216
2775,1,0.05798413633495994,0.06306580179980678,0.009451762902799525,1.3428639192158145,0.4376533934968848,7.1616548933988504e-9,9.8570951424043e7,9.03980481511777e7,1.1767741965485776,0.5707430817371771,2.12236470830902,0.16706914730776734,40.72984162177563,-5103.840451447376,7.0,1.0,0.8934022193707624,-5103.840451447376,5108.8588114237255,-0.03238389106900286,-1.030733834448256,3.0,0.0,0.5592341991082216,0.5592341991082216
2776,1,0.05778601371068521,0.05452609471345946,0.009504393859587838,1.3634807117921801,0.42694527292376017,7.1727905500676545e-9,8.903599558841239e7,9.213172518826598e7,1.0971790792728207,0.5637571996209494,2.189348982579651,0.10874916497767012,40.42460464185851,-5097.582504978554,7.0,1.0,0.9877808036010608,-5097.582504978554,5109.229797273281,-0.991304362268238,-0.991304362268238,3.0,0.0,0.5592341991082216,0.5592341991082216
2777,1,0.05761304902795058,0.05417452370075477,0.009688503019661981,1.3451453879111486,0.4228500969090364,7.2508095515847295e-9,9.069991626568496e7,9.46529149940124e7,1.0809604539295579,0.5030755795916688,2.1933480720617675,0.11982889923958921,40.09560682164492,-5097.229835994184,7.0,1.0,0.8083208880765598,-5097.229835994184,5102.920738591551,-0.13273236478562467,0.5668550273276196,3.0,0.0,0.5592341991082216,0.5592341991082216
2778,1,0.05802101850718882,0.06348464116413141,0.009395370311283516,1.3614274502771413,0.4269979180370505,7.162495342134418e-9,9.895993322806099e7,8.903321356682624e7,1.2140031753648046,0.5752286102184707,1.9989579664953265,0.12137557670482213,39.846877972888294,-5096.492213829885,7.0,1.0,0.5961388049107053,-5096.492213829885,5102.398012045338,0.04138461338880006,1.272772782465836,3.0,0.0,0.5592341991082216,0.5592341991082216
2779,1,0.05771937223855642,0.05846646071629921,0.009481019604769787,1.329392963797253,0.4267548188409816,7.199473321261184e-9,9.379400246727505e7,9.216089757430969e7,0.9425462701833557,0.482282494899845,2.275332517082898,0.1244630375304268,39.59214954190803,-5096.589338253708,7.0,1.0,0.8746951671222233,-5096.589338253708,5100.417245522124,-0.06845068399252341,0.3157113878232849,3.0,0.0,0.5592341991082216,0.5592341991082216
2780,1,0.057640374671162314,0.06463183437896049,0.009151714181542949,1.3504909336273054,0.43440458474814314,7.159000679563295e-9,1.064865218013661e8,7.675830884348777e7,1.1276530849084088,0.5780395478524571,2.129041923602462,0.12422494906385731,41.953094881279036,-5099.26583595653,7.0,1.0,0.881743588684006,-5099.26583595653,5103.369739463922,0.2303342050709034,0.2303342050709034,3.0,0.0,0.5592341991082216,0.5592341991082216
2781,1,0.05807918965438457,0.061329512590916485,0.009443441050336062,1.3286806274168552,0.43319452525082147,7.107725419317247e-9,8.437378273484305e7,1.0668496448576336e8,0.9831969097372227,0.5082147864297829,2.1128048302714673,0.12208140746459736,37.591428664264996,-5099.667787119198,7.0,1.0,0.4648547387510313,-5099.667787119198,5107.359450691339,0.5176808603118843,1.4402008853685402,3.0,0.0,0.5592341991082216,0.5592341991082216
2782,1,0.057756221400194735,0.06836190824340019,0.009329009722577119,1.351070306307641,0.43014578407124815,7.133219869774625e-9,9.32752046285695e7,8.919805909845652e7,1.13772108103515,0.5517881417450443,2.138466445307288,0.13769285031564601,39.367704604730065,-5097.66781900226,7.0,1.0,0.8816670775591139,-5097.66781900226,5108.213736065132,-0.3692253178633109,0.5603848161235874,3.0,0.0,0.5592341991082216,0.5592341991082216
2783,1,0.057616862837998196,0.0627994698737852,0.009178737994897702,1.3509828145268117,0.4379572104435599,7.165656883645293e-9,9.671767491115223e7,9.854557572180746e7,1.2220900886112296,0.46837759517571814,2.510629207789639,0.12089764023202884,34.517444078184916,-5103.230334458638,7.0,1.0,0.8421501650396733,-5103.230334458638,5107.4616184031665,0.20303892110587185,0.4419251506351429,3.0,0.0,0.5592341991082216,0.5592341991082216
2784,1,0.058155734729628414,0.0579577677138008,0.009711493584598614,1.354953951349993,0.42363472539972036,7.2249772024336e-9,9.105284319935943e7,8.533808642106882e7,0.9525898973842973,0.5907713288597111,1.850865759560347,0.12811347195449274,44.77971549023316,-5100.863276193754,7.0,1.0,0.79471629269539,-5100.863276193754,5108.195050712468,-0.04871199257104308,0.8302063737419303,3.0,0.0,0.5592341991082216,0.5592341991082216
2785,1,0.05743664468434024,0.059385269473206104,0.009538852476416466,1.3703138855993442,0.4237691887425572,7.191844249096959e-9,9.612354611329222e7,9.217294913492994e7,1.2693019735157323,0.4757890752171473,2.1530056402447375,0.1149176865504648,35.71412668882002,-5100.459223824089,7.0,1.0,0.9597785409883642,-5100.459223824089,5105.902414509596,0.0829461007797363,-0.4914513900394013,3.0,0.0,0.5592341991082216,0.5592341991082216
2786,1,0.05831306082204768,0.058610861802115805,0.009608974415178505,1.343359072172375,0.4275393521135239,7.204150809708271e-9,9.068380532093295e7,8.599588145950533e7,0.9081024580919425,0.6269333435320324,2.072143810982659,0.14163663829847994,43.70422790994936,-5103.412672287679,7.0,1.0,0.8447056504208729,-5103.412672287679,5108.450146736368,0.2801313541476702,0.45290753435074294,3.0,0.0,0.5592341991082216,0.5592341991082216
2787,1,0.05770434156638604,0.06555647028432957,0.009257754249404889,1.3326025827724008,0.43737701899208975,7.2040146262485485e-9,9.811433733696851e7,9.648004706764865e7,1.095361318596995,0.4984845492356905,2.140660053782375,0.10144759272394986,35.157273904699316,-5101.424430856804,7.0,1.0,0.9815342792496151,-5101.424430856804,5110.613896202605,-0.0970850463518218,-0.21993977511283447,3.0,0.0,0.5592341991082216,0.5592341991082216
2788,1,0.05807694522850301,0.05738267246816275,0.009298729830122733,1.364204386982728,0.4300399375822529,7.106348269201954e-9,9.440114624127185e7,9.16712747647649e7,1.0208538860708087,0.5336726300794847,2.0668300183511015,0.12369005741864621,47.24855218670625,-5099.2147195813,7.0,1.0,0.7956689224925392,-5099.2147195813,5108.059337074379,0.33358670177858585,0.7131652857869994,3.0,0.0,0.5592341991082216,0.5592341991082216
2789,1,0.05754984571879305,0.06314438695297649,0.009290554100051408,1.3323827782254851,0.4398895495643752,7.153915332934627e-9,9.415973785095645e7,9.519493043285747e7,1.1788635652686328,0.5292331080872082,2.1686741112620687,0.12240752083475155,33.60421039319782,-5100.513424382103,7.0,1.0,0.9344944204210986,-5100.513424382103,5107.214157127917,0.19663226452212257,-0.6089687414450964,3.0,0.0,0.5592341991082216,0.5592341991082216
2790,1,0.05777653842905576,0.06675391818714722,0.009185677119028884,1.355204463104184,0.4416784093112744,7.031969715737277e-9,1.0255494181327884e8,8.323653518689506e7,1.0342210212980008,0.562074499166348,2.074864917920795,0.1173232678318761,45.838915572658166,-5102.919809457219,7.0,1.0,0.9336174188187784,-5102.919809457219,5107.991062642684,0.46714137099661457,-0.5056519065283283,3.0,0.0,0.5592341991082216,0.5592341991082216
2791,1,0.05806336362639364,0.06673746558904756,0.009043383276028875,1.3604021447361379,0.44063436761076097,7.038779926779621e-9,1.0267116248791495e8,8.068767263417234e7,1.0448763156518237,0.5654095101827729,2.0535428464567542,0.10802054050910485,45.16313721225849,-5104.037667814914,3.0,1.0,0.849620805409716,-5104.037667814914,5108.303678591544,-0.7178455400799066,-0.8422967455990147,2.0,0.0,0.5592341991082216,0.5592341991082216
2792,1,0.05771843091698035,0.05726871828679888,0.009559550596942093,1.3295022271696948,0.42584380958692614,7.2399973250520894e-9,8.834641264223552e7,1.009187999982374e8,1.0567296734139366,0.5167262281298636,2.220688577979975,0.13897126185680247,34.51659882642248,-5100.2852552117165,7.0,1.0,1.0,-5100.2852552117165,5106.4378839199035,-0.2876026059302603,-0.5607280639087548,3.0,0.0,0.5592341991082216,0.5592341991082216
2793,1,0.05751174001921763,0.06258353699043417,0.00942936641143646,1.3241397570767495,0.4262760168019069,7.229202016429225e-9,9.457903621439637e7,8.814875508253571e7,1.1034259311870434,0.4995114796875323,2.412192732285466,0.11658048065502254,38.09087279038347,-5097.548028708565,7.0,1.0,0.8922110458591737,-5097.548028708565,5107.585219842914,-0.2867924600859624,0.5009240970148312,3.0,0.0,0.5592341991082216,0.5592341991082216
2794,1,0.057893275934556516,0.05714971807338344,0.0094562512081992,1.35911233286469,0.4300049529714068,7.195186895881642e-9,1.0719416592520666e8,9.497812165268825e7,0.94033663588684,0.528837433970803,2.029467665765617,0.12141389601070576,39.101471153187255,-5096.777352026039,7.0,1.0,0.623133986214668,-5096.777352026039,5107.245322740332,-0.08330080187170097,0.7289016775812343,3.0,0.0,0.5592341991082216,0.5592341991082216
2795,1,0.057758438534398715,0.05971527962344205,0.00938962052261957,1.3562448017592688,0.4319139241152691,7.21064188225381e-9,1.1177189018942651e8,1.0820296195136629e8,1.188591201047873,0.518887753651607,2.1398023457947053,0.13179252896091556,43.025317262064576,-5101.306589005607,7.0,1.0,0.5683528160977446,-5101.306589005607,5107.021839864933,0.44961951058303384,0.9157898017538173,3.0,0.0,0.5592341991082216,0.5592341991082216
2796,1,0.057701387478054776,0.06158951051068638,0.009498007132283971,1.3563724868133666,0.4392344629264142,7.2441210593014275e-9,8.755259674925703e7,8.548934139453532e7,1.0274158806310105,0.5104015016730987,2.1516685040057784,0.1279877768371761,41.70966366752395,-5098.449968747173,7.0,1.0,0.6496172393972881,-5098.449968747173,5108.419115904893,0.33505277373842546,1.0111948250078058,3.0,0.0,0.5592341991082216,0.5592341991082216
2797,1,0.05786970545837249,0.05931506727073669,0.009441924090893939,1.3576065456540625,0.4166324180650867,7.181661082041712e-9,9.526239576751469e7,9.087721188796355e7,1.1159373034459048,0.5325568490765373,2.1615701061385186,0.12616824822696512,37.93906215688103,-5096.3005850855,7.0,1.0,0.9890238822478145,-5096.3005850855,5100.259532483334,-0.10359483974025352,-1.129191951107714,3.0,0.0,0.5592341991082216,0.5592341991082216
2798,1,0.05807540237800508,0.06142616075661441,0.009565074988375489,1.3429701349806467,0.43329902549451904,7.107729252996561e-9,1.0520611820074165e8,9.457846469528405e7,1.0884955407332733,0.5410452857516757,1.9666335776089774,0.12190494426857776,37.549001343326985,-5099.730560454308,7.0,1.0,0.40141061220698315,-5099.730560454308,5106.951909672417,0.8115364352197503,3.8612724164822794,2.0,0.0,0.5592341991082216,0.5592341991082216
2799,1,0.05770324953749195,0.06339230977252645,0.009229645720073499,1.3505796228285136,0.42920010173598566,7.273210665194914e-9,1.0195780972707164e8,8.413355078212126e7,0.9905763067944178,0.4896783240239059,2.11990560357543,0.11735987780618333,45.19712240521571,-5101.108863194532,7.0,1.0,1.0,-5101.108863194532,5108.779832557849,-0.13467158512776223,-1.486428994066955,2.0,0.0,0.5592341991082216,0.5592341991082216
2800,1,0.05769445335307375,0.06034933428756718,0.009376834817399829,1.3596651133710644,0.4347604329499045,7.1670450521769765e-9,1.0129887263576199e8,8.231537631264737e7,1.1695636912980016,0.509602142687103,2.3277326787735655,0.1304220644717846,36.66462381394729,-5097.245062027805,7.0,1.0,0.9903294729570964,-5097.245062027805,5105.736252565095,-1.1323897724587368,-1.1323897724587368,3.0,0.0,0.5592341991082216,0.5592341991082216
2801,1,0.05803359779910887,0.058792500447391996,0.009624160892644201,1.3577667328047438,0.42119853743037733,7.261115303695912e-9,8.904464768936054e7,9.741725509714146e7,0.9704509026340727,0.5605228484747719,1.9814224754573162,0.11845704888825083,43.59550013762535,-5098.121086786327,7.0,1.0,0.5920516530018638,-5098.121086786327,5106.343337787013,0.11653211221528181,0.9603390904931075,3.0,0.0,0.5592341991082216,0.5592341991082216
2802,1,0.05790881015832008,0.062313386358126076,0.009593325471495169,1.3439506981608647,0.42406831177124826,7.1257535433309155e-9,9.35875248959043e7,8.924350180175145e7,1.1966317974903433,0.5137834257694389,2.039482045809922,0.11920396455720414,39.64858278997882,-5096.723785286417,7.0,1.0,0.7515900643215314,-5096.723785286417,5102.088446441974,0.3407327922195691,2.3769888787164746,3.0,0.0,0.5592341991082216,0.5592341991082216
2803,1,0.057836861885031066,0.060378015576126695,0.009193353914936135,1.3508508367839323,0.43131469196985556,7.2186442118449574e-9,9.28796325502005e7,9.190814077909616e7,0.9955175251575574,0.5683442395304785,2.196554906959464,0.12436691330444169,44.39927408569558,-5098.528734089809,7.0,1.0,0.8497255908679681,-5098.528734089809,5101.023178713489,0.6077968457339011,0.6077968457339011,3.0,0.0,0.5592341991082216,0.5592341991082216
2804,1,0.05798849302794853,0.06270271551102963,0.009428520859623951,1.3644963829612977,0.4187775876402331,7.20399045399796e-9,9.362053177252267e7,9.316409049385336e7,1.2136905759900152,0.49529728656260796,1.9001246977444193,0.1190273708250896,34.98983608357686,-5102.2971738074575,7.0,1.0,0.9869258110430058,-5102.2971738074575,5107.395439103432,0.032659913461429824,-1.0243216008566378,3.0,0.0,0.5592341991082216,0.5592341991082216
2805,1,0.05798228629210223,0.05806467372539572,0.009298054034300906,1.354891224307889,0.4293908954369356,7.180379319577402e-9,9.874403375369585e7,8.363856283408564e7,1.075722239316673,0.5358945021221785,2.330616464448894,0.13202825355423128,46.454319747655816,-5099.797924647152,7.0,1.0,0.9098206766402701,-5099.797924647152,5109.33628467073,-0.0135907351559581,-1.2509535470180708,3.0,0.0,0.5592341991082216,0.5592341991082216
2806,1,0.05779214895064087,0.06464375189960907,0.009349955743617161,1.3798791947139586,0.43500587688073106,7.157842064905453e-9,1.0438600355991502e8,8.976656474352306e7,0.9837189761536371,0.5778495451322483,2.2440008516055774,0.13059808255569544,47.34251567890639,-5101.66570796338,7.0,1.0,0.8783184899381357,-5101.66570796338,5107.169307847007,-0.37965303120654426,-1.016602151996267,3.0,0.0,0.5592341991082216,0.5592341991082216
2807,1,0.05782471993418406,0.05824192521960935,0.00933278714276951,1.3278583549092657,0.4294804561554909,7.11131754321957e-9,8.660813515751822e7,8.851845940466122e7,1.155111983239395,0.5091049204609042,2.0272152119490383,0.10960204791789127,36.30250705392517,-5098.318802667704,7.0,1.0,0.6266518184866429,-5098.318802667704,5108.61236334467,-1.7229880825743749,2.442106937824974,3.0,0.0,0.5592341991082216,0.5592341991082216
2808,1,0.0578554200723041,0.06543789749638361,0.00928577231873303,1.357598740425157,0.428141609455035,7.101674942143169e-9,1.0105467054674982e8,9.522712475692773e7,0.9825342976163266,0.5503175635377767,2.080118256517041,0.13805438760397146,43.18785547915776,-5097.666355135804,7.0,1.0,0.8260625289025144,-5097.666355135804,5105.908526344995,0.028401060450050863,0.42064624711565557,3.0,0.0,0.5592341991082216,0.5592341991082216
2809,1,0.057544695418294566,0.05757585370807962,0.009305153713330853,1.332469263228924,0.43103420140386184,7.1341277572724145e-9,8.887610738262786e7,9.341626140585853e7,1.1500840649388686,0.5058022435277585,2.1521950849076776,0.11479301739500292,36.058734514830086,-5098.304568010342,7.0,1.0,0.9158763698530917,-5098.304568010342,5103.336886858923,0.19720983776096546,0.19720983776096546,3.0,0.0,0.5592341991082216,0.5592341991082216
2810,1,0.05838504216558992,0.06428957695520406,0.00960653860967901,1.3724644867225486,0.42955466462053143,7.175788428437553e-9,9.538506123752837e7,8.871578513424134e7,0.9495968567905295,0.5649337959142798,2.046327707317564,0.1304138891097502,40.00942067477763,-5101.137643622868,7.0,1.0,0.4868282358082033,-5101.137643622868,5107.535241869053,0.6913221149115998,1.8291741114953766,3.0,0.0,0.5592341991082216,0.5592341991082216
2811,1,0.0574985828142625,0.05767920319706387,0.009430758420115964,1.3602243051877927,0.42166371844190087,7.2653548856577964e-9,9.307099942698506e7,9.50341392729703e7,1.2057567297707856,0.5049805914218805,2.2585222811942853,0.11956897545683132,39.34201016842339,-5098.970517811108,7.0,1.0,0.5533257854947713,-5098.970517811108,5110.222595295613,0.3709483479105984,1.2119866613375052,3.0,0.0,0.5592341991082216,0.5592341991082216
2812,1,0.057748713328751484,0.060028938992315206,0.009734376296353056,1.3520686123963201,0.4252176244682558,7.222567954840152e-9,1.0032179485791376e8,8.651784444657399e7,0.9958156960643803,0.5606028055547186,1.9890918731274825,0.1309670753017459,43.092920513742435,-5098.800012884844,7.0,1.0,0.9310362049644019,-5098.800012884844,5102.886616682824,0.22337980434531346,-0.8917839941350394,3.0,0.0,0.5592341991082216,0.5592341991082216
2813,1,0.0579315383007515,0.06293216670076798,0.009044072225030002,1.332989945313927,0.43642706671123555,7.100671297544173e-9,9.025902940958545e7,9.426326495487235e7,1.118061365288661,0.5350156941190843,2.2826230256503655,0.11447615693969954,37.661115223289414,-5097.359674040696,7.0,1.0,0.9790040328795779,-5097.359674040696,5108.026081563072,-0.8236019805972319,-0.8661324732220237,3.0,0.0,0.5592341991082216,0.5592341991082216
2814,1,0.05766803880185111,0.06066060667392001,0.00950521864016737,1.3151911254693598,0.42246409406619234,7.1565304471713194e-9,9.557332171701442e7,7.939744386067079e7,1.0541126110582104,0.5383201778541892,2.396808933964988,0.12293866296304189,41.87749924037894,-5099.077701529463,15.0,1.0,0.9191572157936148,-5099.077701529463,5104.680263452906,-0.05262790429242159,0.5181281700533873,3.0,0.0,0.5592341991082216,0.5592341991082216
2815,1,0.057679027272457425,0.06075947700781521,0.009347891179577558,1.3064071062144391,0.435007068769478,7.224670280991247e-9,9.249252073057148e7,8.622137167307656e7,0.9805460479003801,0.5024039555346402,2.2132325545103924,0.1271072862208791,39.18040426869856,-5098.34784694721,7.0,1.0,0.9285716806086831,-5098.34784694721,5105.481418659458,-0.12500547173203813,-0.3164629920056541,3.0,0.0,0.5592341991082216,0.5592341991082216
2816,1,0.058069312818584656,0.06085754045623587,0.009419886119492855,1.3145224432450302,0.4290193785795804,7.1625434657599846e-9,8.915626454907621e7,9.41218292170102e7,1.1168565286823502,0.5175755481887858,2.0288666721628634,0.11957557693778878,40.888712827440024,-5096.13811434319,7.0,1.0,0.8929447203707384,-5096.13811434319,5103.337324930868,-0.19296272790597868,0.345853869772327,3.0,0.0,0.5592341991082216,0.5592341991082216
2817,1,0.05814367792820134,0.062115263340458506,0.009385249625895452,1.3270085793050914,0.42758624464711786,7.146703300894784e-9,9.101411573394524e7,9.246369455581573e7,1.1393760874515435,0.508794943455156,2.130419161408126,0.12248016013197636,40.53846997420883,-5094.756959502444,7.0,1.0,0.9749874904146699,-5094.756959502444,5098.338151267269,-0.0684190368574491,0.15633068852184806,3.0,0.0,0.5592341991082216,0.5592341991082216
2818,1,0.057604106334192884,0.05886460509786706,0.009569652663902813,1.378197481448108,0.42783692314813604,7.2371488474635375e-9,9.740052789687169e7,8.691945738400805e7,1.0209936293964934,0.5643251376391318,2.0476461605703746,0.11915483890910855,38.5242024956403,-5095.26051735496,7.0,1.0,0.8807008676163081,-5095.26051735496,5099.018742686257,0.01009339979282231,0.21150643235068856,3.0,0.0,0.5592341991082216,0.5592341991082216
2819,1,0.05799694159929983,0.05843322523756753,0.009554334875297044,1.3353993667283948,0.42441125262139895,7.164228241222212e-9,8.999813090457231e7,9.969010990131055e7,1.128937053625625,0.46163073219241874,2.206345260722868,0.11741909682766793,40.84849885830054,-5097.41782304108,7.0,1.0,0.7229924033847668,-5097.41782304108,5101.632875915211,0.14096903127665428,0.5180323514632619,3.0,0.0,0.5592341991082216,0.5592341991082216
2820,1,0.05780093181984384,0.061866643558713,0.009267361180245265,1.362975070131038,0.43278912620411997,7.165099149532656e-9,9.69515325603707e7,8.079976606405893e7,0.988459827918694,0.612763096657107,1.996625801312909,0.1293444252013706,41.230003726234145,-5096.800258589332,7.0,1.0,0.8522046897789115,-5096.800258589332,5102.325084353552,-0.6754685988917117,-0.6754685988917117,3.0,0.0,0.5592341991082216,0.5592341991082216
2821,1,0.05796162913330415,0.05906970537923429,0.009469646411733007,1.3430532087765115,0.42500586669676843,7.172126221536554e-9,9.286427424161349e7,1.0152179618856491e8,1.1266784851328095,0.46500588230991285,2.54862771386527,0.1396432461266768,37.74593080343169,-5101.145809394767,7.0,1.0,0.3808309538256512,-5101.145809394767,5108.438858934951,1.0502197389732828,1.2282093178191644,3.0,0.0,0.5592341991082216,0.5592341991082216
2822,1,0.05744975118132363,0.062083611348491295,0.009289558568750318,1.3582703165327539,0.4338526866324832,7.219993558920539e-9,9.602088262556396e7,8.664611795037599e7,0.9778084118580909,0.5842898183615207,2.307856800912542,0.11557914155755465,40.147502818976925,-5096.780820343513,7.0,1.0,0.9674309933134067,-5096.780820343513,5105.855485117714,-0.4169432475900976,-0.4169432475900976,3.0,0.0,0.5592341991082216,0.5592341991082216
2823,1,0.057628495685175994,0.06474457486739289,0.009279330925958972,1.3674255425225366,0.4269925605709508,7.136221325376688e-9,8.819564229246396e7,8.685717710610908e7,1.0179018040845274,0.5200832121430968,2.215510690881202,0.14688122472011902,42.77299043879384,-5099.1848841478295,7.0,1.0,0.7843762944163947,-5099.1848841478295,5104.464798188504,0.2987941306355424,0.4577806353681808,3.0,0.0,0.5592341991082216,0.5592341991082216
2824,1,0.05808174524193429,0.05820353930560563,0.009277343984321531,1.3299446024116852,0.43871303491732927,7.175970611598111e-9,9.987804207133162e7,9.135850367159046e7,1.0669451680376616,0.5737238416476236,1.965701229341856,0.11492200191297969,38.71598594543785,-5097.851258683906,7.0,1.0,0.9808173989352527,-5097.851258683906,5103.270984916225,-0.03578108587407769,-0.32370298213481874,3.0,0.0,0.5592341991082216,0.5592341991082216
2825,1,0.05771883578095844,0.06220443947677538,0.009538257698555583,1.3909171267857705,0.4155263974570431,7.2392964280285565e-9,9.19265971200721e7,8.866284471856353e7,1.0496370470921967,0.48740571121207865,2.511484885851818,0.12999198710938012,40.66471574242469,-5101.442547781349,7.0,1.0,0.8669020439107641,-5101.442547781349,5104.830245520309,0.431093689951922,0.5109003062480042,3.0,0.0,0.5592341991082216,0.5592341991082216
2826,1,0.0583467746222423,0.055432094067220695,0.00933189318196661,1.3205205229020751,0.43014997390292614,7.160421976611008e-9,8.915573393486105e7,9.362717014659382e7,1.0930686993286252,0.5278429021465644,2.034986589596177,0.11702888294740516,42.918270813381554,-5101.627978650523,7.0,1.0,0.3627157205135755,-5101.627978650523,5113.552579909713,0.9501259400640265,2.4961004362285166,3.0,0.0,0.5592341991082216,0.5592341991082216
2827,1,0.058075714683189686,0.060392306371131646,0.00946598564377667,1.3500054817843667,0.43686090118831655,7.126721755655244e-9,9.191822893581383e7,8.401139669099e7,1.192332600457882,0.5832137376471507,2.1546888941387206,0.13223030579480094,38.400211494411664,-5098.187023502228,7.0,1.0,0.6859170533124852,-5098.187023502228,5108.345334707744,-0.8472839600972293,1.4530358585461727,3.0,0.0,0.5592341991082216,0.5592341991082216
2828,1,0.05757788745693672,0.06374639749675101,0.00946715759517108,1.3490945082109973,0.4238361613545298,7.212777682615201e-9,9.719182288641882e7,9.766001180335082e7,0.9705685560890455,0.4876703576338411,2.03803085911019,0.11464262288346541,41.1975838522753,-5097.130906597765,7.0,1.0,0.9736463357621634,-5097.130906597765,5100.9536182629,-0.4607523668455542,-0.6819015994615256,3.0,0.0,0.5592341991082216,0.5592341991082216
2829,1,0.05786834380983265,0.06021826646175003,0.009428179224036926,1.3493972249905086,0.4275443432985186,7.1475143456747565e-9,9.60528860841899e7,9.335174274484102e7,1.166707906387722,0.4649943284772079,2.045621952505621,0.09760863955555665,38.44056736961705,-5100.720549323026,7.0,1.0,0.691282374065384,-5100.720549323026,5106.573362268378,0.3116692711464566,0.5064321863919758,3.0,0.0,0.5592341991082216,0.5592341991082216
2830,1,0.057865899623789796,0.06283542705280556,0.009457075997174505,1.3547239869019274,0.42572265983002655,7.1627034753926e-9,9.485516275666253e7,9.25600848069898e7,1.1394245271468386,0.4613782503427584,2.068249294728055,0.11928066410678058,40.07786539030526,-5095.434008369359,3.0,1.0,0.6340447050786238,-5095.434008369359,5110.821010410617,-0.2092188196565985,0.902437540745268,2.0,0.0,0.5592341991082216,0.5592341991082216
2831,1,0.057793811921282204,0.05925132180382792,0.00932485944296723,1.3449995857579147,0.4326652169374992,7.123579677389447e-9,9.460241742661321e7,8.725362337856174e7,0.9931683196705874,0.6156648779245357,2.0406986182858473,0.12457330832458798,38.90716615705687,-5095.643948022191,7.0,1.0,0.9805070064436696,-5095.643948022191,5099.549488078736,0.01585232866455044,0.06271576595827355,3.0,0.0,0.5592341991082216,0.5592341991082216
2832,1,0.05781483557951892,0.0641914566674899,0.00943914903639663,1.3428715986212694,0.42711891005709907,7.173293375101445e-9,9.470453786043231e7,9.260780355937697e7,1.1336658106150819,0.4637997790438063,2.193014452319674,0.12247979683075384,39.12786937817534,-5095.773835602073,7.0,1.0,0.9550498329349184,-5095.773835602073,5098.155586171793,0.048901209868745354,0.18780098105071374,3.0,0.0,0.5592341991082216,0.5592341991082216
2833,1,0.05792794007020527,0.05897477378655769,0.009595804932359338,1.37330478909062,0.42566085048718033,7.226875272770894e-9,9.129086233380042e7,8.661657188521785e7,0.9879499941251996,0.6061184034005049,2.0412947847705367,0.1292075081467801,39.37350555679833,-5096.286528290001,7.0,1.0,0.9697432242056735,-5096.286528290001,5101.217098357892,-0.09482961576668458,0.11273804743177607,3.0,0.0,0.5592341991082216,0.5592341991082216
2834,1,0.05766212731574266,0.05788380495502753,0.0094391776281143,1.3657319926913105,0.4296230015059928,7.196544832461584e-9,8.77329628440151e7,9.547601454259734e7,1.114793620287449,0.5157945124750596,2.0600825401688714,0.12035314548553792,38.831355852208,-5094.6936703099655,7.0,1.0,0.8652780673956535,-5094.6936703099655,5100.135838909973,-0.07703871496414649,0.33113947313722747,3.0,0.0,0.5592341991082216,0.5592341991082216
2835,1,0.057441231664873,0.05958871022246682,0.009554161072096393,1.3769436765041914,0.4247400211779813,7.2736987710552566e-9,9.29265457919841e7,8.68125733539734e7,1.123954234935879,0.5112452836968121,2.220600451499754,0.119980674275641,39.849538749811074,-5095.80563344376,7.0,1.0,0.9817447708765695,-5095.80563344376,5098.605659078117,-0.0404139884367396,-0.09486681141333975,3.0,0.0,0.5592341991082216,0.5592341991082216
2836,1,0.05762077649242834,0.05876605387710059,0.009557594092803247,1.3748219140432894,0.4231758971631286,7.251724848129344e-9,9.004123331054349e7,9.465451767335568e7,1.040137578935934,0.5125935138095158,2.142317006854913,0.12074099031334708,36.56120604692978,-5095.375533824548,7.0,1.0,0.7352349709671344,-5095.375533824548,5103.1006088296635,0.045073538288306736,0.47050707459493424,3.0,0.0,0.5592341991082216,0.5592341991082216
2837,1,0.057654280872542894,0.05692607810158902,0.009864870232532984,1.3844717458349654,0.42132773898427706,7.332069949293004e-9,9.003958596585517e7,9.881539224318461e7,1.1707328028493011,0.5096174610875654,2.248624635338286,0.12805745728260237,35.147468203652906,-5102.251707392432,7.0,1.0,0.6227616497715794,-5102.251707392432,5104.979444386226,0.5664923163394633,0.8995926258085092,3.0,0.0,0.5592341991082216,0.5592341991082216
2838,1,0.058066841236935264,0.062091669291994826,0.00967533701268217,1.3543760196842412,0.42092520224159213,7.180135463610575e-9,9.750593532190472e7,8.21685832175936e7,1.1214200264240983,0.544621113135576,2.086737595025028,0.12099807529278067,44.51940117675323,-5097.605851822265,7.0,1.0,0.9528341483145759,-5097.605851822265,5109.727481804628,-0.10813314271945274,-0.3394888589218681,3.0,0.0,0.5592341991082216,0.5592341991082216
2839,1,0.05790304201935584,0.06562601460739055,0.009150454422660652,1.3261910948709408,0.4381416474865659,7.18472309362277e-9,1.0363128918164654e8,9.826346145175442e7,1.0615790564184373,0.5176960663125688,2.1066897606870962,0.12814968436383228,38.97059501298134,-5097.426880895539,7.0,1.0,0.923851164776912,-5097.426880895539,5103.336810471161,0.008190395366909797,0.29679538831442187,3.0,0.0,0.5592341991082216,0.5592341991082216
2840,1,0.057809980052655335,0.05489538376262795,0.009342906254331103,1.3416132371151899,0.4297928428410079,7.086298823562404e-9,1.2115187248796825e8,8.558866606958106e7,1.057255452664524,0.630202535895742,1.8673812571908837,0.10700212817889834,42.225345662749994,-5110.336493927636,7.0,1.0,0.6564882677274194,-5110.336493927636,5113.85960387899,1.0710162408358883,1.0710162408358883,2.0,0.0,0.5592341991082216,0.5592341991082216
2841,1,0.05770718599476676,0.07150168328858084,0.009095656105205682,1.3427794565826352,0.4382513842728121,7.196816176229322e-9,1.0348496036045371e8,9.605034924279547e7,1.1954624325261227,0.5065756109529717,2.3708198891202965,0.13675907164666318,38.84078605864921,-5104.068661358263,7.0,1.0,1.0,-5104.068661358263,5118.671672691715,-0.6793039243293606,-0.9835388973315276,3.0,0.0,0.5592341991082216,0.5592341991082216
2842,1,0.05777323948209989,0.0637733281966284,0.009240855143133761,1.342617411500361,0.4246126071559625,7.124402694197014e-9,8.869651070494583e7,9.309512074143678e7,0.9602148090160914,0.5421313446735637,2.280518367826323,0.11295793942425693,38.718756672861936,-5097.652269203061,7.0,1.0,1.0,-5097.652269203061,5107.78263941162,-0.21976203722078935,-0.7066791672968975,3.0,0.0,0.5592341991082216,0.5592341991082216
2843,1,0.05771360005399864,0.06332571937058762,0.00921755288754542,1.334025834863097,0.42408199070391245,7.079837231559976e-9,8.814096383159545e7,9.133116950657995e7,0.9558094450079124,0.509691581535441,2.166407655573809,0.11091357263187157,35.82547989621426,-5100.349980649929,7.0,1.0,0.8382912658123229,-5100.349980649929,5104.860055086588,0.14776754428476124,-0.5541012935755134,3.0,0.0,0.5592341991082216,0.5592341991082216
2844,1,0.05767540983543016,0.060309076780723926,0.009288414115415158,1.339576782654175,0.440282152250106,7.242087537353406e-9,1.0837202682698688e8,8.128696919990185e7,1.222904703858567,0.5943265851020044,2.2631733316319327,0.1332430250607991,40.75097250237377,-5102.446213473733,7.0,1.0,0.9651296631998844,-5102.446213473733,5107.347444011315,0.004339144380537618,-0.706908834827118,3.0,0.0,0.5592341991082216,0.5592341991082216
2845,1,0.05786406325575112,0.06202567981189786,0.009319752412304889,1.3637817359134157,0.42837303931102105,7.063906707567873e-9,9.53242995069885e7,8.77370881465745e7,0.9318838311987654,0.5039068553921732,2.150669204415147,0.12043254710646631,40.91669081147938,-5097.104525799481,7.0,1.0,0.9915109702965809,-5097.104525799481,5105.425129862256,-0.4028643887368162,-0.5997775316000116,3.0,0.0,0.5592341991082216,0.5592341991082216
2846,1,0.05791624523555942,0.06313618174519965,0.009218292238431246,1.3510963972538368,0.4313995723044482,7.072072199931486e-9,9.686331680136123e7,8.856026016052741e7,0.9663767764510065,0.5045155696208207,2.2086268977502863,0.11834058600024673,40.76546067596328,-5095.471011278129,7.0,1.0,1.0,-5095.471011278129,5099.450355691036,-0.22259661812768172,-0.39177455344997725,3.0,0.0,0.5592341991082216,0.5592341991082216
2847,1,0.05801820136155144,0.06360062270571283,0.009240905402541646,1.3274855270189472,0.4352546494991241,7.143886264332676e-9,8.537899472598617e7,8.696601461779195e7,1.0574749979779992,0.5332908113122709,1.876087644551402,0.1200895095670675,37.36688608931348,-5096.844407448837,7.0,1.0,0.7990079661469125,-5096.844407448837,5103.929187627847,0.07959241058779298,0.4797198157721141,3.0,0.0,0.5592341991082216,0.5592341991082216
2848,1,0.058075182398108716,0.06692034724597234,0.009114562613307328,1.3302517048892009,0.43622105275593626,7.125323765660645e-9,9.32759591742609e7,9.335930480618231e7,1.1407710686155244,0.5059411245134612,2.0219437536819047,0.12527587510215352,40.50168110224219,-5096.809091497685,7.0,1.0,0.5600995110602666,-5096.809091497685,5110.397493890096,0.1901672208077798,0.8667016153940494,3.0,0.0,0.5592341991082216,0.5592341991082216
2849,1,0.05766961856419441,0.057999084845339235,0.009508551213461329,1.3535745358049818,0.4269396956873096,7.125270337265014e-9,9.648006250392191e7,8.949434173397546e7,0.9773232096504084,0.5700264375706747,2.161609502129196,0.1260207813036687,38.63643548094022,-5096.219393298194,7.0,1.0,0.3829020223254324,-5096.219393298194,5103.530892808437,0.24257063732238748,1.8407088825078972,3.0,0.0,0.5592341991082216,0.5592341991082216
2850,1,0.05775679186475792,0.06426725648392455,0.009618564279514748,1.3565327194443815,0.43000908632397045,7.229992558432761e-9,9.61037335403066e7,9.257679645695066e7,1.0845826678097785,0.46840654448810637,2.0811517699637965,0.12632979142276488,41.85398712320427,-5098.011904719381,7.0,1.0,0.8266096031167007,-5098.011904719381,5102.059539998036,-0.37072095357052604,0.5739866213070854,3.0,0.0,0.5592341991082216,0.5592341991082216
2851,1,0.05769880335873869,0.05597620379816679,0.00972898776047667,1.3647540167668593,0.42435005830549954,7.1523265974839896e-9,8.775937949880254e7,8.529532349835277e7,1.0609779304007143,0.5714362755501486,2.0539262524818196,0.11824797875469199,38.846146271347045,-5099.502241387761,7.0,1.0,0.7772373325386768,-5099.502241387761,5102.0493699380895,1.21393510443977,1.21393510443977,3.0,0.0,0.5592341991082216,0.5592341991082216
2852,1,0.05776375240615527,0.06448819382859224,0.00937764828700783,1.3409021262061624,0.43251362768612295,7.17591295774305e-9,1.0124839263686925e8,9.578374265212199e7,1.090770532186215,0.49010830902997266,2.183292322412791,0.12525709396121354,43.09016211995697,-5095.94639943471,7.0,1.0,0.9966722421895694,-5095.94639943471,5102.602575878717,-0.8902555107724766,-1.3781346015339295,3.0,0.0,0.5592341991082216,0.5592341991082216
2853,1,0.05779578920227675,0.06355989378967725,0.009346839377331249,1.332413948307051,0.4326497640568856,7.140443620714173e-9,1.0100149063147265e8,9.4310313075551e7,1.0288347831479152,0.48205436282902614,2.069911896597215,0.12446339653513483,41.27436320497973,-5095.270529984601,7.0,1.0,0.9550507471269736,-5095.270529984601,5099.660644338393,-0.02860967820015503,-0.22709894871059078,3.0,0.0,0.5592341991082216,0.5592341991082216
2854,1,0.05782752229129411,0.05983903807165426,0.009503607768057452,1.3517968723688474,0.41917028370603876,7.1613368414584505e-9,9.370990206714788e7,8.507523525873245e7,1.0580559553341207,0.5578130768666422,2.040551515357551,0.12790569892243517,40.551244665818565,-5094.172326404889,7.0,1.0,0.9822774943528072,-5094.172326404889,5098.088711750164,-0.15965102944937826,-0.1661015559338921,3.0,0.0,0.5592341991082216,0.5592341991082216
2855,1,0.05789860537380592,0.05943964658527731,0.009465697395724296,1.336324123344449,0.4257928527370663,7.179960479876114e-9,1.0322561694417311e8,9.360375906750803e7,1.0284675351087964,0.5265575855935483,2.02304399072167,0.1183914656427034,39.11201670197957,-5094.114106739356,7.0,1.0,0.3998247172019865,-5094.114106739356,5100.545325901683,-0.16705100138551643,2.973418073162975,3.0,0.0,0.5592341991082216,0.5592341991082216
2856,1,0.05774464652232281,0.06235946774118274,0.009379164203368033,1.3404031492860686,0.42956053117598736,7.150301303838636e-9,9.690489026555502e7,8.21859605667362e7,1.1252442698246754,0.5017073783828259,2.300278764563575,0.12260571967800281,40.838978531851076,-5094.823213381459,7.0,1.0,0.944710189840558,-5094.823213381459,5097.020472692864,0.09919189630636538,0.09919189630636538,3.0,0.0,0.5592341991082216,0.5592341991082216
2857,1,0.057949053746961174,0.06135468367572231,0.009469697482860223,1.3550004087212986,0.4276004335462095,7.1889744298322125e-9,9.157232409455755e7,9.85299392604409e7,1.0596187809286004,0.5606415577213352,1.9928533869673895,0.12477987163991155,37.88587844973026,-5094.097755408007,7.0,1.0,0.81605115521995,-5094.097755408007,5099.7779442239635,-0.13185694674302795,1.0354483164046542,3.0,0.0,0.5592341991082216,0.5592341991082216
2858,1,0.057949053746961174,0.06135468367572231,0.009469697482860223,1.3550004087212986,0.4276004335462095,7.1889744298322125e-9,9.157232409455755e7,9.85299392604409e7,1.0596187809286004,0.5606415577213352,1.9928533869673895,0.12477987163991155,37.88587844973026,-5094.097755408007,7.0,1.0,0.3622465311365281,-5094.097755408007,5108.603817318342,0.0,1.615350588594083,3.0,0.0,0.5592341991082216,0.5592341991082216
2859,1,0.05744968931395985,0.06171461211160994,0.009421085297387236,1.38099216640744,0.4267757939336339,7.159006552271094e-9,8.60973531577311e7,8.756586834112568e7,0.966789583402817,0.5781431272916794,1.9308638537120977,0.1304238206128021,41.138852664961995,-5100.492207455681,7.0,1.0,0.6573963520504204,-5100.492207455681,5103.961121256462,0.731200032997549,0.8049802950617959,3.0,0.0,0.5592341991082216,0.5592341991082216
2860,1,0.057983859549386,0.061201835740626286,0.009452642377879666,1.3679515335775556,0.42903596045828096,7.2240598734924314e-9,9.430841073110387e7,9.108233784593953e7,0.9709899400016869,0.6113493692040322,2.021246113304633,0.1246450924242844,39.538302005325974,-5096.802698231433,7.0,1.0,1.0,-5096.802698231433,5102.7714817420865,-0.38035315160868777,-0.5300558257204102,3.0,0.0,0.5592341991082216,0.5592341991082216
2861,1,0.057767461622451534,0.061013541023185555,0.009588340571037836,1.34965500151565,0.422408625851775,7.25545566647637e-9,9.697067910199068e7,8.800497605269423e7,1.245399485001165,0.46282406255324243,2.1708313083351087,0.11768910295616948,40.00418701947729,-5097.877032377853,7.0,1.0,0.8961144503675877,-5097.877032377853,5103.554942945151,-0.4387642052133742,-0.4387642052133742,3.0,0.0,0.5592341991082216,0.5592341991082216
2862,1,0.057939867705294495,0.060233305066881966,0.009503646125125071,1.361899185796861,0.4274053261214278,7.146275987996985e-9,8.98821332369467e7,8.9781627435986e7,0.9210503977350608,0.6097935910446972,2.0571087976562556,0.13067306432611508,37.89916507574477,-5097.582634276175,7.0,1.0,0.6196950453590997,-5097.582634276175,5102.3536369206495,0.5462579613749767,0.5697580062824272,3.0,0.0,0.5592341991082216,0.5592341991082216
2863,1,0.05774116858964881,0.06161260440404658,0.009416523851946395,1.3396320139781448,0.42696381370545905,7.176235952693331e-9,9.38231439315509e7,8.045018029591914e7,1.148967704791526,0.44458968946671373,2.141835044319081,0.1375238546157952,41.34727406824183,-5099.239717741338,7.0,1.0,0.8220753557500806,-5099.239717741338,5106.777627932584,0.02606261588880443,0.43205198523810395,3.0,0.0,0.5592341991082216,0.5592341991082216
2864,1,0.057873821626122215,0.06335847536150487,0.009516152647867628,1.3419179418028462,0.4261233977270319,7.203575099489394e-9,8.894152634289992e7,8.718660224471503e7,1.0105639626741147,0.5367907935747704,2.3033661237332725,0.1385985463032265,38.47470103784498,-5096.259330895626,7.0,1.0,0.644892593370885,-5096.259330895626,5104.808623346218,-0.2188478388807198,1.1949635934242906,3.0,0.0,0.5592341991082216,0.5592341991082216
2865,1,0.05799302547564891,0.0579250811766227,0.009626861012886179,1.3530648289364258,0.4165433007578792,7.1816150354964665e-9,8.80196289618131e7,9.359419087986243e7,1.1118240922462301,0.515729430733224,2.101073747530604,0.11640353934762072,46.85960017704402,-5098.212398812119,7.0,1.0,0.925392992426108,-5098.212398812119,5102.268422432388,0.15126158299517556,0.27570753361305833,3.0,0.0,0.5592341991082216,0.5592341991082216
2866,1,0.05789258048038571,0.05826363859172694,0.009566374319183536,1.3679093062927328,0.430518681635538,7.2314782283809545e-9,9.572732261159335e7,9.11546124802151e7,1.0317587655480356,0.5283125757886747,2.1224181786010963,0.13481220279742012,37.37521800034169,-5094.832016469957,7.0,1.0,0.8420309373405797,-5094.832016469957,5100.414459903972,-0.3702488338813055,0.4178245686180162,3.0,0.0,0.5592341991082216,0.5592341991082216
2867,1,0.05787160243482658,0.062286617482212044,0.009371096374966807,1.3317229289027404,0.4254453054321647,7.171900642164335e-9,9.22056198659236e7,8.751117280743834e7,1.0843806539824392,0.5287842168908072,2.126029792541538,0.114815139795279,41.21618026564416,-5094.035464266033,7.0,1.0,0.8632822152373233,-5094.035464266033,5097.5132552750365,0.09878378124903975,0.26696796477517637,3.0,0.0,0.5592341991082216,0.5592341991082216
2868,1,0.05794135201347666,0.06049736622832388,0.009322471849946577,1.36078881465896,0.4335797040820683,7.134776203177236e-9,1.0360161103505728e8,9.18410481583122e7,0.9616303491627763,0.5335292262180353,1.9222184302600425,0.13719306898678013,36.608650059800375,-5097.596644939397,7.0,1.0,0.7375344168213694,-5097.596644939397,5100.1080962006445,0.16155557133515686,0.6092309660989486,3.0,0.0,0.5592341991082216,0.5592341991082216
2869,1,0.05790787940712243,0.05535162886207014,0.009578638356554748,1.3416220310543285,0.4268009739220895,7.285192094590694e-9,8.952619317829345e7,8.883009989851125e7,1.177629407003204,0.5186130630377144,2.3687871068827304,0.11515466237622914,42.245885684754285,-5099.663777062153,7.0,1.0,0.8308363897142191,-5099.663777062153,5105.76352370219,0.26715582143970096,0.40745922426413017,3.0,0.0,0.5592341991082216,0.5592341991082216
2870,1,0.057878430262623445,0.06073954259734975,0.009441940818840384,1.3740877001688145,0.41608689081680617,7.1771255151643306e-9,1.0042831972613417e8,9.500265082981046e7,0.9810076510016086,0.5282690260250706,2.1072445313457067,0.1410349806231717,37.79307217481174,-5099.389969130858,7.0,1.0,0.9113958912403725,-5099.389969130858,5104.104837114039,0.23352209261793178,-0.4843672841634543,3.0,0.0,0.5592341991082216,0.5592341991082216
2871,1,0.057892456303931486,0.06113957095745241,0.009159298501718566,1.3269154967280943,0.43727780070666367,7.187404240649896e-9,8.861821611262144e7,8.652295691943838e7,1.1293912680495415,0.5282911196279741,2.245068941333923,0.10600502400843122,41.449632371092925,-5099.0518988213735,7.0,1.0,1.0,-5099.0518988213735,5103.178597737731,-0.3752515981068427,-0.7820845438827746,3.0,0.0,0.5592341991082216,0.5592341991082216
2872,1,0.05761814883419114,0.06378800604547723,0.00944899031127068,1.3335431836615863,0.42280580843903043,7.085505234814286e-9,9.104767520516361e7,1.0078228624841745e8,1.164741990803472,0.5277576711522046,1.8825256366683238,0.11550733358775063,38.618301818762,-5102.278992122455,7.0,1.0,0.773714341439564,-5102.278992122455,5109.651271221503,0.7012852054040195,0.7012852054040195,3.0,0.0,0.5592341991082216,0.5592341991082216
2873,1,0.05768464027121517,0.061257967455824125,0.00940558196863769,1.3440812462969616,0.42213689687642886,7.216338416431427e-9,8.984653025620739e7,1.0634942960054038e8,1.0387178955875562,0.4477430924807119,1.9666242586129796,0.10997802151912796,38.93214929747465,-5102.337811248778,7.0,1.0,1.0,-5102.337811248778,5110.072187195046,-0.3070453961754538,-1.1873788722296013,3.0,0.0,0.5592341991082216,0.5592341991082216
2874,1,0.058038274354120276,0.0602580733990365,0.009353952488122708,1.3664245695895285,0.43031759794217334,7.148154381935153e-9,9.988352533348458e7,8.805001021922816e7,1.0924121148768062,0.620306456263451,2.204770311927669,0.13062429578893509,38.68115317426874,-5096.780610534393,7.0,1.0,0.5870358008689641,-5096.780610534393,5107.423074102843,-0.5693154774626237,1.5885611770709147,3.0,0.0,0.5592341991082216,0.5592341991082216
2875,1,0.05776832911793686,0.060466456379774755,0.00937304078835996,1.3341401773089872,0.4246476546942797,7.20070827638631e-9,8.743450265614054e7,9.106642935524267e7,1.0422642515481697,0.46694953724183524,1.918557342923629,0.12474408826004732,40.06185645421921,-5097.29729204298,7.0,1.0,0.9116852540744306,-5097.29729204298,5105.555489944363,0.06258002081358427,0.32024509593065886,3.0,0.0,0.5592341991082216,0.5592341991082216
2876,1,0.058057940814566125,0.058796087895409375,0.009742269790144021,1.3496324903876185,0.4252557421492575,7.160327123364162e-9,9.604685291416867e7,9.01444892087885e7,1.0667826685074304,0.5567704179341164,2.0580819385082907,0.1057710212159056,37.089599270993155,-5099.644679821897,7.0,1.0,0.688264608410865,-5099.644679821897,5104.605826136224,0.9786294827863458,0.9993763685170052,3.0,0.0,0.5592341991082216,0.5592341991082216
2877,1,0.057700601622443705,0.0624378515076969,0.00927748118242033,1.3547363371645065,0.4338744714512879,7.1934607584153905e-9,9.412881250610405e7,8.850046599746549e7,1.0399455515610847,0.4981501481569959,2.2289437459918005,0.14509395858087076,41.583299291989796,-5096.415558214803,7.0,1.0,1.0,-5096.415558214803,5101.381281394163,-1.21660631638224,-1.544149460693916,3.0,0.0,0.5592341991082216,0.5592341991082216
2878,1,0.05768482723821887,0.058342816779411354,0.009550365286151247,1.3490829188471867,0.42507782567149555,7.209245536389246e-9,1.0401097688664185e8,8.729376814187022e7,1.0177011807196774,0.5674506643001133,2.0238658161769107,0.11862862898691161,37.98040294143983,-5094.918297549213,7.0,1.0,0.840359705954264,-5094.918297549213,5100.541869522513,-0.21095141282967234,0.3512940422333486,3.0,0.0,0.5592341991082216,0.5592341991082216
2879,1,0.05759218779588008,0.05887605384738515,0.00938434245349105,1.3545801376356446,0.42340068037877027,7.236429528312043e-9,9.91840937576785e7,8.525162336767212e7,1.0838339499101393,0.5547221120532033,2.046936188667641,0.1220314360286868,36.69367313154646,-5096.2324110307345,7.0,1.0,0.5957872596444568,-5096.2324110307345,5100.270998268621,0.831132901044839,0.9592778409705716,3.0,0.0,0.5592341991082216,0.5592341991082216
2880,1,0.05750721365397735,0.0633396332441743,0.009528880911149281,1.3529344643112298,0.4315531753976359,7.2379427481205935e-9,8.754856977291086e7,9.66243688606691e7,0.9090423808760535,0.51465589329744,1.9894377995215793,0.13379639941398203,43.068514060488404,-5102.145393309812,7.0,1.0,0.8062521443369685,-5102.145393309812,5105.341880435253,0.7211736427570941,0.7211736427570941,3.0,0.0,0.5592341991082216,0.5592341991082216
2881,1,0.05810641122630508,0.05705101650945639,0.009762709993851499,1.3717294378344764,0.42016698733414176,7.189597463758362e-9,1.0095351427070123e8,8.300391109723364e7,1.2540586028014997,0.5495940877027423,2.3218718722187632,0.11216007112500967,37.75052332160403,-5100.666295559312,7.0,1.0,0.909116404493119,-5100.666295559312,5106.957542258162,-1.4853767214426625,-1.4957479762961157,3.0,0.0,0.5592341991082216,0.5592341991082216
2882,1,0.05797526059265533,0.056771842320744385,0.009739425189983213,1.385109593617571,0.4140461562824024,7.168066212979773e-9,9.892780269090877e7,8.738121082390215e7,1.1278407569475632,0.5303917336915877,2.2865108352449375,0.11696362564929585,39.658916861435884,-5098.293011365005,7.0,1.0,0.3440976877450564,-5098.293011365005,5107.384517403931,0.12012828710248868,3.852044981766994,3.0,0.0,0.5592341991082216,0.5592341991082216
2883,1,0.05751802601034999,0.06048769509228193,0.009381106572300318,1.3359518077447419,0.4341686600283158,7.1610689837726305e-9,8.818765653471674e7,9.416095024438536e7,1.0178189704316696,0.5592701916214348,2.0141876959318186,0.1310453593649303,40.71218352566147,-5096.878383501089,7.0,1.0,0.41810350934477875,-5096.878383501089,5106.385549572373,0.5867857898829243,1.660376253141294,3.0,0.0,0.5592341991082216,0.5592341991082216
2884,1,0.05813671915506074,0.0631234429791402,0.00935406352312785,1.3609222606115698,0.4277966734401807,7.1195909918987764e-9,1.0185406877697796e8,8.406289193578364e7,1.0827724278994744,0.4892327071773966,2.2559689029856407,0.11599606020999095,39.155237186052126,-5096.501205598969,7.0,1.0,0.8660149930244886,-5096.501205598969,5101.931635516984,-0.593418794610443,-0.593418794610443,3.0,0.0,0.5592341991082216,0.5592341991082216
2885,1,0.057582349875604,0.05373390743739049,0.009740085863895197,1.3712740669746064,0.4176385355023632,7.305022768586276e-9,8.900210193006818e7,8.992374542721394e7,1.037374074815081,0.5722569806057071,2.112856490543129,0.12501107774658118,40.71939442032417,-5098.7640821672785,7.0,1.0,0.7852991841717747,-5098.7640821672785,5103.947689475549,0.04048868525387661,0.44555086153832235,3.0,0.0,0.5592341991082216,0.5592341991082216
2886,1,0.05782633198714691,0.06035246171880195,0.009769629576952928,1.3906626423992263,0.41813228345549946,7.2766587891386355e-9,1.0040328258658813e8,8.805591707825334e7,0.9847507713092452,0.5297930312354555,2.2043803229205214,0.12213457931116871,38.31192790028449,-5098.574936502666,7.0,1.0,0.5018080156375736,-5098.574936502666,5105.336700317698,-0.029628523358042003,1.9360139113305195,3.0,0.0,0.5592341991082216,0.5592341991082216
2887,1,0.05779899141191038,0.05928920121581924,0.009455600207930834,1.3378438946411118,0.4302159470100867,7.2269309985389545e-9,9.447404719817168e7,9.095912471291935e7,1.2160064263111654,0.5265021620855992,2.02218514961935,0.1244974602632903,40.44758939383652,-5095.284729428087,7.0,1.0,0.9273959596096931,-5095.284729428087,5103.100567929309,-0.18537605847268424,0.23263222478271928,3.0,0.0,0.5592341991082216,0.5592341991082216
2888,1,0.05776007382923463,0.058431948430565525,0.009227685412285178,1.3634643342783508,0.4356047053811212,7.1532926794498965e-9,9.104424552815627e7,8.820974682353579e7,1.1765579677991578,0.5638014951216079,2.1796951035795322,0.12028487798478014,36.94127525145302,-5097.105013828549,7.0,1.0,0.790617631630652,-5097.105013828549,5101.406138281841,0.3238356820438639,0.43501318752532825,3.0,0.0,0.5592341991082216,0.5592341991082216
2889,1,0.057838598419498406,0.060170590609394704,0.009670104191863246,1.3567068161613263,0.41659643823245707,7.173175376245886e-9,9.56693629568288e7,8.906935643833956e7,1.010589332559051,0.4864963217133728,2.059239756949642,0.13126501971740587,42.55258045620888,-5096.349285455858,7.0,1.0,0.9901220330147735,-5096.349285455858,5101.238806945112,-0.2118344248901849,-0.31283953518959606,3.0,0.0,0.5592341991082216,0.5592341991082216
2890,1,0.058002430066823076,0.06428589956015325,0.009128370505245429,1.3418679867622305,0.43812041340922775,7.197978966711665e-9,9.462378353687288e7,8.757746006024165e7,1.0890162632836047,0.5873423277134177,2.173718476051967,0.11858588205679177,36.745574737638435,-5098.86956373275,7.0,1.0,0.46588178227247573,-5098.86956373275,5105.425657551318,0.9116420361624478,1.1305591096688659,3.0,0.0,0.5592341991082216,0.5592341991082216
2891,1,0.05807810586489053,0.06378150234511931,0.009112285527693678,1.3421439389756866,0.44313335581316887,7.149861656596849e-9,9.695480240328282e7,8.80974752540313e7,1.052957617130027,0.5607957675336992,2.2810704696736073,0.1301261124595274,34.71194194293672,-5099.259016953223,7.0,1.0,0.9728912984864151,-5099.259016953223,5106.6765242636875,-0.627504989355657,-0.9153629213296881,3.0,0.0,0.5592341991082216,0.5592341991082216
2892,1,0.05748276315003073,0.05981231984712242,0.009575940616269353,1.3602423522520548,0.41524537651095006,7.231461032090127e-9,9.741903964129665e7,9.038092573800208e7,1.0524835273496866,0.5009690283684474,1.9210068980815542,0.1227363078094405,45.34075422135645,-5098.999735110871,7.0,1.0,0.9839646945777168,-5098.999735110871,5107.759260468651,-0.2943387414306926,-0.40488283571994543,3.0,0.0,0.5592341991082216,0.5592341991082216
2893,1,0.058345001537940956,0.058132673274068326,0.009410168381487564,1.3202928808659422,0.43453035906164644,7.14078181160653e-9,9.503234541902885e7,9.333649496922745e7,1.038904135754591,0.5561928947295559,2.8067371352699,0.11439149274204737,39.328010015161524,-5104.23724006054,7.0,1.0,0.5627691135629836,-5104.23724006054,5113.619527290629,0.10759018616408866,1.176366628778851,3.0,0.0,0.5592341991082216,0.5592341991082216
2894,1,0.05760115109036276,0.06613656233174323,0.009288528615861859,1.357773830720289,0.42890545640736316,7.207734957693397e-9,9.344079004753996e7,8.594785533631606e7,1.0643911742255618,0.5047306556612713,1.9663148182541543,0.13254063306524896,41.66764996345847,-5096.810115047189,7.0,1.0,0.944974978526859,-5096.810115047189,5109.415811574188,-0.6122690979773324,-0.6122690979773324,3.0,0.0,0.5592341991082216,0.5592341991082216
2895,1,0.05822609123614184,0.06145251137373334,0.00961313378925938,1.33082786377756,0.42164013885551554,7.182642850025547e-9,9.883112954785895e7,9.857129421618508e7,0.9580051898409245,0.5532946246158965,2.251739691046305,0.11321115553186006,39.33101155203801,-5099.088563640726,7.0,1.0,0.9057415100896332,-5099.088563640726,5102.27878659408,0.18771310618831194,0.1922872525128696,3.0,0.0,0.5592341991082216,0.5592341991082216
2896,1,0.057653913384940636,0.06549687067164522,0.009089991187837505,1.3657792497222028,0.43768054815321067,7.179861454512502e-9,8.935973007550457e7,9.837254904956234e7,1.093744609039096,0.5726385613795424,1.9695525613797613,0.13388471570461308,40.6899665574524,-5100.1277979168835,7.0,1.0,0.7211563411814642,-5100.1277979168835,5106.753850337768,0.3597206171070866,0.8075641108025593,3.0,0.0,0.5592341991082216,0.5592341991082216
2897,1,0.05809831363913777,0.056150344486634494,0.009710371162123064,1.3400072415071405,0.4170190757287553,7.1867938428623815e-9,9.969083199362256e7,8.608395652523845e7,1.0771752339014666,0.48886473080079945,2.3435300562398056,0.1148909028610877,38.88967586193701,-5098.432041080092,7.0,1.0,0.8573575284872389,-5098.432041080092,5105.534402215036,-0.7118861175413258,0.7353160371358172,3.0,0.0,0.5592341991082216,0.5592341991082216
2898,1,0.05752847325541699,0.06492736713792041,0.009261648654302939,1.375597831873182,0.4351744522496914,7.202207759591799e-9,9.007094494427347e7,9.696614458492358e7,1.0532042188141488,0.5686767914450692,2.2562096523133524,0.12209272343625074,42.51489819520435,-5098.191093767111,7.0,1.0,0.8390863934527436,-5098.191093767111,5103.603685505984,0.11043601506389678,0.49078903481586167,3.0,0.0,0.5592341991082216,0.5592341991082216
2899,1,0.058033294038979055,0.06203057693421807,0.009056021524127877,1.2957996696899956,0.43675505967970474,7.055921330208985e-9,1.0508909071277654e8,8.910981147749342e7,1.021606656967261,0.49975789925760467,2.013384338429869,0.11682465564201584,36.60588993703021,-5101.787705193136,7.0,1.0,0.8705410393398773,-5101.787705193136,5105.04931648251,0.1658584740389415,0.32917266649474186,3.0,0.0,0.5592341991082216,0.5592341991082216
2900,1,0.057800505181280375,0.06272636262390084,0.009409759330692352,1.3837959893520628,0.427473905162296,7.173211441587777e-9,9.363960055435762e7,9.421349320772514e7,1.1151473252945243,0.5623119169775391,2.2661823789273607,0.14190247580838086,42.435236020763654,-5098.279867019766,7.0,1.0,0.9496994668509243,-5098.279867019766,5109.1418094703295,-0.17597751554149,-0.17597751554149,3.0,0.0,0.5592341991082216,0.5592341991082216
2901,1,0.057526376648895074,0.05651190089487726,0.009551479121293432,1.3411975857122898,0.4252656514174011,7.271520290822301e-9,1.0009190960460414e8,9.32662917125613e7,1.0215023326691206,0.46119412489282374,2.0284936215410214,0.1333022466105968,39.74441075197053,-5099.082955007135,7.0,1.0,0.8800854973200309,-5099.082955007135,5108.001016905794,0.01602967280905432,0.438668111592051,3.0,0.0,0.5592341991082216,0.5592341991082216
2902,1,0.05803647298859284,0.061510233215723305,0.009343728094880533,1.3598601468117864,0.42775559659851226,7.108067842827121e-9,8.936328596759817e7,9.870956468331242e7,1.0782949948843614,0.6456424423849668,2.306347263080839,0.12236703362089331,38.864146490102165,-5098.8325042804545,7.0,1.0,0.9244349041285018,-5098.8325042804545,5104.310366543958,0.02947689996108238,0.3399997412470839,3.0,0.0,0.5592341991082216,0.5592341991082216
2903,1,0.057674844722208234,0.061141295155047626,0.009376467772226105,1.3364836044639261,0.434678824487614,7.20100553679321e-9,1.0348668809874487e8,8.886309146086676e7,1.0036932700435148,0.5287289898731851,1.9437672747587766,0.12599424132629705,37.914643613343934,-5095.468884256684,7.0,1.0,0.522284154669625,-5095.468884256684,5104.597620050276,-0.27953938656446553,1.7850925652901424,3.0,0.0,0.5592341991082216,0.5592341991082216
2904,1,0.05810119417862219,0.062131541036526294,0.009302540596547448,1.3589463483918631,0.4299274610050169,7.063217302143796e-9,9.031706813521299e7,9.799714012772729e7,1.0740028269631354,0.5306992220265598,2.2868054211466555,0.1116679381021171,39.35026684152782,-5096.943684734665,7.0,1.0,0.465121157615403,-5096.943684734665,5102.752867116582,-0.02876480020404415,1.8434807807961988,3.0,0.0,0.5592341991082216,0.5592341991082216
2905,1,0.05788697645689518,0.06167870615639351,0.009359008235163398,1.3280472073546097,0.43449176144389834,7.184875062417914e-9,8.989027495799343e7,9.417580549147733e7,1.0697362239632868,0.5018653842719696,1.9985001034118888,0.1313175171897203,36.48873370644744,-5095.703373561206,7.0,1.0,0.6671529215748124,-5095.703373561206,5104.884040766577,-0.2013043339793512,1.0017992316270465,3.0,0.0,0.5592341991082216,0.5592341991082216
2906,1,0.05755890112827195,0.0582205390961425,0.009206094810369075,1.38172996171303,0.4341795444449638,7.13792660830683e-9,8.418827029040092e7,8.689760216068274e7,0.8869552090155685,0.5429565750469523,2.156743426703155,0.11730452123797147,42.099396175194435,-5104.147030815756,7.0,1.0,0.5502130093890184,-5104.147030815756,5109.140243332387,1.0312618905336421,1.0496751207383568,3.0,0.0,0.5592341991082216,0.5592341991082216
2907,1,0.05780842266627202,0.06345633641267487,0.009547374027684383,1.339526165353558,0.42475719313149146,7.2672945619362405e-9,1.0457381815059958e8,9.806490626456435e7,1.1886846657852315,0.5038574875898412,2.0102999572621885,0.12171095638908784,34.903671035610834,-5101.246216140337,7.0,1.0,0.9473322243849852,-5101.246216140337,5111.0789535099875,-0.4723702298015269,-0.6714707882001676,3.0,0.0,0.5592341991082216,0.5592341991082216
2908,1,0.05807341105029016,0.0629663035641661,0.009241623644653935,1.34587434840549,0.4359679217199729,7.179021506374181e-9,8.807178483512048e7,1.0125306913584e8,0.962466273454792,0.49774193907738307,2.152423806083553,0.12331469362375805,40.136839551311795,-5097.642548920043,7.0,1.0,0.8965032483653353,-5097.642548920043,5108.7656937822585,-0.4226767862073757,-0.4226767862073757,3.0,0.0,0.5592341991082216,0.5592341991082216
2909,1,0.057526778337585675,0.0632731845005615,0.009248364812713822,1.349882222666077,0.4277784769921635,7.1378648495193145e-9,9.843217667993788e7,8.187405332213227e7,1.1060496463076304,0.5366838632317721,1.93525046791655,0.1208840083127663,38.69507515962939,-5096.021355914933,7.0,1.0,0.6787085434907753,-5096.021355914933,5101.694473985648,-0.4933202356887705,1.2137890257199615,3.0,0.0,0.5592341991082216,0.5592341991082216
2910,1,0.05819893473936247,0.05542511267028899,0.009698027312990836,1.355443506872602,0.4210525159779023,7.1728772403713965e-9,8.726899390920784e7,1.0153067022591211e8,1.0364572056679322,0.5394329680874238,2.28783687507247,0.12746692280844754,41.754453380165764,-5097.895075938652,7.0,1.0,0.7302010005596663,-5097.895075938652,5105.517214233818,0.0382463035202818,0.6288062606363383,3.0,0.0,0.5592341991082216,0.5592341991082216
2911,1,0.05823812158328389,0.05641435247356969,0.009701104034335405,1.3558049576175393,0.4156399311368056,7.159234336698546e-9,9.220955378612351e7,1.0798483533437766e8,0.9424734474231493,0.5540706436322215,2.3282262818767427,0.12721174248306427,44.95196769188423,-5103.382922309701,3.0,1.0,0.7553106438327998,-5103.382922309701,5104.824407032714,0.4585081851164432,0.4585081851164432,2.0,0.0,0.5592341991082216,0.5592341991082216
2912,1,0.05790843029695736,0.05767125741026418,0.009721193967840477,1.3534147103839802,0.42546903773222544,7.1954264070441215e-9,8.778187637746444e7,8.607941850035751e7,1.0687828417710943,0.5437449365353078,2.053392081968084,0.12249197539156437,32.507797141165874,-5100.138318383598,7.0,1.0,0.8497332489757342,-5100.138318383598,5109.272386774117,0.4138668626974322,-0.6275224597748092,3.0,0.0,0.5592341991082216,0.5592341991082216
2913,1,0.057751586355477676,0.05774808998622764,0.009762439097233837,1.3410028570333776,0.41694020519387576,7.217432080002902e-9,9.441856697746082e7,8.717734297767636e7,1.0648277643217343,0.5713355393719164,2.1122776139142165,0.11414266459718388,35.42706702365711,-5098.394607239789,7.0,1.0,0.928150444980466,-5098.394607239789,5109.231593791707,-0.8580991272956453,-0.8580991272956453,3.0,0.0,0.5592341991082216,0.5592341991082216
2914,1,0.058093538833975424,0.061150833467172226,0.009498049600217898,1.334578013219626,0.4290525271293455,7.210539902025225e-9,8.210599355237459e7,9.323665569181389e7,1.1448728292127648,0.4999953072473245,2.1512071306642646,0.12536507343145042,44.11905534360518,-5098.001136408477,7.0,1.0,0.9507609109839581,-5098.001136408477,5104.516095645142,-0.053281279516340874,0.22735930093494972,3.0,0.0,0.5592341991082216,0.5592341991082216
2915,1,0.05771515418386446,0.0597195233114138,0.009435110545075998,1.335345838299387,0.43146542889288886,7.194442578948106e-9,8.898373505794527e7,8.231129757173249e7,1.1722304012072902,0.5085778874838232,2.058244761341684,0.12556576629008462,40.473460957086985,-5095.516353252405,7.0,1.0,0.7999107041514447,-5095.516353252405,5101.56026480928,-0.2188197837667758,0.5137216630018884,3.0,0.0,0.5592341991082216,0.5592341991082216
2916,1,0.05813094510263086,0.06245643774180381,0.009294887776007052,1.353499317797107,0.4262608122416139,7.077025667875365e-9,1.0394814420512119e8,9.89169020997456e7,1.1644745182282747,0.5418056870644546,1.9244263866833848,0.12398662527288237,42.260070767619574,-5098.93517848709,7.0,1.0,0.8518338952852306,-5098.93517848709,5101.664000434267,0.3816395763606124,0.3816395763606124,3.0,0.0,0.5592341991082216,0.5592341991082216
2917,1,0.05818567234309206,0.05954760811340335,0.009297029390724763,1.3621909542862476,0.4305134792281039,7.121766531207563e-9,1.0225634253895032e8,1.0519176777074121e8,1.1379111885853093,0.515626139431535,2.031382791480346,0.11956425351939827,40.197286783045755,-5098.710593979308,7.0,1.0,0.8780959419607599,-5098.710593979308,5106.652561175649,0.10416564343631762,0.4664176497126391,3.0,0.0,0.5592341991082216,0.5592341991082216
2918,1,0.057739025250676375,0.05662883250248545,0.0098099165711737,1.3585604061803045,0.4214745648778187,7.219149267380767e-9,9.357277001656626e7,8.06112968699495e7,0.9520029430045309,0.5141019573477963,2.1237911382659176,0.12374514688383303,38.48584131159685,-5099.230207300027,7.0,1.0,0.8724642036003883,-5099.230207300027,5107.548515201061,0.3143725224390437,0.5520820002620894,3.0,0.0,0.5592341991082216,0.5592341991082216
2919,1,0.0579541187524916,0.06211853303091995,0.009442939252033756,1.356502169997033,0.4312029131728777,7.166234219857185e-9,9.03513769601045e7,1.0035120350723197e8,1.2210533379796167,0.5755390103006482,2.153878438609717,0.1319119033925337,43.23936645612023,-5097.953162217721,7.0,1.0,0.9930156650093583,-5097.953162217721,5103.121806535888,-0.5146390259187683,-0.6176318665220606,3.0,0.0,0.5592341991082216,0.5592341991082216
2920,1,0.05775241238101382,0.060026178391799724,0.009452372395581353,1.3380331978075657,0.42964574065483596,7.1643125908209364e-9,9.706878413917111e7,8.013214822356884e7,0.9330543151078738,0.4922308210026257,2.2636033542455603,0.1138659277360726,35.96880200951951,-5098.261285590992,7.0,1.0,0.9792714417267127,-5098.261285590992,5101.773059663591,0.12975303047005582,-0.25864684369935276,3.0,0.0,0.5592341991082216,0.5592341991082216
2921,1,0.057771631854453616,0.05999980237852379,0.009677065386700868,1.3864247661201377,0.423842912748206,7.218061430172129e-9,8.66909010493695e7,9.392792691679004e7,1.1790672070419561,0.5399631334725716,1.8984253196540823,0.12383652263291503,42.79518159569131,-5099.355019495699,7.0,1.0,0.38757267895254927,-5099.355019495699,5107.762416728134,0.3845514014356013,2.7306239874087623,3.0,0.0,0.5592341991082216,0.5592341991082216
2922,1,0.05784323782173837,0.057932774364546115,0.009705266714597805,1.3890901519386476,0.4103485062310984,7.168525921408101e-9,8.22591315865222e7,9.143048421244153e7,1.0643807457663794,0.4985883998807299,1.8648346544154766,0.11880097480080146,39.79392041559545,-5103.318899366224,7.0,1.0,0.8907571107627936,-5103.318899366224,5107.5361137805385,0.39649072927204543,0.39649072927204543,3.0,0.0,0.5592341991082216,0.5592341991082216
2923,1,0.057714415696298434,0.06094781078385276,0.009217143627087733,1.3342313732195046,0.4421933040924859,7.232393683641103e-9,9.770636193982913e7,9.053256124707519e7,1.0552867148953677,0.6079978992014909,2.4720146889831858,0.12275349156229988,37.1313897144774,-5100.877640476421,7.0,1.0,0.9679954424451659,-5100.877640476421,5111.960267671926,-0.16818393496305362,-0.3660847157207172,3.0,0.0,0.5592341991082216,0.5592341991082216
2924,1,0.05756770438026456,0.05873012921870594,0.009348372155655524,1.3326303189864739,0.42231743210578265,7.1765469291981305e-9,8.758503531644732e7,8.069285792659439e7,1.0607292752628006,0.5358869976549201,2.2810200454895107,0.1301525016641661,38.68499196017482,-5098.167339824196,7.0,1.0,0.9199950260069565,-5098.167339824196,5106.15030632072,0.09229654236605711,-0.4555575737003892,3.0,0.0,0.5592341991082216,0.5592341991082216
2925,1,0.05824932814362465,0.057471318777951676,0.009629919848402967,1.3793516835886965,0.4222901822600419,7.240046249442223e-9,1.0408454447336833e8,9.769884003024477e7,1.137785522117506,0.4935064849839131,2.027034988992012,0.11380283393285734,39.25691957611247,-5100.717726102734,7.0,1.0,0.966297779048688,-5100.717726102734,5104.825332658675,0.10738754879093904,-0.7960226674495061,3.0,0.0,0.5592341991082216,0.5592341991082216
2926,1,0.0576986026422759,0.06031410367928984,0.009288061467982802,1.337470571147785,0.42269827290390705,7.154496077423037e-9,8.359512538908367e7,8.849257442639937e7,1.0401860066957744,0.5920537581783301,2.1527457016557636,0.12233333014035482,40.47243911347425,-5098.181446539484,7.0,1.0,0.9787630267675647,-5098.181446539484,5104.220068345125,0.05063939958745323,-0.5525641082003858,3.0,0.0,0.5592341991082216,0.5592341991082216
2927,1,0.05762514618384881,0.05743289995103745,0.009584181527524712,1.3658772764196137,0.42192703823318073,7.1694400538159695e-9,9.976971284455854e7,9.180777593752307e7,1.1316152569621432,0.4871380551115923,2.042499529320846,0.12162766649296375,38.2425545860184,-5096.004912811935,7.0,1.0,0.9315671661151844,-5096.004912811935,5101.030118882822,-0.8007656831059649,-0.8553610989893059,3.0,0.0,0.5592341991082216,0.5592341991082216
2928,1,0.05764561303401978,0.061979036487267915,0.00943821534896085,1.362760392432777,0.426758820658385,7.217325642509287e-9,9.795893783009395e7,9.490809544083215e7,1.151737444159572,0.47865541168456055,2.2220977957998453,0.12082572630622197,39.431654866411556,-5095.472195095768,7.0,1.0,0.7078455641194296,-5095.472195095768,5099.876155746509,-0.10128611866912252,0.8018912343241027,3.0,0.0,0.5592341991082216,0.5592341991082216
2929,1,0.058114066347755074,0.060345278115756955,0.009361854237738616,1.3380707610793416,0.4311408948622442,7.122472913886337e-9,1.0284698515521017e8,1.0499825771961385e8,0.9884874221281045,0.576653166193221,2.036182441170255,0.13469559136720924,40.10325429132066,-5098.120311960184,7.0,1.0,0.7423178027839246,-5098.120311960184,5103.817671825105,0.19954758505718928,0.45101295864424173,3.0,0.0,0.5592341991082216,0.5592341991082216
2930,1,0.05753106760886699,0.06140923659423468,0.009501022709454854,1.356687932228797,0.42698155318220143,7.221782678201224e-9,8.367907864033231e7,8.674041789091699e7,1.0640144137364922,0.4664458934015212,2.2128054314800782,0.1110311717945127,38.32215146616109,-5098.251913407041,7.0,1.0,0.8004513630398787,-5098.251913407041,5103.12734840977,-0.05951870149874594,0.5160800479761747,3.0,0.0,0.5592341991082216,0.5592341991082216
2931,1,0.05790138389571661,0.05842236954094818,0.00945854404748651,1.3421034894513841,0.4321402621480617,7.159736037782541e-9,1.2214283171940887e8,9.95275869907661e7,1.0528915116906896,0.6111418466881593,2.155677020369602,0.1276158887389292,43.69005460938646,-5103.262670765025,7.0,1.0,0.8173173838343928,-5103.262670765025,5106.067473580387,0.48680747180696926,0.48680747180696926,3.0,0.0,0.5592341991082216,0.5592341991082216
2932,1,0.05781038715311452,0.06457134412427218,0.009241344843217474,1.3577171124507792,0.4337786687183912,7.1087850638354886e-9,8.94927025216354e7,8.054098590499924e7,1.0206252975078167,0.5572482790933231,2.1182429559623457,0.12640165226726557,40.76821762042513,-5095.875405296498,7.0,1.0,0.9421537004844017,-5095.875405296498,5108.971957840306,-0.709024018033233,-0.709024018033233,3.0,0.0,0.5592341991082216,0.5592341991082216
2933,1,0.05773763486608407,0.06736850328686614,0.00932003459481925,1.3504592718109965,0.4372981813686914,7.129604796088391e-9,8.761802714949773e7,8.19067371981538e7,1.0532181990926046,0.5780697020533471,2.0463705326198944,0.13341809010042086,42.652637410976965,-5100.442000603136,7.0,1.0,0.5204786186412597,-5100.442000603136,5104.184846720818,1.141939024745625,1.209796224978163,3.0,0.0,0.5592341991082216,0.5592341991082216
2934,1,0.057857289441101765,0.05757271662721009,0.009273798996765292,1.357681815822842,0.43501738462611683,7.149495644258271e-9,8.92156478260737e7,9.656708253423227e7,1.0075684449615565,0.5437519336964112,2.029529942521891,0.12648967027161928,36.562273463291326,-5096.34440664979,7.0,1.0,1.0,-5096.34440664979,5103.114305134152,-0.9436506494639616,-0.9482106038485654,3.0,0.0,0.5592341991082216,0.5592341991082216
2935,1,0.05795907662325891,0.0605213587368127,0.009244439235265793,1.3338324174337082,0.43605553522595186,7.062469183027927e-9,9.147796653435078e7,8.94534558839496e7,1.162741885308879,0.5759586006590007,2.0839987365984673,0.12937963291035093,40.81409675013179,-5096.584068927745,7.0,1.0,0.9575668152910659,-5096.584068927745,5101.962805323468,-0.01482314319400757,0.20369354333161027,3.0,0.0,0.5592341991082216,0.5592341991082216
2936,1,0.057997537529142926,0.06127532781773467,0.0092669276244507,1.345659315551473,0.43585867266853845,7.0782404900630374e-9,9.158460318603504e7,8.659093081276973e7,1.0993019877785377,0.6049795420131154,2.261729349101345,0.12579925385562546,41.079678335254876,-5096.454772269942,7.0,1.0,0.9346713484806658,-5096.454772269942,5102.1912254038525,-0.016791366128018126,0.16904695234370593,3.0,0.0,0.5592341991082216,0.5592341991082216
2937,1,0.057809481054614954,0.06255367168932859,0.009323417591535533,1.3078225306088853,0.43428705377561483,7.203189571160801e-9,9.651972437575953e7,9.054885942805105e7,1.2464930076877756,0.497969123688641,2.0511436421727725,0.11859646343852778,33.82898190727851,-5102.626925732494,7.0,1.0,0.737196699905202,-5102.626925732494,5106.142894703666,0.398329720059337,0.5075386094340502,3.0,0.0,0.5592341991082216,0.5592341991082216
2938,1,0.057854075113684574,0.0600559969149529,0.009348922128214799,1.3218325744338206,0.43594667093751555,7.1794953946950335e-9,8.631538551082401e7,9.40426305744737e7,1.2695238812263632,0.5229537016896497,1.9317338898240732,0.12706274317192895,34.59311130529464,-5101.69940733551,3.0,1.0,0.779279920833459,-5101.69940733551,5109.712333136704,-0.12284254063160915,1.085183571351081,2.0,0.0,0.5592341991082216,0.5592341991082216
2939,1,0.05771043250990989,0.06227989790969763,0.009274116407627552,1.3639044267368756,0.43306601071792883,7.146617882247986e-9,9.393133363867453e7,8.235454426335019e7,1.0635851766175581,0.5004409394790593,2.0419551091173886,0.11273536856386167,37.76038613584498,-5095.179475321116,7.0,1.0,0.9947633535669891,-5095.179475321116,5104.95172442051,-0.5673697477222959,-0.5673697477222959,3.0,0.0,0.5592341991082216,0.5592341991082216
2940,1,0.05799179163248007,0.0607810115422074,0.009394019885285092,1.3311298631605435,0.431515625157819,7.12619987093251e-9,9.614202397810166e7,9.969876736297148e7,1.033912662622075,0.5815928950605096,2.205827902538394,0.1322649029410911,40.51301385061406,-5095.777300245015,7.0,1.0,0.9350526944710952,-5095.777300245015,5097.715796029806,0.12324355232158268,0.1835110486990743,3.0,0.0,0.5592341991082216,0.5592341991082216
2941,1,0.05794548612644076,0.06037700283623638,0.009562857099935863,1.3672938779974646,0.42744906538150745,7.240474529554814e-9,9.060838516792434e7,8.34259588837446e7,1.0711707443830547,0.4816713092445112,2.1279173180773747,0.1176552029498944,38.45118490279403,-5095.4056968588675,7.0,1.0,0.7998114575293822,-5095.4056968588675,5103.160921076975,-0.11421058305859333,0.5381686542305033,3.0,0.0,0.5592341991082216,0.5592341991082216
2942,1,0.057448696768944,0.06067013754986062,0.009299188394451235,1.3496577455898664,0.42912069360496885,7.119420390529628e-9,1.0410391828388512e8,9.54315339511381e7,1.068776603554758,0.5933794186986981,2.681090028186043,0.12683728979483666,40.3023574562194,-5102.387596484975,7.0,1.0,0.6339913765600466,-5102.387596484975,5108.788377513306,0.7270134156997301,0.7534882139334513,3.0,0.0,0.5592341991082216,0.5592341991082216
2943,1,0.05805401139473861,0.06056505331298057,0.009607068364964274,1.3520703712847602,0.4328130723299924,7.237939515749917e-9,8.007097825909908e7,8.221754226342371e7,1.0914333090483666,0.49153804632126713,1.960445856358314,0.138303232033673,40.07111072757998,-5101.138266686026,7.0,1.0,0.9790665469619884,-5101.138266686026,5109.237252895772,0.03940265250639641,-0.49587872932352184,3.0,0.0,0.5592341991082216,0.5592341991082216
2944,1,0.05786784901010515,0.05900790264391017,0.009357956219009936,1.3460074614305706,0.43020805671257,7.198351389876382e-9,1.17894240742679e8,9.74672369949251e7,1.0150511280113315,0.5736286849963567,2.3269115196635743,0.10991359577542166,39.46340448350804,-5100.912652416601,7.0,1.0,0.9660997573978468,-5100.912652416601,5106.701777233449,-0.1136862107559864,-0.32495698968523357,3.0,0.0,0.5592341991082216,0.5592341991082216
2945,1,0.05772590255601589,0.06003233387963626,0.009510201575586269,1.364802544045955,0.423469698931746,7.233765831088321e-9,8.13329438760475e7,8.973050802771632e7,1.125371791724014,0.4872216812383139,1.997503342431488,0.12774529244504249,38.08400391039219,-5097.282299577958,7.0,1.0,0.7921175553225949,-5097.282299577958,5105.851040121454,-0.3803229087197906,0.6908678466988931,3.0,0.0,0.5592341991082216,0.5592341991082216
2946,1,0.057687354385221976,0.06493734802180867,0.009342043791639415,1.3330441871962215,0.4257295907709639,7.1455079973545145e-9,9.875557908161724e7,8.870300693276004e7,0.9868459446704483,0.5576531512714186,2.220288701030924,0.13320233978948642,42.81804031650927,-5096.533004513668,7.0,1.0,0.9153304120573474,-5096.533004513668,5103.13463768133,-0.11577480927371653,-0.2978101636717838,3.0,0.0,0.5592341991082216,0.5592341991082216
2947,1,0.057874123716437784,0.05625804142035258,0.009454668468459052,1.3663338734103416,0.4299318444679518,7.229168759707565e-9,9.520949080172436e7,9.086184367556031e7,1.1623253510213476,0.5031799203191233,2.125060037249588,0.11462368937089656,37.49563900142364,-5096.524270234012,7.0,1.0,0.7095977365873462,-5096.524270234012,5101.966402932228,0.011987244993179047,0.7452957995283214,3.0,0.0,0.5592341991082216,0.5592341991082216
2948,1,0.05800410050802664,0.06285198680612857,0.00935556468500949,1.3549526597280994,0.42433763459269624,7.1383815690003536e-9,9.722023263549046e7,9.155763001809938e7,1.082950282622878,0.49794595485541165,2.2758410524864128,0.11586399032417356,36.97174128200207,-5095.538258090182,7.0,1.0,0.9626117451584325,-5095.538258090182,5100.269147490658,-0.08097749589433079,-0.2555664605833954,3.0,0.0,0.5592341991082216,0.5592341991082216
2949,1,0.058027055031772044,0.0598259027439199,0.009189912530151577,1.3393413652073876,0.4360590257905704,7.11932874525631e-9,9.540658882630251e7,9.449932838148797e7,1.0696729216401435,0.5224079863718208,1.965883869403531,0.12219788226275399,44.802372528899284,-5096.557392540617,7.0,1.0,0.9356782786773421,-5096.557392540617,5101.720178334606,-0.04674601779606746,0.30498570593681507,3.0,0.0,0.5592341991082216,0.5592341991082216
2950,1,0.05804539367151761,0.06511316459081105,0.009082923808380085,1.332645257826993,0.42901933943417786,7.063303140240429e-9,1.0243620335590884e8,8.32834913846877e7,1.0512878985015048,0.5644415507238291,1.9757329498950142,0.10872216978536489,36.86456400109467,-5101.197783002054,7.0,1.0,0.6747082441009161,-5101.197783002054,5104.671775201839,0.5956687812895325,0.8834171415301171,3.0,0.0,0.5592341991082216,0.5592341991082216
2951,1,0.05802864535389559,0.0648338636360445,0.009125428179342747,1.3351134485446199,0.43214862952577754,7.058199472714817e-9,1.036824443102406e8,8.456771246543781e7,1.0560298339299599,0.5771414631660986,2.0029400299404743,0.11138470794512843,41.33633988349805,-5098.334427776916,7.0,1.0,1.0,-5098.334427776916,5104.32857370619,-0.9012372793831673,-0.9012372793831673,3.0,0.0,0.5592341991082216,0.5592341991082216
2952,1,0.05770836062251728,0.05714385561249504,0.009761679647499855,1.3681231166228425,0.4227149581198948,7.310795654259495e-9,8.53064976338179e7,9.473580590915942e7,1.04849744939822,0.4865090334096744,2.1932744881184276,0.13761538887158373,38.25365123365506,-5099.422673461944,7.0,1.0,0.9403396147359262,-5099.422673461944,5102.799313249466,-0.08334983195891255,-0.22786775381700863,3.0,0.0,0.5592341991082216,0.5592341991082216
2953,1,0.05760695577860989,0.059081113566654464,0.00973690825332249,1.3540812821257222,0.41415854078678604,7.264281992006647e-9,1.0319508343835232e8,8.845459365179355e7,1.217214864776066,0.5256243279758278,2.363669150058213,0.11571614134131682,35.33817249014702,-5101.155613480281,7.0,1.0,0.698646976189929,-5101.155613480281,5109.423429225007,0.004810758976418583,0.8720188441338905,3.0,0.0,0.5592341991082216,0.5592341991082216
2954,1,0.05822131965587804,0.057291325316290505,0.009506374801860822,1.3491626365051106,0.4298043418299959,7.129542065799939e-9,9.75422436606524e7,8.578628259543392e7,0.9559420024277512,0.5493134558158728,1.9215509999441527,0.1296759784987156,46.06709446321929,-5099.440431967349,7.0,1.0,0.869990460810885,-5099.440431967349,5107.409741068502,0.03320810208333569,0.33294323926111247,3.0,0.0,0.5592341991082216,0.5592341991082216
2955,1,0.05728721611161084,0.06354881183203297,0.009293857829349831,1.3509594163029262,0.42858637540510014,7.173575025681538e-9,9.818806944971839e7,9.338421104983406e7,1.1743570599423723,0.5091759756400873,2.247928491283837,0.12076647687138585,34.109637067548036,-5099.654716530806,7.0,1.0,0.9868448953551976,-5099.654716530806,5105.550093370991,0.061853496893490956,-0.1592817275377456,3.0,0.0,0.5592341991082216,0.5592341991082216
2956,1,0.05789072780496193,0.062568738501093,0.009333273807620009,1.3382916117532637,0.43702736428496114,7.182437736814218e-9,1.0450401962339875e8,8.555181911088711e7,0.9810771838154794,0.6287608052973568,1.9646486148679347,0.12406793487892141,44.33319708387835,-5099.802573271984,7.0,1.0,0.9679640515000761,-5099.802573271984,5106.497069874446,0.02482007300022815,-0.2097773179593787,3.0,0.0,0.5592341991082216,0.5592341991082216
2957,1,0.05784826393977541,0.05976281375068764,0.009511594443743433,1.3454930830833005,0.4256061758948643,7.117167024264764e-9,9.716422307897794e7,9.27613625856582e7,1.2640549062684723,0.5114075788485083,2.0477106603321222,0.11552526218304843,40.09167334151801,-5097.246771805079,7.0,1.0,0.9006657450256705,-5097.246771805079,5107.477626779326,-0.1982851639686487,0.3657631058158586,3.0,0.0,0.5592341991082216,0.5592341991082216
2958,1,0.05774415413702452,0.06053274291428093,0.009210378258586293,1.3433812606123399,0.43495316697303615,7.13974016168818e-9,1.0255386201883976e8,7.767406661374794e7,1.0459962868299117,0.6053778994933889,2.113436986020953,0.11239142317771793,39.68067429174028,-5098.295491971608,7.0,1.0,0.7731038037075965,-5098.295491971608,5106.853403190074,-0.2094846928721381,0.7413276476727333,3.0,0.0,0.5592341991082216,0.5592341991082216
2959,1,0.057976582174140597,0.06261601547214296,0.009358048887547168,1.3442866585814714,0.42689710376033085,7.135960000865981e-9,1.019327551572422e8,1.0059820377811916e8,1.0115697896780915,0.5278628267971539,2.0093753461992785,0.12234545394103785,37.21778763164129,-5095.290865638923,7.0,1.0,0.9103954460114009,-5095.290865638923,5105.210879553207,-0.1751397812686264,0.39607382768917887,3.0,0.0,0.5592341991082216,0.5592341991082216
2960,1,0.05793344274298736,0.05792582866683109,0.009361235028504944,1.3487469521803728,0.4334976414439587,7.123321232543684e-9,1.0650048117872156e8,8.275324045161581e7,1.2059225288601638,0.5001350583549226,2.217099883046374,0.11957872266895164,42.53664718654422,-5098.654530595231,7.0,1.0,0.8403155686746625,-5098.654530595231,5102.857096095255,0.31394961186742876,0.3550034471518302,3.0,0.0,0.5592341991082216,0.5592341991082216
2961,1,0.05773235525247693,0.06517864555420239,0.00922376504605928,1.3417325267585387,0.43405065004254667,7.15429304242357e-9,9.546750176060362e7,9.403382211926816e7,1.0962075289379374,0.596012640944083,2.0112158747345377,0.12562248143126836,39.67991941744279,-5095.197546709208,7.0,1.0,1.0,-5095.197546709208,5100.881453872671,-0.32971560749138007,-0.39535827343934216,3.0,0.0,0.5592341991082216,0.5592341991082216
2962,1,0.05808628968929316,0.0621652870200777,0.009434032337558226,1.361199133071518,0.42888591110498253,7.127030633000205e-9,9.499170703798589e7,9.652025953666262e7,1.0159710691940351,0.4974184973334437,2.1940386041884885,0.12967549118835575,36.90631776354646,-5095.183733671823,7.0,1.0,0.7723226136076315,-5095.183733671823,5101.138987178058,0.044786260285036406,0.768540885681432,3.0,0.0,0.5592341991082216,0.5592341991082216
2963,1,0.05780200826668909,0.05923997944656533,0.009488981700552106,1.3489392283202897,0.4297096172488025,7.188270519410524e-9,8.873008390700291e7,8.469734553459676e7,1.1058740267007143,0.5573882287076863,1.9147175982076299,0.12346620917124955,40.45960961781024,-5094.577881165388,7.0,1.0,0.9196433901341273,-5094.577881165388,5099.487567105215,-0.0807098058230622,0.24456332493627997,3.0,0.0,0.5592341991082216,0.5592341991082216
2964,1,0.05778747102173249,0.06297385688657964,0.009366858778432866,1.3467449332791055,0.43132465075308474,7.093139768712132e-9,9.88974459329854e7,9.464344735809052e7,1.0208800079534686,0.5077579089149183,2.3128386057917196,0.12011608525743152,38.691668975886046,-5095.748048572059,7.0,1.0,0.7459380470651696,-5095.748048572059,5098.47006533197,0.49985622678377695,0.553896180301308,3.0,0.0,0.5592341991082216,0.5592341991082216
2965,1,0.057813273758914596,0.05416920046667668,0.009398277300652152,1.3622656216105726,0.42910771957703386,7.216752390048497e-9,9.092007059543444e7,8.840715343404421e7,1.1274806909439803,0.5345127683652279,1.9460690443894682,0.13265765736762977,40.187387597657846,-5099.326068337178,7.0,1.0,0.76607331992592,-5099.326068337178,5107.939155162939,0.5148787018306393,0.7353245162184976,3.0,0.0,0.5592341991082216,0.5592341991082216
2966,1,0.057536471541806765,0.06441353572675729,0.00918155073037609,1.3452512870255393,0.4491308860192573,7.119889333058561e-9,8.983724856581384e7,8.567222390465364e7,1.0960000153517728,0.561378838108165,2.027061477406601,0.13492745864798902,39.823184477793454,-5101.893231463735,7.0,1.0,0.7337351805992561,-5101.893231463735,5112.668228964104,0.5137469459168642,1.195020636643676,2.0,0.0,0.5592341991082216,0.5592341991082216
2967,1,0.05785994742417146,0.0598677871548715,0.009707827695235035,1.3459161697367958,0.4209051839700711,7.158194945763283e-9,1.0136843678707905e8,1.0528217941470058e8,1.0073714753003735,0.5186383632883697,2.332776776969823,0.11148289705202784,40.493133392930986,-5100.8860994958795,7.0,1.0,0.9178281400827375,-5100.8860994958795,5112.38966576665,-0.4139704983354022,-0.9402204209709453,3.0,0.0,0.5592341991082216,0.5592341991082216
2968,1,0.0577978388803154,0.05729946869512701,0.009544475814786492,1.3480485381243774,0.4169128292885251,7.176850244384603e-9,8.990360474200836e7,9.594498078800583e7,0.9939455197147266,0.5808594890323551,2.2321080995969105,0.12983402827466706,40.731242450145295,-5097.185985868587,7.0,1.0,0.47482886262202556,-5097.185985868587,5108.022930737703,-0.6917928057446261,2.533117784141723,3.0,0.0,0.5592341991082216,0.5592341991082216
2969,1,0.058108987293993095,0.06280906218418314,0.009218092044892164,1.3461260108019553,0.43614504850952196,7.146549547550676e-9,9.562617433362433e7,8.463308240633614e7,1.152476533866267,0.4820683732695898,2.101389848001352,0.11517586969433279,38.74564816389696,-5096.560253480619,7.0,1.0,1.0,-5096.560253480619,5101.606105439125,-0.04667374293603643,-0.38619194714465266,3.0,0.0,0.5592341991082216,0.5592341991082216
2970,1,0.057479748792440055,0.06288614436006183,0.009166385452954388,1.3398822941636237,0.42613562957784534,7.128507928424964e-9,9.325891034636572e7,9.625871607599795e7,0.968527662380608,0.6181433735606269,2.081110223803893,0.13545875214114197,41.537316872862085,-5100.422281715161,7.0,1.0,0.7885998013601309,-5100.422281715161,5105.334578128453,0.49693130102059513,0.49693130102059513,3.0,0.0,0.5592341991082216,0.5592341991082216
2971,1,0.057884951316394644,0.062140656892576245,0.00950082731466623,1.3351078107539343,0.42585580770713366,7.2079173793335145e-9,8.193609153609686e7,1.0121884041521671e8,0.9901959232257636,0.4765932325646612,2.2080490042591743,0.1226406280929969,37.25961791147853,-5099.0536167821365,7.0,1.0,0.8847349189086351,-5099.0536167821365,5108.695584431702,-0.40354781568657927,0.5151299549952455,3.0,0.0,0.5592341991082216,0.5592341991082216
2972,1,0.05775902963148481,0.06387668305438989,0.00926652294187046,1.3335194456289148,0.44102784076684964,7.1145461783173094e-9,1.1253104621968934e8,8.064579017015411e7,1.144112118258292,0.6093941746291862,2.081588424296942,0.12245816136070103,40.436990743995416,-5102.140611487761,7.0,1.0,0.3914334889943252,-5102.140611487761,5110.123903587491,1.197303394697883,1.9711953541791445,3.0,0.0,0.5592341991082216,0.5592341991082216
2973,1,0.0581773605109578,0.05522774170590238,0.00951561756342913,1.3461066499426966,0.4262450154313344,7.250068054873474e-9,7.905402962465495e7,9.565857328834915e7,1.0478309962221595,0.5403574070797152,2.1290700806840213,0.12379809493591686,39.87064073571993,-5101.176289031806,7.0,1.0,1.0,-5101.176289031806,5107.833473241555,-0.10854709818613628,-0.9110910712306577,3.0,0.0,0.5592341991082216,0.5592341991082216
2974,1,0.05785302603762287,0.06609466106773126,0.009239642351345233,1.3642496564605309,0.42434204298028805,7.09884754176193e-9,1.0964104513107973e8,9.010740012255228e7,1.0449016742601849,0.5274424256239615,2.104888890501115,0.11918430410073308,39.33967895660452,-5098.603442594388,7.0,1.0,0.9213902817129134,-5098.603442594388,5104.34502981065,-0.6600130017313859,-0.9594066213285259,3.0,0.0,0.5592341991082216,0.5592341991082216
2975,1,0.05794541881207013,0.060658495644002434,0.009444673709324222,1.3406202219784833,0.4296687463239939,7.234601828133825e-9,7.951387717918734e7,9.711770879694982e7,1.0882279589264237,0.52962736797068,2.192307140780749,0.13710842258326042,38.51133639730634,-5098.857291565805,7.0,1.0,0.8071841130469476,-5098.857291565805,5106.192732183142,0.042518040344475594,0.575842378408197,3.0,0.0,0.5592341991082216,0.5592341991082216
2976,1,0.05750922976789099,0.05817215953128558,0.009454582159714044,1.3447183338718607,0.4284330403586618,7.216656279198023e-9,8.305588464279567e7,8.650568229693356e7,1.0869924224928091,0.5094060452169094,2.0622979423353485,0.13245601289131806,39.56472465429112,-5096.801480582393,7.0,1.0,0.8283658070824648,-5096.801480582393,5103.192622133312,-0.2673759762828922,0.7308722356719954,3.0,0.0,0.5592341991082216,0.5592341991082216
2977,1,0.057438059929991854,0.05807928796269063,0.009440213433173177,1.3603584069920986,0.42451898398374127,7.1911965539818674e-9,9.368823340498403e7,8.590010084534602e7,1.1852038909632894,0.48371742193537964,2.1275002814383583,0.12558429772062268,40.822389757177255,-5096.842756463784,7.0,1.0,0.9436936779355065,-5096.842756463784,5101.117411501118,0.001523966728200321,0.20127613257045596,3.0,0.0,0.5592341991082216,0.5592341991082216
2978,1,0.05802282202626044,0.0625613271597585,0.009350298959671224,1.352136239057764,0.4280441461394796,7.166944930403885e-9,1.0039099305331174e8,9.657116361366615e7,0.9464138773251766,0.5815588395254219,2.1410761661939617,0.12737791056214037,39.51759532286198,-5095.84305361837,7.0,1.0,0.5415272324270507,-5095.84305361837,5104.180799496881,-0.2582095187381128,1.3397397915805414,3.0,0.0,0.5592341991082216,0.5592341991082216
2979,1,0.05752790192439148,0.05966568662304165,0.009444731933267784,1.355054456023568,0.42985065528245225,7.215421356024752e-9,9.314035369073977e7,8.24274123978082e7,1.1877462181507437,0.4849938740085426,2.093597035628602,0.13200343293791308,39.17632642005011,-5096.419665752435,7.0,1.0,0.6050456699167148,-5096.419665752435,5102.842363494521,0.22161536449311825,0.8937062553641226,3.0,0.0,0.5592341991082216,0.5592341991082216
2980,1,0.05785465569326626,0.06181383939354138,0.009291419380838356,1.339504867758852,0.43286651639223,7.118593020739983e-9,9.153992468925916e7,9.39049097880079e7,1.0088255668096477,0.5907603084476656,2.0788272942895656,0.10980627802074465,42.15167790580087,-5095.753695968542,7.0,1.0,0.9573349018061074,-5095.753695968542,5100.256201717583,-0.0901944882944008,0.13241274644224177,3.0,0.0,0.5592341991082216,0.5592341991082216
2981,1,0.058051589890852864,0.06253461091760436,0.00951508156091721,1.3575518486783842,0.428246729697001,7.153798626242257e-9,9.478473359278873e7,9.637314956957126e7,1.0673511564746059,0.5137527381646975,2.2573425415504325,0.13418230469474257,39.38892552233532,-5094.953201357726,7.0,1.0,0.8446333169672504,-5094.953201357726,5100.6824427467,0.06515949371896568,0.357810631011489,3.0,0.0,0.5592341991082216,0.5592341991082216
2982,1,0.057869406785597856,0.057770351219606705,0.009575344720856572,1.3541775946631391,0.42180984263237853,7.179224263016156e-9,9.314275454258178e7,8.299071272246788e7,1.064052519460365,0.5555202000736892,2.1019739058884555,0.11472205181394728,40.37335082926351,-5094.222765926422,7.0,1.0,0.7343049245518031,-5094.222765926422,5098.240501141125,-0.34553026613957627,0.7492608711490902,3.0,0.0,0.5592341991082216,0.5592341991082216
2983,1,0.05761288374223587,0.06306154572578211,0.00928965377795066,1.358561670583373,0.43415947266695626,7.2035117706962486e-9,9.734980475407398e7,9.802305901275387e7,1.0815514900215693,0.506173870349368,2.118383170538817,0.13553854640388768,39.83224923165701,-5095.576038307756,7.0,1.0,0.7313176912829145,-5095.576038307756,5100.88756464131,0.25977998393591406,0.48360354993292276,3.0,0.0,0.5592341991082216,0.5592341991082216
2984,1,0.05781094166215745,0.05862348640519733,0.009444895224493814,1.3349903314198444,0.4292952916038412,7.166525438906471e-9,9.902368489621554e7,8.701041017862351e7,0.9621700204756117,0.6006904551629277,2.1226372794853927,0.12825131121645839,42.44358448701118,-5096.415827443502,7.0,1.0,0.7618451481722504,-5096.415827443502,5102.26848804678,0.10061971821050975,0.5486242044935352,2.0,0.0,0.5592341991082216,0.5592341991082216
2985,1,0.05746094555305701,0.0614341078886866,0.00957946438958903,1.350388738658672,0.4237800458138059,7.248541729474613e-9,1.0605226895189232e8,8.875246486999947e7,1.081360936719833,0.4701486348528435,2.3112959887033018,0.12030091804123227,36.672139440466196,-5098.918519745565,7.0,1.0,0.7773253656643687,-5098.918519745565,5106.070810565513,0.2513279056238389,0.4462287381584247,3.0,0.0,0.5592341991082216,0.5592341991082216
2986,1,0.05807183873439896,0.05826207404752256,0.00962652450507974,1.368933317216118,0.4302536286625269,7.148965264625576e-9,9.235508956665978e7,9.10616377240928e7,1.0427193442753693,0.6131737361231108,2.029355438452543,0.12284849505426815,42.90161419136262,-5098.107062694304,7.0,1.0,0.6405062826451827,-5098.107062694304,5109.081776356521,0.3897629509856415,0.9298251175523546,3.0,0.0,0.5592341991082216,0.5592341991082216
2987,1,0.05705490293322631,0.06145718176880123,0.009210170808580737,1.3438857666729729,0.4389570460033868,7.185894457762826e-9,1.0464066806231776e8,8.542156084549467e7,1.1649067772613355,0.5792641055011505,2.2074558681750363,0.12763157047913984,36.26756020163798,-5102.801979012293,7.0,1.0,0.4711311796712444,-5102.801979012293,5112.430441031356,0.47438575642536307,1.1799888362893398,3.0,0.0,0.5592341991082216,0.5592341991082216
2988,1,0.05853840009187833,0.05957873025791879,0.009764721863713681,1.3743466814760341,0.4242797309839556,7.138993655385588e-9,8.831461399475822e7,9.995515186179774e7,1.0663663125052372,0.4764507032686987,1.958620794084749,0.11470987057282668,42.27652651147315,-5103.541610720074,7.0,1.0,0.9792455437486646,-5103.541610720074,5112.4126893677,-0.22453242175652122,-0.49238220968709356,3.0,0.0,0.5592341991082216,0.5592341991082216
2989,1,0.057767110185153334,0.06332384925312666,0.009381255754855884,1.365295655977118,0.4276166286164254,7.164034943578611e-9,1.014283719803117e8,9.809119479010811e7,0.9916562820900449,0.5010804531343481,2.328301154805255,0.12141350911066567,36.96639563873824,-5096.36313515459,7.0,1.0,0.9836667892749477,-5096.36313515459,5108.777418068636,-0.8533197489095983,-0.8533197489095983,3.0,0.0,0.5592341991082216,0.5592341991082216
2990,1,0.057623457014287977,0.06088888388556744,0.009256323637335397,1.3468923751224435,0.43428928284353446,7.146846795107598e-9,9.23828884324311e7,7.78967299146265e7,1.0287755268283933,0.5553353655315467,1.8307129479254833,0.11949788451031854,39.06071317108029,-5097.865425334197,7.0,1.0,0.8933935046841172,-5097.865425334197,5102.030572460337,0.057491057069455564,0.24779125962595572,3.0,0.0,0.5592341991082216,0.5592341991082216
2991,1,0.05826987966285345,0.057907645215157746,0.009790496525179267,1.3737417526722862,0.41652009711892857,7.2211835242486635e-9,9.507454079471943e7,1.0062079258660623e8,1.0409942869001223,0.5573928200610133,2.321490080377887,0.12196473714247863,41.24585524215043,-5099.062528659316,7.0,1.0,0.7119671670471908,-5099.062528659316,5107.8951767674125,0.15923948427735013,0.566853020472081,3.0,0.0,0.5592341991082216,0.5592341991082216
2992,1,0.05824455049591002,0.05473570454707565,0.009700740025645457,1.386112683908095,0.4204357788243438,7.146934009521526e-9,9.878261277985689e7,9.440333508993307e7,1.058043199523064,0.5703223965752402,2.372219609528965,0.11724698083763328,44.40244952547524,-5101.586190387104,7.0,1.0,0.7363723845109265,-5101.586190387104,5105.059111852754,0.17866214677360404,0.7363671114999306,3.0,0.0,0.5592341991082216,0.5592341991082216
2993,1,0.05751755051561438,0.0572560435123388,0.009641500058295883,1.3779667343894857,0.4153917470415898,7.341356385802358e-9,9.141225274932517e7,9.419899667689507e7,1.1496575680183427,0.4682218222796483,2.0707057517366896,0.1288558961555451,36.3368720094941,-5103.245032368801,7.0,1.0,0.6133952949544011,-5103.245032368801,5109.540790460108,0.8287677287216866,1.2023833185558033,3.0,0.0,0.5592341991082216,0.5592341991082216
2994,1,0.05740516629081398,0.058463565291971206,0.009661118075834026,1.3741290671320134,0.4227065307174204,7.325877632503504e-9,8.888148787050183e7,9.257647386209065e7,1.1971811680363826,0.4759501113356488,2.0336642237695064,0.12160000178443706,37.51727704425642,-5100.18114026515,7.0,1.0,1.0,-5100.18114026515,5105.93226127802,-1.4235247301594427,-1.6632676564313442,3.0,0.0,0.5592341991082216,0.5592341991082216
2995,1,0.057782555069370384,0.05384993836147929,0.009601652909382634,1.3796391818894729,0.4256370172111611,7.2255647985929185e-9,9.073654333904557e7,9.686633539118043e7,1.1223365301496724,0.5212983447427325,2.142590671292923,0.13808545181316953,39.466556046729416,-5098.282066882188,7.0,1.0,0.39194861941884396,-5098.282066882188,5107.370396099942,0.21117620513541624,2.1926931741118096,3.0,0.0,0.5592341991082216,0.5592341991082216
2996,1,0.05778272624932291,0.06336153540505943,0.009389445942907908,1.3499746262561994,0.4285900430694452,7.115996991265993e-9,9.987729244677797e7,8.238718191251057e7,0.9881758671450738,0.5828690652142973,2.141925582359786,0.10839790140711553,39.78418177864493,-5097.141116554418,7.0,1.0,0.924872547396635,-5097.141116554418,5104.364326758554,-0.027901409534024424,0.35236155829625204,3.0,0.0,0.5592341991082216,0.5592341991082216
2997,1,0.05778725775365932,0.061421140267280475,0.009433977968389209,1.3439874626566781,0.4382041113936338,7.219269641026762e-9,9.093589732680303e7,9.773211081104128e7,1.1554980107654167,0.48687821195572545,2.0660367025421107,0.13723969460694052,39.52549313166527,-5098.104974182117,7.0,1.0,0.9612010643006147,-5098.104974182117,5101.545585903375,0.22075336803754908,0.22075336803754908,3.0,0.0,0.5592341991082216,0.5592341991082216
2998,1,0.057919763354635,0.058691359040953676,0.00928710130483813,1.3509103490121506,0.4310982568939112,7.179366545343114e-9,9.028533308467965e7,7.908738450744033e7,1.0411004519973437,0.5028693343839387,2.160275969647231,0.12349324526106982,42.67717846238409,-5097.116560095418,7.0,1.0,0.7439984526365525,-5097.116560095418,5106.349907247402,0.3173144165066333,0.9160601782641606,3.0,0.0,0.5592341991082216,0.5592341991082216
2999,1,0.058237102090413516,0.060268428849356,0.009672031317577247,1.3274909175610525,0.4196964799284743,7.097857017255706e-9,9.688606791605057e7,1.0306507966898523e8,1.0495152912534187,0.5174083451358321,2.112367419242144,0.13197581463289873,40.42693959212361,-5100.009039991491,7.0,1.0,0.9651895217084699,-5100.009039991491,5103.199114595779,-0.040086777607029944,-0.717914191660384,3.0,0.0,0.5592341991082216,0.5592341991082216
3000,1,0.05830027802477959,0.05846113312141608,0.009557381675552784,1.3402285290810185,0.4188934438431406,7.186913736265322e-9,9.417309967883046e7,9.639730751818295e7,1.0381128931318289,0.5236346577994712,1.9463367209579834,0.12308037658114655,35.995692832433086,-5098.627448729744,7.0,1.0,0.9913678489314705,-5098.627448729744,5103.523377342805,0.062327694794475974,-0.9689166953276072,3.0,0.0,0.5592341991082216,0.5592341991082216
3001,1,0.057684644153139786,0.05861988379810015,0.00942479410864688,1.3650782139101252,0.4233750956803548,7.250198259190849e-9,8.740620764774008e7,8.03566144093303e7,1.0469645154518596,0.5225014092105863,2.4974299706955088,0.12476311085005654,42.421026312135375,-5099.898083821954,7.0,1.0,0.7534758403901318,-5099.898083821954,5105.13753988187,0.19655317825345264,0.787913891502285,3.0,0.0,0.5592341991082216,0.5592341991082216
3002,1,0.05790001301169597,0.06251473810765719,0.009212831795327562,1.3329176088589607,0.4349157114668821,7.159407802177655e-9,9.532619791833e7,1.0059094585645892e8,1.1109710727663444,0.5703421457070441,1.9781226431356669,0.1350678836449173,37.9237825567633,-5096.836041554084,7.0,1.0,0.9231883757415122,-5096.836041554084,5105.083834056061,-0.7225697579224288,-0.7225697579224288,3.0,0.0,0.5592341991082216,0.5592341991082216
3003,1,0.05784771853930656,0.06292409585518365,0.009512427032317979,1.3544655626075133,0.4315855371045072,7.1833593885013095e-9,9.322825698768565e7,8.319553178344417e7,0.9936271873233868,0.5014944556534681,2.2633377127613894,0.11151236783747817,42.27733968204738,-5097.217443313496,7.0,1.0,0.8017968254286624,-5097.217443313496,5100.1115916915405,0.42200081519240484,0.49576719587457774,3.0,0.0,0.5592341991082216,0.5592341991082216
3004,1,0.057851867738994686,0.05592976691682673,0.009534590702540431,1.3493345725749808,0.4300815037248759,7.1126786233273335e-9,1.0072825044830357e8,9.783026898987396e7,0.9569163203223204,0.5023177092611242,2.549630066629509,0.13659523388266873,41.57260762376966,-5102.921908017199,7.0,1.0,0.42789273970757824,-5102.921908017199,5108.631632880303,0.5012969611589142,1.3977233027189868,3.0,0.0,0.5592341991082216,0.5592341991082216
3005,1,0.057956428874421886,0.06500074614956743,0.009321023624531407,1.362620361223147,0.4320859983379645,7.184884785402386e-9,9.187038393190879e7,8.668996188302237e7,1.127931277992688,0.5442300159982385,1.9384511423797262,0.11357842482688552,41.28073281345367,-5096.583326767132,7.0,1.0,0.8105175103842558,-5096.583326767132,5106.170252720224,-0.9980127685021216,-0.9980127685021216,3.0,0.0,0.5592341991082216,0.5592341991082216
3006,1,0.057945331491664843,0.05347070767569888,0.009679937646451763,1.3479000129114285,0.4177917838513679,7.201490197965949e-9,9.392426380287546e7,9.623568627733095e7,0.9956276203018547,0.5106438711273961,2.2770156842495934,0.13496457879292828,39.617262871885266,-5098.584811373634,7.0,1.0,0.9784481340054052,-5098.584811373634,5103.403030441392,0.008747333235078258,-0.1487694196857774,3.0,0.0,0.5592341991082216,0.5592341991082216
3007,1,0.05767176829502368,0.06172700541777744,0.009486282643170179,1.353057941464501,0.42731011372403116,7.184784408065057e-9,1.0264315448317416e8,9.283960314700417e7,1.0665823453455818,0.5071195270252136,2.3071476348701894,0.10991993574897356,37.28116059705166,-5095.944648188753,7.0,1.0,0.9596026347112258,-5095.944648188753,5102.926196426756,-0.10991875267973228,0.1591273558060493,3.0,0.0,0.5592341991082216,0.5592341991082216
3008,1,0.05815992371324869,0.06323227917546251,0.009425532389736656,1.3433518840680585,0.4289203008490949,7.1787616237892986e-9,9.194463969461134e7,9.038583643813273e7,1.0392802730728083,0.5856457012281682,1.9701798318401371,0.13969867591568752,42.45404723273274,-5097.210965614128,7.0,1.0,0.7661867537107868,-5097.210965614128,5102.908130802278,0.11491619225853356,0.36891890433616936,3.0,0.0,0.5592341991082216,0.5592341991082216
3009,1,0.05749601914156117,0.05618975219761199,0.009544389026281082,1.3664842941481334,0.42538670997538924,7.159427079805177e-9,9.563758529080279e7,9.793908448585095e7,1.0721108416762548,0.4894231040634131,2.243290311468891,0.11235811812952347,37.839555433674306,-5098.869612196522,7.0,1.0,0.550734617904833,-5098.869612196522,5106.27509201791,0.1282866877500055,1.4883140261308654,3.0,0.0,0.5592341991082216,0.5592341991082216
3010,1,0.05804729254276814,0.06245008440010848,0.009335308675261639,1.3577944222535188,0.42481107355742176,7.088917480496944e-9,8.994788800377518e7,9.058477175329359e7,1.0969022071192465,0.5614111422366047,2.2047385698807402,0.11482355408139774,40.04329395036104,-5095.755027864377,7.0,1.0,0.47920776419155614,-5095.755027864377,5106.776819283749,-0.30134127095698204,1.6643771628905597,3.0,0.0,0.5592341991082216,0.5592341991082216
3011,1,0.057531236641949715,0.058851710699624894,0.00938433003645819,1.3569147707065303,0.43192012830014814,7.249758664524249e-9,9.700942138166839e7,8.427244100147057e7,0.9649799881140309,0.49498978766445445,1.982427759345133,0.12163433041818193,35.41261034574161,-5097.7536697159685,7.0,1.0,0.8519832016100658,-5097.7536697159685,5104.437930895383,-0.008803238666587276,0.4186950571320267,3.0,0.0,0.5592341991082216,0.5592341991082216
3012,1,0.05812744752599929,0.06081489131365866,0.009260591102227603,1.323565869854992,0.42945113822909653,7.0713801451046075e-9,9.212122465024537e7,1.0802767434572993e8,1.1778038265686923,0.554645683736422,2.3630278809105594,0.12277640720167204,41.83802318982261,-5100.715533322881,7.0,1.0,0.33646230535876226,-5100.715533322881,5109.485056556325,0.6229562432445164,1.734409823243368,3.0,0.0,0.5592341991082216,0.5592341991082216
3013,1,0.05759639897719581,0.06542796114636984,0.009233797554162437,1.3510695710433047,0.4351509190412482,7.1927771194315475e-9,9.966663279438116e7,7.858007192818789e7,0.938196406650336,0.5021760538245615,1.90895003053331,0.12255606917464221,36.72287628826068,-5099.8814561851705,7.0,1.0,0.9797675150565551,-5099.8814561851705,5105.363698018697,-0.1490929693372891,-0.3487373515490617,3.0,0.0,0.5592341991082216,0.5592341991082216
3014,1,0.057752799344608904,0.05867874417825081,0.009443373218515842,1.3457418874298588,0.42946818405618076,7.134473119099368e-9,1.0287901297554652e8,8.979399170657422e7,0.9989102346230321,0.5466857163858986,2.187063808185424,0.11622810205519415,35.019882013677474,-5096.482517674132,7.0,1.0,0.9035723497959209,-5096.482517674132,5105.231469546916,0.06790466877919243,0.550665558145738,3.0,0.0,0.5592341991082216,0.5592341991082216
3015,1,0.05782452924520068,0.06371390187799793,0.009424008993333476,1.3578597306419353,0.4321077665944368,7.162878811176059e-9,8.845531955932151e7,9.355028274135189e7,1.1047341264113266,0.4917745502184999,1.9640987174511586,0.1302887918252723,41.70804651081513,-5095.915786706417,7.0,1.0,0.9380223034503616,-5095.915786706417,5100.831484929656,-0.024119619244629575,0.28123829648757237,3.0,0.0,0.5592341991082216,0.5592341991082216
3016,1,0.05781665607884311,0.0608185721697532,0.009338384219512014,1.339383157206727,0.4344734114553072,7.184581388913644e-9,1.0606725281305951e8,8.500585168968141e7,1.0040494393255983,0.580521547165736,2.2278018877398442,0.11498210706779513,37.02917789335382,-5096.298777727742,7.0,1.0,0.8694291178297198,-5096.298777727742,5102.24201071311,-0.22589294342378707,-0.35255934819542745,3.0,0.0,0.5592341991082216,0.5592341991082216
3017,1,0.05805730782666066,0.06382845378530935,0.009408138916029037,1.3524704748790735,0.4303307893445185,7.184728134143171e-9,9.119164746625751e7,9.637729963093612e7,1.0939268569506948,0.4916615961804581,2.043921800889928,0.13745724539341628,42.72663004184812,-5096.49642564322,7.0,1.0,0.5931919448414397,-5096.49642564322,5104.14671026337,0.28853563648317504,0.8057734368385354,3.0,0.0,0.5592341991082216,0.5592341991082216
3018,1,0.05767608647835338,0.06135852435712945,0.009330453802583592,1.3419493308065884,0.4300069078498113,7.106419407394691e-9,1.0240256814201008e8,9.537788740186413e7,1.1541701720902033,0.5100162325401998,1.978729793796099,0.11934038471774762,39.99957958302872,-5095.987611915024,7.0,1.0,0.966523798405308,-5095.987611915024,5099.994942970994,0.06127371699858486,0.1512459760187994,3.0,0.0,0.5592341991082216,0.5592341991082216
3019,1,0.058120764644035754,0.057480078717647924,0.0097133493587497,1.3673495247253173,0.4176885982986516,7.252476192175377e-9,8.406635517201497e7,8.548801765554298e7,0.9931909596614984,0.5476331771204327,2.1927299449682973,0.1310140640797374,39.0289166303865,-5098.077000033497,7.0,1.0,0.8564095870250136,-5098.077000033497,5103.792280174244,-0.07547569444705005,0.5152149346104125,3.0,0.0,0.5592341991082216,0.5592341991082216
3020,1,0.05783773526227796,0.06659306621618825,0.009042484568482386,1.3175444085534966,0.44640460024459444,7.113113170311832e-9,1.1134253301438092e8,9.206165441224883e7,1.1203434973374122,0.5203283519280544,2.0471324244690345,0.11597771013629102,38.71235159612622,-5100.670288801867,15.0,1.0,0.7947710828766968,-5100.670288801867,5104.812554296221,0.3916631214406152,0.510592105330943,3.0,0.0,0.5592341991082216,0.5592341991082216
3021,1,0.057610636036838574,0.06427525518577017,0.009031421279661837,1.3152377210315809,0.43711269168609024,7.048753302849301e-9,1.0403210123690648e8,9.337882646314873e7,1.1138653572311346,0.6143262105995194,2.0200916831861893,0.11441371545789598,39.560477156259786,-5101.178705989445,7.0,1.0,0.9371887032532468,-5101.178705989445,5107.086588372837,-0.06538247415483056,0.47067907077871496,3.0,0.0,0.5592341991082216,0.5592341991082216
3022,1,0.057996191633208495,0.05950184440752545,0.009566259172346582,1.3610949728572774,0.4224569342000488,7.211647958068724e-9,8.98500061279037e7,8.528933628265153e7,1.0027669394885357,0.46600913234911384,2.2353199882045836,0.13270623625356262,38.46200668806547,-5096.440288250159,7.0,1.0,1.0,-5096.440288250159,5104.263586110948,-0.3803037083152958,-0.3803037083152958,3.0,0.0,0.5592341991082216,0.5592341991082216
3023,1,0.057878040862285825,0.060632896507371144,0.009280248302698888,1.3461938748772235,0.4296990811717269,7.158578210237125e-9,9.284785731648095e7,9.197629004626338e7,1.127095999037706,0.6030364747782946,2.1061792502550296,0.12722715660029327,39.34675556752799,-5095.042334009492,7.0,1.0,0.9035937531436308,-5095.042334009492,5099.422950949359,0.08540661175265996,0.35054455504541693,3.0,0.0,0.5592341991082216,0.5592341991082216
3024,1,0.0578135381765769,0.05605417931029706,0.009711891673615022,1.36431598737853,0.4248629816962994,7.191194399050705e-9,9.495431535582605e7,8.791103411161858e7,1.016368424729994,0.48646819067123404,2.126543425046405,0.12367718911579968,39.07964513165824,-5096.042790356278,7.0,1.0,0.8309668474827703,-5096.042790356278,5103.585049838745,-0.018851794591682847,0.6941559513488755,3.0,0.0,0.5592341991082216,0.5592341991082216
3025,1,0.0579676952773052,0.057961668123298206,0.009548719059823657,1.3544116533217685,0.4182014501894252,7.162170157950256e-9,1.0220946159230632e8,8.650673822885226e7,1.046075695063105,0.5413173746638656,2.024148027811151,0.12225285395329438,41.40794006809908,-5095.3964504647665,7.0,1.0,0.6613393999102531,-5095.3964504647665,5099.92242501014,-0.21187597790321888,0.9693850812545861,3.0,0.0,0.5592341991082216,0.5592341991082216
3026,1,0.05771309858526817,0.06094848135590789,0.009476060991996414,1.3613943155368073,0.4332286603875017,7.218700929555157e-9,8.485091523862384e7,9.151670032709987e7,1.101182195160624,0.5053527235773057,2.205839656818467,0.12592848847511376,37.86921499618872,-5095.585211582702,7.0,1.0,0.977299532931813,-5095.585211582702,5098.832664811862,-0.08602384695313958,-0.22498745383927599,3.0,0.0,0.5592341991082216,0.5592341991082216
3027,1,0.05761466249234851,0.062246779315070395,0.009272179023445223,1.3499252182403232,0.428247571943959,7.1204323218561565e-9,9.115805849806301e7,8.55157923033968e7,1.0818980961513915,0.5665336050781574,2.162278848116539,0.1183058590526653,39.57014032832103,-5094.535216191772,7.0,1.0,0.9563037631761176,-5094.535216191772,5098.49923565073,-0.19655987881742476,-0.19655987881742476,3.0,0.0,0.5592341991082216,0.5592341991082216
3028,1,0.057657188713229564,0.060758726369594895,0.009407105805972378,1.3614933494368753,0.43536641329171905,7.164343793782122e-9,8.861411682702713e7,8.797604587777293e7,1.079667794569576,0.5952991836614792,2.1376594613315385,0.10971201354245214,36.88478155946927,-5097.671796853197,7.0,1.0,0.5949356839582762,-5097.671796853197,5104.388839854377,0.5357269951218768,1.3034772392347804,3.0,0.0,0.5592341991082216,0.5592341991082216
3029,1,0.05802173357056103,0.058842038708946026,0.009633391888787726,1.3510788314790332,0.42050841042309567,7.2038005581331935e-9,9.876499594706729e7,8.947867083546996e7,1.129148383370681,0.48732349455295326,2.113205057466077,0.14502125160225357,42.597899292332436,-5097.331988153955,7.0,1.0,0.5636370458616263,-5097.331988153955,5105.059636846111,-0.10286667613763711,1.2809550462270636,3.0,0.0,0.5592341991082216,0.5592341991082216
3030,1,0.057595112179540935,0.060663156517973486,0.009528167541115861,1.3581042270192865,0.42540438042744133,7.214565698845909e-9,9.003327833784197e7,9.225492450748578e7,0.923979624698004,0.5693058729596544,2.110869795551867,0.11321826633107,41.59418695252086,-5097.036229594884,7.0,1.0,0.7773457471409639,-5097.036229594884,5103.882501797099,0.07320388471089245,0.3903538667527755,3.0,0.0,0.5592341991082216,0.5592341991082216
3031,1,0.05799244384703129,0.06302576948529044,0.009635198576120062,1.3365787065823433,0.4165906817343837,7.2257943265762405e-9,9.230229982425354e7,9.63719611287112e7,1.0664332053533492,0.5303815662632829,2.023842253718497,0.12551123137525372,40.82522588782863,-5097.297403198733,7.0,1.0,0.7624327171974333,-5097.297403198733,5103.407027499319,0.056188068611845665,0.520216275122948,3.0,0.0,0.5592341991082216,0.5592341991082216
3032,1,0.057550920607865264,0.06695720747562885,0.009299988046976512,1.3522183763416964,0.42741358748101693,7.20669660253506e-9,9.096575825368574e7,8.958871361064784e7,1.13423175535674,0.512930723833634,2.2207922721852524,0.1207377997539347,35.147690582884316,-5097.49942743197,7.0,1.0,0.9430544158231017,-5097.49942743197,5102.174471037705,-0.4834097405164357,-0.4834097405164357,3.0,0.0,0.5592341991082216,0.5592341991082216
3033,1,0.05808754626143169,0.05521973626390363,0.009440737390165373,1.361769959306703,0.4296102931071458,7.142553106306462e-9,9.598082392343707e7,9.36579278570379e7,1.061614572795733,0.5830229982453305,1.9540498181956378,0.11874507059478559,45.56883005531146,-5099.2744122122285,7.0,1.0,0.5906088373776922,-5099.2744122122285,5103.2242196791985,0.692346102367992,0.754614418005076,3.0,0.0,0.5592341991082216,0.5592341991082216
3034,1,0.057910008655198075,0.057419776489036546,0.009583930991683504,1.3710708079317229,0.4253452382643931,7.1313232968421685e-9,9.172973775485884e7,8.557772909782377e7,1.0975319353150594,0.49769306562981913,2.1131356985248213,0.12804295207620414,38.354519624237824,-5095.610630094262,7.0,1.0,0.919236454773239,-5095.610630094262,5104.2596670283465,-0.4107145378675341,-0.4107145378675341,3.0,0.0,0.5592341991082216,0.5592341991082216
3035,1,0.05769083371745109,0.06191036840751982,0.00962949342994733,1.355970030237812,0.4130194468662926,7.1949800847275e-9,9.161962692452614e7,8.687036552765313e7,0.9817589959729465,0.533915374598959,1.8882840852610634,0.1354301953616345,37.71713258502465,-5098.9996217292055,7.0,1.0,0.6923357968386712,-5098.9996217292055,5103.496998746261,0.17915239296780783,0.6754478843222387,3.0,0.0,0.5592341991082216,0.5592341991082216
3036,1,0.0580493495271757,0.053077874965281734,0.009569256650133535,1.3258542520406038,0.4219475510652671,7.160607028004807e-9,9.104906931634535e7,9.890727694209465e7,1.0502611604656893,0.5261468991333639,2.041500329634515,0.13089568068219679,35.32090506859769,-5101.063965582034,7.0,1.0,0.6140660225426452,-5101.063965582034,5108.98419801324,0.3698575783128035,0.7528110189241488,3.0,0.0,0.5592341991082216,0.5592341991082216
3037,1,0.05779892111436749,0.06053350231839979,0.009620883137650638,1.3663246383257954,0.42057323413728037,7.20149366743266e-9,9.93747838040327e7,8.244287350195068e7,1.1517049399256145,0.566751693716225,2.239257183342598,0.12862076380930781,38.985947258079776,-5095.931281843954,7.0,1.0,0.7082329939237143,-5095.931281843954,5108.138379495164,-0.6372132982069161,0.9846456956274778,3.0,0.0,0.5592341991082216,0.5592341991082216
3038,1,0.057781393394784816,0.05975133301345179,0.00923710060419012,1.3275128766435933,0.4325198920136597,7.106679829439421e-9,8.899276812823641e7,9.728146515780456e7,0.9699115904334747,0.49639501711629913,2.1465076893293165,0.11489225781172065,40.018820017638845,-5096.664033199825,7.0,1.0,0.7967656115400248,-5096.664033199825,5103.917693600489,0.009115043886595231,0.4907340065401513,3.0,0.0,0.5592341991082216,0.5592341991082216
3039,1,0.05821282022785702,0.060918829745679096,0.009471855599624133,1.3393938700923256,0.4318486973078225,7.200145192980668e-9,9.983636936859551e7,8.256060453061129e7,1.0551451208914875,0.5182148737913757,2.0939210410618876,0.1271489876391747,37.8691598502963,-5096.046995705139,7.0,1.0,0.6188177413985082,-5096.046995705139,5103.465377036305,0.02346587063766492,1.1826631486774204,2.0,0.0,0.5592341991082216,0.5592341991082216
3040,1,0.05785708711340432,0.061825650492309585,0.009106120589051112,1.3363456232489477,0.43493841456222854,7.024382965481448e-9,1.0100233712160327e8,1.0739860247921799e8,1.1397927409342865,0.5313868981350834,2.0491848741060905,0.11165910828945541,41.5548880488984,-5101.135557696482,7.0,1.0,0.7144675478230385,-5101.135557696482,5105.666954089191,0.4049774713876104,0.7552699891402881,3.0,0.0,0.5592341991082216,0.5592341991082216
3041,1,0.057780753473638084,0.05891017431028156,0.009345752441373392,1.3394172518080076,0.4314560119268075,7.235172124462926e-9,9.873008962209882e7,9.210074054425773e7,0.9602412653864015,0.5190841346304877,2.260107691733763,0.13219348366330294,41.97358870217655,-5096.646412805649,7.0,1.0,0.9134046691263743,-5096.646412805649,5105.484623742779,-0.14056047648227832,-0.2846828857791479,3.0,0.0,0.5592341991082216,0.5592341991082216
3042,1,0.05796722688871367,0.06049300881782799,0.009426915013268342,1.3670942991204398,0.42053147835649224,7.148718427616074e-9,9.232133280890265e7,8.601494121941993e7,1.1745119296105138,0.5631437340642976,1.9560005159406437,0.11285575491794816,37.067610875326224,-5098.194691792107,7.0,1.0,0.9383883900295135,-5098.194691792107,5099.578132617177,0.3373551576396494,-0.5107554006926875,3.0,0.0,0.5592341991082216,0.5592341991082216
3043,1,0.0576067311364948,0.06281557870827123,0.009138236390326852,1.3305692778783804,0.4401670342417523,7.226745962474131e-9,1.1203367661533065e8,9.575226027018516e7,1.0280812829250972,0.5304910361022886,1.9535854395631262,0.13547180323246474,39.554858055908085,-5100.764250759326,7.0,1.0,0.5234486606500106,-5100.764250759326,5110.994396331517,0.18725788208757876,1.0361326200909389,3.0,0.0,0.5592341991082216,0.5592341991082216
3044,1,0.05728621072095305,0.06537524580025017,0.009189420898262256,1.3304119967401327,0.43242858056542244,7.132585108299234e-9,1.2437326112921849e8,9.297720044056344e7,0.9853582195524353,0.5488125778554507,2.2774173376849434,0.1280771987474253,39.762451227976584,-5104.201103636281,7.0,1.0,0.9376854187146292,-5104.201103636281,5109.1712473165035,0.24204306763749628,-0.5787083873519805,3.0,0.0,0.5592341991082216,0.5592341991082216
3045,1,0.0582330489319183,0.060558681679928464,0.009158695025107737,1.304289182315007,0.4412085202738382,7.097805824152211e-9,8.59980221883707e7,9.289943715020026e7,1.0112224859788748,0.5388253626080018,2.1295941062099177,0.12774189052662857,35.451379503713426,-5100.96230594815,7.0,1.0,0.9936760857889124,-5100.96230594815,5111.156665889628,-0.5436550692329547,-0.5436550692329547,3.0,0.0,0.5592341991082216,0.5592341991082216
3046,1,0.05806344186421078,0.06319341832170937,0.009204681371294567,1.3109370700779703,0.4380299918616914,7.06223911369103e-9,9.50143997135213e7,9.17801139511631e7,1.0484888076788887,0.5104485649817173,2.0720199691976173,0.12181681762520832,35.76590284934087,-5097.6625659930205,7.0,1.0,0.8585754338845276,-5097.6625659930205,5107.036801593961,-0.03891952368849161,0.5793231631441813,3.0,0.0,0.5592341991082216,0.5592341991082216
3047,1,0.05783177535058015,0.058567565490147036,0.009659410061444652,1.4067497699281792,0.42198335807234355,7.262801542863837e-9,9.740183881713589e7,8.457711181515726e7,1.0229350461084206,0.5841239101225916,2.2276911971592566,0.11951023051852933,40.33859670402469,-5099.762818705056,7.0,1.0,0.740295163724501,-5099.762818705056,5103.024932821138,0.02165739470274275,0.8317058123320749,3.0,0.0,0.5592341991082216,0.5592341991082216
3048,1,0.05795989003586896,0.057848501782246875,0.009592088216755605,1.3324144240510447,0.41923637344029685,7.1872120531137625e-9,9.192790217568968e7,8.873288784454341e7,1.1015750421778658,0.5048397766798811,2.352910244829233,0.12685439797084147,37.51381273915745,-5096.122285330622,7.0,1.0,0.985215535038261,-5096.122285330622,5102.992563796714,-0.20813367426308105,-0.20813367426308105,3.0,0.0,0.5592341991082216,0.5592341991082216
3049,1,0.05815138976742811,0.06076679974288246,0.009791049531005923,1.3252133886987403,0.4166527455750894,7.161800120161263e-9,9.528907192542265e7,8.64296348218461e7,1.1152170304659776,0.5291645388297451,2.551959501952027,0.1333525618425946,39.93397018304772,-5102.398430477288,3.0,1.0,0.40120228986787954,-5102.398430477288,5109.486248546791,0.8386731352129573,0.9581617549065413,2.0,0.0,0.5592341991082216,0.5592341991082216
3050,1,0.0577248841210775,0.06575532693070245,0.009132096960148876,1.3661929943115545,0.44167936474213204,7.208082366682542e-9,9.548907230841744e7,9.29402257523795e7,1.0124972872010003,0.5505558489337663,1.8108549144526747,0.11487285006186944,40.76289810141469,-5101.616506346117,7.0,1.0,1.0,-5101.616506346117,5106.9358493028485,-0.24707681017207506,-0.58089684191782,3.0,0.0,0.5592341991082216,0.5592341991082216
3051,1,0.057623471000113426,0.05956707067497901,0.009502237547067277,1.3384236336541615,0.4171968384102323,7.17272906160885e-9,9.776444257954384e7,9.035753696131676e7,1.0678952081484576,0.4984018578160751,2.2635635258011444,0.12834636849652373,37.85663948224681,-5096.267255704554,7.0,1.0,0.9681163688700388,-5096.267255704554,5104.604433793526,-0.5166459552210654,-0.5166459552210654,3.0,0.0,0.5592341991082216,0.5592341991082216
3052,1,0.05742507679830251,0.0634993165621951,0.009479370539667315,1.3258859296070549,0.4230560028841406,7.2359386825828045e-9,1.0397950385857172e8,8.982688603101093e7,0.9612583803018395,0.504791117762142,2.1702404380222085,0.12363448606013862,37.961766388640264,-5099.373306159837,7.0,1.0,0.6045811698275988,-5099.373306159837,5103.294161436176,0.33003059819020564,0.9568230673803555,2.0,0.0,0.5592341991082216,0.5592341991082216
3053,1,0.058399562098990346,0.05773013936770047,0.009348567001700163,1.363387822805542,0.43471765976314675,7.057135450711251e-9,8.449699598475657e7,9.167697627296123e7,1.2903517336883432,0.5561018759134639,2.208481533163343,0.1225476986045571,41.086778275068035,-5103.323344688148,7.0,1.0,0.9240055785473202,-5103.323344688148,5107.741324352763,0.3056356799497735,-0.3195699258649256,3.0,0.0,0.5592341991082216,0.5592341991082216
3054,1,0.05747542123221607,0.06259855709979857,0.009488361122135434,1.3315136623306356,0.42179799053271744,7.273719670333439e-9,9.915439258099169e7,8.70251092191882e7,1.0506129407425098,0.5387861151843513,2.0674266689445986,0.11789122808798021,38.766301256412646,-5097.551978614941,7.0,1.0,1.0,-5097.551978614941,5105.741974075911,-0.4162825855810297,-0.647254734548369,3.0,0.0,0.5592341991082216,0.5592341991082216
3055,1,0.057705514175450986,0.06450551341320518,0.008935446309769269,1.356962583023414,0.44603173224718745,7.0925498718133225e-9,9.665674951267646e7,8.7520132563165e7,1.023834790505448,0.5115958903319684,2.277004344786838,0.11970201738784023,42.28370623406784,-5099.630544515007,7.0,1.0,0.9909083765253021,-5099.630544515007,5106.067220697614,-0.027164935928340128,-0.2556093371058523,3.0,0.0,0.5592341991082216,0.5592341991082216
3056,1,0.05785918070932278,0.061531513138829166,0.009037893732815445,1.3209208647881947,0.4445439698644215,7.043376152593996e-9,1.0539865003654155e8,8.343255914615133e7,1.056919204017814,0.5526813832577042,1.9940972487707296,0.12469229446947769,40.02661468985951,-5099.827460212597,7.0,1.0,0.9147596255197092,-5099.827460212597,5106.149753809281,-0.014011622369253018,0.28270117244665016,3.0,0.0,0.5592341991082216,0.5592341991082216
3057,1,0.05778579265147699,0.06263680368956631,0.009688415666965128,1.3710170186103041,0.41687795448393883,7.2661753819723984e-9,8.590111654947592e7,1.0067009058188969e8,1.0518456788261135,0.5266778026059586,2.2039222729674233,0.12216389337819006,38.55047733839536,-5098.555296781772,7.0,1.0,0.9429920279963943,-5098.555296781772,5105.064730077731,-0.10879798803580343,-0.7785900798553484,3.0,0.0,0.5592341991082216,0.5592341991082216
3058,1,0.05793499736084247,0.06217435188734673,0.009329756441292875,1.336099086897067,0.4290924723629899,7.211922912138436e-9,9.391380918962646e7,9.147711708495438e7,1.1726054156343204,0.5657512843483525,2.053000570835203,0.12384463724286474,38.327592964396075,-5095.770563708046,7.0,1.0,0.8662257532650052,-5095.770563708046,5105.16414097197,-0.09402353734003555,0.33785989225816593,3.0,0.0,0.5592341991082216,0.5592341991082216
3059,1,0.057853500773554466,0.05959848634884353,0.009478135787754197,1.363902939156156,0.42717747087935654,7.148927665567201e-9,9.443907892099324e7,8.989132968681644e7,0.9477199159666063,0.5023843053970163,2.1600953796692757,0.13090848680180764,40.65169087957383,-5094.780838608739,7.0,1.0,0.7819215856856457,-5094.780838608739,5100.3955246132655,-0.4739092602112578,0.9390376629953607,3.0,0.0,0.5592341991082216,0.5592341991082216
3060,1,0.05812111960457329,0.06301501282742197,0.009256637794252145,1.3237295498724617,0.4342886347300267,7.083031761148383e-9,1.0051362237555277e8,9.831831377558382e7,1.0740442959187493,0.5692439867362502,2.1356603137691894,0.10475257186408721,37.60780832262296,-5098.630899324427,7.0,1.0,0.6276883412072901,-5098.630899324427,5106.165227514229,0.19056835725405108,0.7774589656228272,3.0,0.0,0.5592341991082216,0.5592341991082216
3061,1,0.05810511256979973,0.07063490307198488,0.009227370676087865,1.3309421612220782,0.4315458917861014,7.111078387837409e-9,8.461129803449266e7,9.861564553384013e7,1.035483999298227,0.5493817562617804,2.13931513065703,0.11154330525948716,37.4299656455973,-5100.577003454417,7.0,1.0,0.7592222085079905,-5100.577003454417,5106.4355272892635,0.12030450440852292,0.39441543777684274,3.0,0.0,0.5592341991082216,0.5592341991082216
3062,1,0.057585203671178246,0.05848454477182514,0.009291584020064272,1.346047742337502,0.4297958724059419,7.180877086018316e-9,9.716308439146255e7,8.582920135692355e7,1.1310111784048156,0.5272309603022226,2.088283017046908,0.12476574319806073,41.20014126477515,-5094.85658619703,7.0,1.0,0.8712226389387154,-5094.85658619703,5104.003229162798,-0.4124168105163335,-0.4245680875092148,3.0,0.0,0.5592341991082216,0.5592341991082216
3063,1,0.057715311243234174,0.06277069779019248,0.009343308207473356,1.3827286775508152,0.4358566358521279,7.13560258081578e-9,9.64663187284867e7,8.448673148958184e7,1.014540239914509,0.5852570659011536,2.029237274092227,0.12247222419818161,42.460599073735104,-5098.570060953239,7.0,1.0,0.8216912444312161,-5098.570060953239,5101.5867211985,0.3390942248270221,0.3527168780410648,3.0,0.0,0.5592341991082216,0.5592341991082216
3064,1,0.0581293151332474,0.0574118718035112,0.00956791928500933,1.3361193675310992,0.4258625975322664,7.203461705059833e-9,9.508209128884195e7,9.32526291350372e7,1.0866462920199857,0.49403087141962926,2.302982165377248,0.12758743462996694,37.80247038612186,-5095.869041840987,7.0,1.0,0.957155859229304,-5095.869041840987,5104.420153545846,-0.3789065973023753,-0.3789065973023753,3.0,0.0,0.5592341991082216,0.5592341991082216
3065,1,0.05736919678625664,0.061764462860561566,0.009303721274837074,1.3531910083137362,0.42784803381615183,7.216617044802182e-9,9.342870281525828e7,9.161730203798425e7,1.0772605415044207,0.547759364351504,2.1836349213623567,0.11201285728004348,38.40063520404549,-5095.749489328951,7.0,1.0,0.7575369080219655,-5095.749489328951,5101.687837004114,-0.01931746158788883,0.5448961341644463,3.0,0.0,0.5592341991082216,0.5592341991082216
3066,1,0.05816852981703122,0.0588887704909607,0.009526890201335153,1.3516629436801462,0.4275963764132789,7.127218324986464e-9,9.5908142305131e7,9.127277288812569e7,1.0349995374779792,0.5108979344794592,2.1405782709313654,0.13784737385155565,40.592502229461765,-5094.855464821906,7.0,1.0,0.8019873160028383,-5094.855464821906,5101.345788203113,-0.08039863441808848,0.585722735750096,3.0,0.0,0.5592341991082216,0.5592341991082216
3067,1,0.05767958792931107,0.06342954152660768,0.009314190477805948,1.344187044706212,0.43900068533450426,7.1968362453198e-9,9.739766868766584e7,8.936720911268057e7,1.111573517759227,0.5486324101123128,2.095417754581658,0.11009913073965615,37.513292524580415,-5096.412923292984,7.0,1.0,0.7193568923003413,-5096.412923292984,5100.093174830978,0.2816592775325262,0.6115784252606318,3.0,0.0,0.5592341991082216,0.5592341991082216
3068,1,0.05779187580451015,0.06399529743123729,0.00945737872557069,1.353644162302283,0.42513484836884363,7.100910399974342e-9,9.084363068094449e7,9.547014897819796e7,1.012211032829477,0.4886722280337801,2.0541731104094922,0.12864483708401128,42.71923386647538,-5096.962569873712,7.0,1.0,0.9528407921099902,-5096.962569873712,5100.6588809550685,0.10587394861795474,-0.5147302573022898,3.0,0.0,0.5592341991082216,0.5592341991082216
3069,1,0.05796042055389363,0.05859097929344862,0.009515320121159104,1.3442290897160705,0.43413549215584724,7.192062726246927e-9,9.707676841501002e7,8.008125896895765e7,1.1351526000611611,0.5311219919395399,2.132255945703108,0.10927080524302177,38.93331032572458,-5097.474822703435,7.0,1.0,0.9659101174244711,-5097.474822703435,5102.253463705365,0.10538302457371174,-0.3254627049118426,3.0,0.0,0.5592341991082216,0.5592341991082216
3070,1,0.05739529334782628,0.05817777313323973,0.009355876684597628,1.3343388442001587,0.4235055244865472,7.192031928736709e-9,9.789020359749769e7,8.666385531705111e7,1.0585866531116943,0.4805054089387125,2.133094650729694,0.10825894959313198,35.07451379417787,-5100.6692485935855,7.0,1.0,0.928853724481891,-5100.6692485935855,5104.736996245391,0.24998253732428566,-0.32513089133408357,3.0,0.0,0.5592341991082216,0.5592341991082216
3071,1,0.05739488988057784,0.05590529697771575,0.00939682853268528,1.3509620235617923,0.42566275850942176,7.2263931097266175e-9,9.701652706423086e7,8.471608663510622e7,1.0215400460307895,0.48750196668641543,2.1206299718461903,0.11053069012684193,33.62593578121403,-5101.791433682055,7.0,1.0,0.9746075990202383,-5101.791433682055,5106.57162780533,0.1957069105010305,-0.3226989978911661,3.0,0.0,0.5592341991082216,0.5592341991082216
3072,1,0.05825151780791937,0.06775687600221059,0.009299757824391158,1.3522389180430265,0.4324816833927316,7.1324019700092464e-9,9.266103283644329e7,9.577807104146291e7,1.0868636819120718,0.5867455553236953,2.165790197958459,0.13507321720461735,49.10534082353004,-5103.020667831085,7.0,1.0,0.9877809786268434,-5103.020667831085,5107.3776364819405,-0.11397366865094227,-0.6112270438616179,3.0,0.0,0.5592341991082216,0.5592341991082216
3073,1,0.05760864030910597,0.058031214028847804,0.00925157104566383,1.3305849231985376,0.43404146589973225,7.174362400084772e-9,9.667084670161875e7,8.752940709826563e7,1.0273391460335766,0.48384823971546675,2.1104701364946568,0.11394755456851714,32.29179564977607,-5101.0578689586155,7.0,1.0,0.983078319328848,-5101.0578689586155,5108.399690920879,-0.015379750339889142,-0.21667028676529299,3.0,0.0,0.5592341991082216,0.5592341991082216
3074,1,0.05751493830101332,0.06156013575786463,0.009214622799027156,1.3458286147399243,0.4306168474659966,7.074659259552731e-9,9.896412584461926e7,9.514641175179552e7,0.9376989483519268,0.5173854176913458,2.2878861094999685,0.12995586033815815,43.049009035243394,-5099.378880079348,7.0,1.0,0.16691488263897306,-5099.378880079348,5113.194478014655,0.9851746695439942,4.094466774554348,3.0,0.0,0.5592341991082216,0.5592341991082216
3075,1,0.0582097330728363,0.0631833871568803,0.009495858910538685,1.3411127165968542,0.43414883649573777,7.214705518935229e-9,9.070131639526196e7,8.719250509966049e7,1.1868904044968591,0.5418976643802866,2.0120996283416472,0.1262015556144819,36.08157262574172,-5098.9947251787935,7.0,1.0,0.954027890219563,-5098.9947251787935,5103.294239729583,0.09063299955687398,-0.48690022637401853,3.0,0.0,0.5592341991082216,0.5592341991082216
3076,1,0.05746425362420091,0.05778370164171031,0.009409971698733862,1.3594584605040034,0.4153442567374488,7.16198013743173e-9,9.747405859544484e7,8.045982772774556e7,1.004100381510484,0.5784125886620403,2.2461321652025785,0.1120463604671633,42.55459204791661,-5103.609277034549,7.0,1.0,0.68900156679955,-5103.609277034549,5107.179681832672,1.1785360446492632,1.1785360446492632,3.0,0.0,0.5592341991082216,0.5592341991082216
3077,1,0.057668290459279396,0.05710298817354441,0.009624679923497803,1.3606593800010844,0.41369625390748205,7.172255201751731e-9,9.988797166598327e7,9.064063202896035e7,1.0498384774143368,0.6218140072871451,2.189247955837114,0.10723232748689236,45.376200354203405,-5103.336306259103,7.0,1.0,1.0,-5103.336306259103,5115.475933013041,-0.9496792368154274,-1.164253064780496,3.0,0.0,0.5592341991082216,0.5592341991082216
3078,1,0.0580091479298263,0.062284719226485215,0.009336225872260264,1.3437068002790853,0.4408445606611579,7.211612279416457e-9,9.456961838976671e7,8.837718470170604e7,0.9833209184516172,0.5890996802357976,1.9310106545549146,0.13765811838954264,35.866605064414365,-5099.9888441752155,7.0,1.0,0.5859068753453845,-5099.9888441752155,5113.342175736046,0.07091450187454029,1.6995497194948257,3.0,0.0,0.5592341991082216,0.5592341991082216
3079,1,0.057858052409279395,0.059533884156205655,0.009422418759468702,1.3544789103756867,0.41889161154005355,7.085225156080956e-9,9.158505390967545e7,9.218821256340113e7,1.1372130609999942,0.516882475879106,2.247860007311255,0.11408382864655757,44.33261251843276,-5098.9823465022555,7.0,1.0,0.7541139734066843,-5098.9823465022555,5111.50337166505,0.3379923804122882,0.9942480192366929,3.0,0.0,0.5592341991082216,0.5592341991082216
3080,1,0.057686388920625484,0.07052117253608622,0.009380393984747888,1.3489964334115767,0.431498453899935,7.223573720834556e-9,9.195572680231783e7,9.403168950033692e7,1.0608462242717618,0.5731779888527327,1.9558830914507543,0.11957088224870267,41.036541199387855,-5100.321705145532,7.0,1.0,0.8711604066727157,-5100.321705145532,5107.292478953028,-0.08470434415175987,0.35781954480717104,3.0,0.0,0.5592341991082216,0.5592341991082216
3081,1,0.05778916674363215,0.06425821749303212,0.00926220493472767,1.3402937399356691,0.4292646243575081,7.225358779646788e-9,9.639563904213428e7,9.254001479924412e7,1.012590712512586,0.49100341276929377,2.221646172343949,0.12330018954205497,39.655960387480675,-5096.301392100746,7.0,1.0,0.7010110058552107,-5096.301392100746,5106.060108474855,0.1403436391337891,1.0626513984670964,3.0,0.0,0.5592341991082216,0.5592341991082216
3082,1,0.058285362605104425,0.05580308566661615,0.009568599949374871,1.36188866770484,0.41953919257556804,7.156363126135086e-9,9.177332919088407e7,8.881214953362842e7,1.1047860799515163,0.5801942568994717,2.029280055345369,0.12941435458979272,40.64283106770804,-5098.095757980977,7.0,1.0,0.9077988562161329,-5098.095757980977,5102.67397264072,0.12121208539701911,-0.49208413482210744,3.0,0.0,0.5592341991082216,0.5592341991082216
3083,1,0.057366483556255156,0.06322951427264327,0.009314762565500189,1.3603041018406534,0.42585196959217836,7.300245069467603e-9,9.765599321627906e7,9.089051607945946e7,1.089602013079815,0.5030653048624018,2.167094349214869,0.12005116741608218,38.52181781385383,-5099.248569154161,7.0,1.0,0.8770344117593944,-5099.248569154161,5106.856892237665,0.3498279566911151,0.48739221587402426,3.0,0.0,0.5592341991082216,0.5592341991082216
3084,1,0.05745474738279013,0.061922760267487664,0.009280417839139486,1.3557871848614853,0.4366988169949634,7.163186980405421e-9,1.0058700330379036e8,8.39817771724368e7,1.0787423520082944,0.5872547937780107,2.1554175180986492,0.10889421985666894,35.99078904651787,-5098.557409832549,7.0,1.0,0.9020483884454651,-5098.557409832549,5105.602377809575,-0.7385228603798168,-0.7385228603798168,3.0,0.0,0.5592341991082216,0.5592341991082216
3085,1,0.058330206266890776,0.05905092473968227,0.009481671228272755,1.3424591239991583,0.4208711931106208,7.1658892014242236e-9,9.118345049232386e7,9.353563530826542e7,1.0570222295630214,0.4738187758837655,2.0750746817589074,0.14060698206072245,44.09738114591748,-5100.04289125252,7.0,1.0,0.8963947549775867,-5100.04289125252,5102.0143939823965,0.46326877000410605,0.46326877000410605,3.0,0.0,0.5592341991082216,0.5592341991082216
3086,1,0.057478733210757985,0.0617937928560523,0.009221340971772955,1.3607777784785644,0.43140722179411384,7.207616270876654e-9,9.814715379969984e7,8.545864887862529e7,1.0485421918818996,0.5979881995320433,2.1146932998997134,0.10833022364308115,36.118806900175464,-5098.561464616172,7.0,1.0,1.0,-5098.561464616172,5101.858138043521,-0.6067073090180202,-0.8183420328959983,3.0,0.0,0.5592341991082216,0.5592341991082216
3087,1,0.05810659021305764,0.059080596700428575,0.009640451668534177,1.3547756756090084,0.41488626736445844,7.1017462480403056e-9,8.917921796354008e7,9.535665513059261e7,1.0718110383082724,0.4754292337637413,2.121807536671642,0.14467976547877104,42.74612840406122,-5100.26574246466,7.0,1.0,0.8633452778865243,-5100.26574246466,5102.644785323038,0.16998173675256112,0.4345071603474935,3.0,0.0,0.5592341991082216,0.5592341991082216
3088,1,0.05840588162507314,0.05878308293052211,0.009603412354925431,1.3166439580581164,0.41989367508424924,7.134197434723678e-9,8.794112039031555e7,8.556872213531917e7,1.1433017803163097,0.5506478286623799,2.0590340687208237,0.1272222761569141,37.449147361722645,-5100.119479523424,7.0,1.0,0.9746183113606744,-5100.119479523424,5107.014282773115,-0.0184564100118223,-0.24548561431856797,3.0,0.0,0.5592341991082216,0.5592341991082216
3089,1,0.05725784761257044,0.06019345037502466,0.009277197384059088,1.3904119031379716,0.4327957651384717,7.218422376040471e-9,9.968524617943227e7,9.362936706047864e7,0.9951470905428602,0.5314257704798651,2.201356437518544,0.11627173434590153,42.05491559529321,-5100.226901312322,7.0,1.0,0.9903582559920902,-5100.226901312322,5103.4009417415955,0.012645033258195326,-0.42884982085797674,3.0,0.0,0.5592341991082216,0.5592341991082216
3090,1,0.058209743442367824,0.06074118845689856,0.00932130744274319,1.3174623645726968,0.4199967477471476,7.129800959881403e-9,9.234714901515506e7,8.701349548036316e7,1.1250778182005976,0.5275231846036242,2.070640570896331,0.12749581365324258,37.505421902852824,-5099.949004731802,7.0,1.0,0.5861859610611285,-5099.949004731802,5106.2203639780655,0.9780651788523755,1.3175096939967261,3.0,0.0,0.5592341991082216,0.5592341991082216
3091,1,0.05771697827981465,0.0620283470731443,0.009138993994527705,1.3717184629368946,0.4359502462785731,7.205269191142593e-9,9.57761951218892e7,9.5104930284686e7,0.9960876619962589,0.5308209727503612,2.2212327465191035,0.1158996280531186,42.19947656127993,-5098.4740235840745,7.0,1.0,0.9510833298303594,-5098.4740235840745,5103.000806010043,-0.6146578615962426,-1.1926887276758862,3.0,0.0,0.5592341991082216,0.5592341991082216
3092,1,0.05813110514574722,0.055957709299489275,0.009601011297938188,1.345471065751383,0.4255505443415409,7.195525731459909e-9,8.823156111612399e7,9.35133215669228e7,0.9950671345755604,0.5205371741953124,1.9764111108461744,0.14681354953515718,41.004775740066904,-5098.356425001975,7.0,1.0,0.7796886250006614,-5098.356425001975,5111.68064421123,-0.41389189474739396,0.8340178995058523,3.0,0.0,0.5592341991082216,0.5592341991082216
3093,1,0.05780554807175057,0.06441888110524226,0.009178592610928241,1.3504981323072844,0.4323647293927795,7.148259891201085e-9,1.0397721574606144e8,8.48848299906405e7,1.0689028909105827,0.5189619285509348,2.1290591910807155,0.11359199702699777,41.616674612682615,-5095.617104341092,7.0,1.0,0.7789687846945174,-5095.617104341092,5105.198366417637,0.0632309110760616,0.5355795636614857,3.0,0.0,0.5592341991082216,0.5592341991082216
3094,1,0.057894178047126585,0.06390486802405403,0.009016499975112436,1.3185092808334693,0.4396441051234741,7.119295996402343e-9,8.304168063158877e7,9.246736425512083e7,1.0681829706974655,0.5311895410141401,2.056308899352132,0.13361413341054867,34.75715758577178,-5100.964314538574,7.0,1.0,0.8666500342069726,-5100.964314538574,5103.617744177076,0.3893850275926525,0.3893850275926525,3.0,0.0,0.5592341991082216,0.5592341991082216
3095,1,0.05810037919247268,0.06354597980278988,0.009174703048565349,1.3061457345307415,0.4410761452898903,7.180267384964023e-9,8.325745446574743e7,8.99072426634242e7,1.0367692567650584,0.5092086887397406,2.0452913702369586,0.13058559532080732,38.934157565253535,-5101.086872455291,7.0,1.0,0.8262652247910719,-5101.086872455291,5110.671388638308,0.03836967382540024,0.5736589537327745,3.0,0.0,0.5592341991082216,0.5592341991082216
3096,1,0.0572981919978044,0.06270701939182806,0.009395109136600348,1.392692048002702,0.42053222518119915,7.200426412286153e-9,1.0603029009973773e8,9.559340288339235e7,1.096383048207418,0.5560006954447955,2.162857745505373,0.11472032312601214,40.40561881719861,-5101.782711055941,7.0,1.0,0.9440118108379465,-5101.782711055941,5108.573737087608,0.12689686424346291,-0.500034896721445,3.0,0.0,0.5592341991082216,0.5592341991082216
3097,1,0.05772516445088085,0.060093346546514013,0.009526211042830732,1.3657867084668989,0.4296692098931164,7.274336731319825e-9,9.077660174751678e7,8.662468567016718e7,1.1889708180194944,0.5346518463200252,2.214150618483934,0.12397534333981498,39.02587378746118,-5095.853231224003,7.0,1.0,1.0,-5095.853231224003,5103.234128728565,-0.6470746829681957,-0.6661582630085832,3.0,0.0,0.5592341991082216,0.5592341991082216
3098,1,0.058001567163449695,0.06064133056575261,0.009182508171540631,1.3352112085572736,0.4267287786554961,7.066709801836271e-9,1.0029898832371153e8,9.295174045162213e7,0.9534733194816791,0.5266552188492868,2.071114635593149,0.13536275878950382,42.12885058737984,-5098.877276826348,7.0,1.0,0.3464259794236982,-5098.877276826348,5106.454680835192,1.0351308988801975,2.17354878021888,3.0,0.0,0.5592341991082216,0.5592341991082216
3099,1,0.0576700988459697,0.06394592710158004,0.009293162971545251,1.3564135530242514,0.4396086321728002,7.226521473122526e-9,9.198214628667495e7,9.382849303999978e7,1.0978421879870415,0.5287588171038644,2.154283827003013,0.11845543136444696,37.99872685837863,-5096.154959069286,7.0,1.0,0.6190069526646332,-5096.154959069286,5102.511753100059,-0.8109551817497049,1.4487160750841213,3.0,0.0,0.5592341991082216,0.5592341991082216
3100,1,0.05791276121753144,0.06124302366654352,0.009457264675331659,1.338323652724003,0.42302638759656963,7.0816559183209914e-9,9.15207593565614e7,8.622087520187892e7,0.9731856478720019,0.49659563290766495,2.259946227354269,0.12817932448383532,40.108224829333594,-5096.644667845365,7.0,1.0,0.7597375445012223,-5096.644667845365,5100.992790304434,0.20569276117657864,0.6424334770999849,3.0,0.0,0.5592341991082216,0.5592341991082216
3101,1,0.057791066864325544,0.05848258283112738,0.009321425668180377,1.3336746981165493,0.4239393710976248,7.160145505611396e-9,9.601617092772557e7,9.730538860697329e7,0.9615082366997681,0.5595179773947841,2.0821654400532923,0.15495428759825366,46.52109525262452,-5103.461953923042,7.0,1.0,0.6273121981347327,-5103.461953923042,5108.854673313221,0.6265388598876598,1.1443283826301922,3.0,0.0,0.5592341991082216,0.5592341991082216
3102,1,0.05783761848300355,0.06239173975529794,0.009569429411881485,1.3829370293625436,0.4275893040405809,7.2504699029100665e-9,8.499873262980402e7,8.933727455891603e7,1.1505347542898021,0.5260376474931537,2.2899119372584034,0.10854399442560565,35.608521097194156,-5100.518572840883,7.0,1.0,0.8678618550209871,-5100.518572840883,5109.121152566501,-0.8486341078432815,-0.8486341078432815,3.0,0.0,0.5592341991082216,0.5592341991082216
3103,1,0.05789161887356902,0.0641481597371737,0.009241755247174376,1.328811824994264,0.43313939195382234,7.1597694555378545e-9,9.679743369614246e7,9.84118925078514e7,1.0505833421834747,0.5721432322276973,1.9231576661931118,0.14134026365442712,40.38084030920539,-5097.784211096396,7.0,1.0,0.7682514488232185,-5097.784211096396,5106.8843534550415,0.035467041127049015,0.4504632120151655,3.0,0.0,0.5592341991082216,0.5592341991082216
3104,1,0.05780920209325114,0.06028567223899353,0.00951099129922275,1.369893231702058,0.42766024777942396,7.22908315470008e-9,9.464360959147263e7,8.125450165344971e7,1.0718636702528825,0.5078005156104399,2.267441373189723,0.11073261656111513,38.32389592506869,-5095.6969478073215,7.0,1.0,0.9719158424201702,-5095.6969478073215,5101.654442227782,-0.2406633613509257,-0.24718725269303832,3.0,0.0,0.5592341991082216,0.5592341991082216
3105,1,0.058005362763844076,0.06058684634713049,0.00935162449524237,1.3486202947709787,0.4284972094958344,7.104691268728174e-9,9.24739880092956e7,9.999852363480091e7,1.1516233618387408,0.5626528541212905,2.224069007607285,0.12192568206616027,38.39299279576511,-5095.441292946067,7.0,1.0,0.9000804417040921,-5095.441292946067,5101.018144228591,0.024482397431711433,0.23650562197872205,3.0,0.0,0.5592341991082216,0.5592341991082216
3106,1,0.05769741194602576,0.05959457681320334,0.009508398739005618,1.3614347735833254,0.4313539623334546,7.256022086232428e-9,9.723629391375111e7,8.113863275030734e7,1.046367095861753,0.4998304058803805,1.868218746265985,0.13858868558336354,41.72954714039266,-5098.31114531496,7.0,1.0,0.8669752944208609,-5098.31114531496,5101.486136454322,0.1777043829270042,0.23643573093795567,3.0,0.0,0.5592341991082216,0.5592341991082216
3107,1,0.05779327939413618,0.05998455691742322,0.009569118060137285,1.3511109945819801,0.4254177327380186,7.133591262844247e-9,9.842861936624148e7,9.15847327206045e7,1.0790455918711155,0.4830290977612391,2.0562068936983553,0.11489458773173644,38.557815563644176,-5095.792940311377,7.0,1.0,0.7621806369701078,-5095.792940311377,5101.929935303236,0.3235585379652548,0.6878537174370649,3.0,0.0,0.5592341991082216,0.5592341991082216
3108,1,0.05782428713646163,0.06023256099892073,0.009292061826474206,1.3371715216173923,0.43238276419915994,7.181311420994916e-9,9.11720427213362e7,8.635977736384755e7,1.0400730640003522,0.5910798125561743,2.223153499442212,0.13103770907753143,39.894554878008975,-5094.976656983402,7.0,1.0,1.0,-5094.976656983402,5099.398045454813,-0.5184254924815832,-0.723375281774679,3.0,0.0,0.5592341991082216,0.5592341991082216
3109,1,0.057943920966314406,0.06250413363607475,0.00944174944289428,1.3633994015078752,0.428987474076655,7.114801178127841e-9,9.579666892109731e7,9.08522148083517e7,1.0584440024371118,0.5009724838438987,2.0469629825912423,0.11447541682166545,37.74337144462129,-5094.758580935363,7.0,1.0,0.9165472901392645,-5094.758580935363,5100.4179954910305,-0.03296276106812002,0.25711255227543006,3.0,0.0,0.5592341991082216,0.5592341991082216
3110,1,0.05761261863202261,0.05931719040552844,0.009271336348013172,1.3309463974493667,0.43570171323491474,7.1527219105797975e-9,9.284733635872675e7,8.771222916906032e7,1.0647560274411279,0.5593029842086132,2.210874640067316,0.13145728958780745,41.947167664272364,-5095.536894366306,7.0,1.0,0.7377496250556483,-5095.536894366306,5098.482076688756,0.004198790805276076,0.6536668340386314,3.0,0.0,0.5592341991082216,0.5592341991082216
3111,1,0.05811229204891404,0.0647996698652947,0.009420692284223847,1.3513347202541688,0.42727248509734683,7.138450665748767e-9,9.63841673730663e7,9.266278941051702e7,1.104515613357179,0.5081849588962696,2.1901881057784274,0.13103106844295778,36.93110074568094,-5095.316662916043,7.0,1.0,0.7893902811722239,-5095.316662916043,5104.42164598314,-0.0467770979503257,0.4318418407747231,3.0,0.0,0.5592341991082216,0.5592341991082216
3112,1,0.05740405247762901,0.06524546476007112,0.009321227221530507,1.329424726765058,0.43055470601942414,7.212800845061365e-9,8.573356452124251e7,9.111313610718432e7,0.9778949313910099,0.5050812796362842,2.1262786808348237,0.12005788463366766,41.266275336506915,-5098.519622976725,7.0,1.0,0.5786203966088058,-5098.519622976725,5105.195153246338,0.3999870322086281,0.9276893287587882,3.0,0.0,0.5592341991082216,0.5592341991082216
3113,1,0.058187511950309447,0.05916425465857796,0.009351849273950545,1.3596317039186028,0.4357985061722549,7.064486048978276e-9,1.0900682103559202e8,8.76408468609563e7,1.1306512476207977,0.5581109517701484,2.1185151784921015,0.12795880980695223,37.583262345656465,-5099.500698899479,7.0,1.0,0.9424912459526714,-5099.500698899479,5103.948055424568,0.19327698374581814,-0.25887060891636793,3.0,0.0,0.5592341991082216,0.5592341991082216
3114,1,0.05769586084239833,0.05990610050768789,0.009645468651175944,1.353077038297379,0.42053498947306617,7.308628456057222e-9,8.604384270886046e7,8.984293725834113e7,1.0010354117983502,0.5148096085325259,2.1198582072547207,0.11851702210405586,41.422460184830946,-5097.282152976894,7.0,1.0,0.9835871759897719,-5097.282152976894,5103.199611677208,-0.37340609711009165,-0.45486369587979425,3.0,0.0,0.5592341991082216,0.5592341991082216
3115,1,0.057936706098298346,0.05735568126691737,0.009447539261863157,1.3635447096804858,0.43014855520626377,7.1521156423712935e-9,1.0185917939346318e8,9.38631767497375e7,1.141618888722516,0.5631763644570422,1.9130420405013588,0.1372488395852633,37.66201008707442,-5097.634466292411,7.0,1.0,0.8629444511330752,-5097.634466292411,5104.273357285326,0.012490774791331205,0.33690500557986525,3.0,0.0,0.5592341991082216,0.5592341991082216
3116,1,0.05777499959809003,0.05611043958169122,0.009585226103438253,1.3566305371258292,0.4239278328666551,7.228859821456861e-9,9.32507358183935e7,8.958583629691702e7,1.0880360201237904,0.6013827891387649,2.0458535182784447,0.1430875621879565,37.5583137300779,-5097.557157638285,7.0,1.0,0.6917909744212591,-5097.557157638285,5103.224277816763,-0.0888061099776678,1.008421443108091,3.0,0.0,0.5592341991082216,0.5592341991082216
3117,1,0.057445609314150846,0.060611391800656556,0.009660066008214917,1.3589534908033571,0.4256843818327957,7.262177412252854e-9,1.0235167681492665e8,8.77650526156705e7,1.2017696587263489,0.5711907596308319,2.044697828214107,0.1410884646979007,34.63137057773955,-5102.166082382743,7.0,1.0,0.4061710829275832,-5102.166082382743,5114.190276678508,0.9319344550558526,1.303079678841641,3.0,0.0,0.5592341991082216,0.5592341991082216
3118,1,0.05813812933449271,0.05612421875124276,0.0097152977275612,1.3611200039289715,0.4235552898482588,7.137026975031499e-9,1.0454339274118993e8,9.296296107317749e7,0.9711379567174744,0.5022410537959057,2.092187771926851,0.12068977809226498,43.7550882218129,-5099.233875060685,7.0,1.0,1.0,-5099.233875060685,5107.161240716828,-0.27894970089164417,-0.6435957681724176,3.0,0.0,0.5592341991082216,0.5592341991082216
3119,1,0.0579008150248291,0.06134344607719974,0.009566466668445964,1.3592080965521667,0.4206436752705576,7.251966793904397e-9,9.236103604266402e7,8.841230264620258e7,1.177149442860219,0.5157350513805714,2.0627681661092736,0.12037094252082473,36.60269426728368,-5096.373611120541,7.0,1.0,1.0,-5096.373611120541,5101.646930826871,-0.19349834138574806,-0.35477237938721373,3.0,0.0,0.5592341991082216,0.5592341991082216
3120,1,0.057868439869504344,0.060272521196482555,0.009199432537806258,1.3350492432872263,0.4442149926629441,7.118260005084254e-9,9.685137358922134e7,9.032767023621772e7,0.9852564807967574,0.5547981327903199,2.1908344129812907,0.13085572971755788,43.58831606628981,-5097.70723274949,7.0,1.0,0.9765311856513108,-5097.70723274949,5101.9198697446645,-0.035921530456107575,-0.469085689925123,3.0,0.0,0.5592341991082216,0.5592341991082216
3121,1,0.057706342701605164,0.06250912770187447,0.009512702930653903,1.3490627496328047,0.4233226457621623,7.1779936885803575e-9,9.183829466723078e7,9.258334525715001e7,1.1406315173309824,0.49315125054927966,2.0250182276142237,0.11598668346204946,36.76307411318084,-5095.4711075329615,7.0,1.0,0.9766835826665196,-5095.4711075329615,5099.783350468128,-0.2873519894601486,-0.2873519894601486,3.0,0.0,0.5592341991082216,0.5592341991082216
3122,1,0.057706342701605164,0.06250912770187447,0.009512702930653903,1.3490627496328047,0.4233226457621623,7.1779936885803575e-9,9.183829466723078e7,9.258334525715001e7,1.1406315173309824,0.49315125054927966,2.0250182276142237,0.11598668346204946,36.76307411318084,-5095.4711075329615,7.0,1.0,0.7278771264421654,-5095.4711075329615,5101.77880647082,0.0,0.5219876449809817,3.0,0.0,0.5592341991082216,0.5592341991082216
3123,1,0.05792944089300924,0.0572116683017216,0.009610222584768159,1.3365031166154049,0.4245826262640942,7.194206701027187e-9,1.045279105083339e8,8.403861469118793e7,1.0958914084232394,0.5674653570908753,2.076238430291524,0.11099177541160563,41.52281796395459,-5097.306703176672,7.0,1.0,0.8715278474708316,-5097.306703176672,5101.280882884799,0.07542604156969901,0.21943208259654057,3.0,0.0,0.5592341991082216,0.5592341991082216
3124,1,0.057762089328333585,0.06654620259664816,0.009131138173202009,1.3429856814424068,0.43960828737335084,7.096669418355265e-9,9.320599974833967e7,9.38228700338198e7,1.0748431889682413,0.5146867102530102,2.025371834171226,0.1436388422078356,37.084659727969374,-5097.966730208337,7.0,1.0,0.7013197740859758,-5097.966730208337,5103.423890451317,0.2258407354947849,0.6118654160436563,3.0,0.0,0.5592341991082216,0.5592341991082216
3125,1,0.0579402564613706,0.05765743895977238,0.009619206253741922,1.363193064384444,0.4201179100020414,7.1867858059319434e-9,1.0013166259049518e8,9.905365439360051e7,1.0089376898042617,0.5386027930215179,2.2306881300907135,0.11730650318016822,40.17188483412151,-5095.6473772647805,7.0,1.0,1.0,-5095.6473772647805,5101.226795758683,-0.16131463457259088,-0.20460915891180775,3.0,0.0,0.5592341991082216,0.5592341991082216
3126,1,0.057691755242400417,0.06391104458682727,0.009608263779694717,1.3526253656994227,0.42198002350538005,7.264402484235694e-9,9.118550576938157e7,9.26951013748645e7,1.0979658120910099,0.5038000250843726,2.172427558136977,0.12788393542675114,44.201323484317136,-5097.5868374632055,7.0,1.0,0.8251980983041036,-5097.5868374632055,5100.630945742527,0.29360433426154486,0.33756828742752987,3.0,0.0,0.5592341991082216,0.5592341991082216
3127,1,0.05776079623449681,0.06166763843486484,0.00954101101277003,1.3613454211877878,0.4215981798938175,7.257133353745914e-9,8.841931387721422e7,8.984940748614223e7,1.0375784535240051,0.5177389794402371,2.0342820326900894,0.13326988753039712,44.00761746119602,-5096.345756923873,7.0,1.0,0.9456671951848816,-5096.345756923873,5102.182158834727,-0.18929399986427597,0.35306955829310027,3.0,0.0,0.5592341991082216,0.5592341991082216
3128,1,0.0576596455571251,0.06126017681962102,0.009234372177851308,1.3343207692072958,0.44424899139230717,7.243247619547143e-9,1.0220339501585777e8,9.542351533275746e7,1.0827015193604017,0.5508677454670214,1.9476813006316496,0.11340956664611614,41.66415074221948,-5100.578595167194,7.0,1.0,0.7638622686633314,-5100.578595167194,5109.3251856985435,0.3160482048369886,0.527189869414542,3.0,0.0,0.5592341991082216,0.5592341991082216
3129,1,0.058056021235984794,0.06441695819295151,0.009383859066337635,1.346669296448602,0.4269364444357028,7.062122170336357e-9,8.848444954866551e7,8.56409205822743e7,1.0777853386711975,0.5344347157858982,2.3052712185709487,0.1390538765818279,37.166469877985556,-5098.495406317827,7.0,1.0,0.6134971635605785,-5098.495406317827,5107.712898557624,-0.1976603314969907,1.4062203323619542,3.0,0.0,0.5592341991082216,0.5592341991082216
3130,1,0.057569018418944504,0.06278507664026384,0.009260177223905177,1.3680946724228193,0.42595214563022116,7.2056587519552595e-9,9.684060624311362e7,9.341566908527908e7,1.1983209311465244,0.5947257094069947,2.4393776476486972,0.1271161337769369,37.8181734933954,-5100.673837203684,7.0,1.0,0.6822043880849483,-5100.673837203684,5108.735057280241,0.4478411994423368,1.0278542142386868,3.0,0.0,0.5592341991082216,0.5592341991082216
3131,1,0.05785180456807544,0.05738108589368966,0.009401634848883525,1.3612566509124,0.43358914177964114,7.181122767706986e-9,9.790553417235464e7,9.230606317719813e7,1.0356691413660923,0.5358987084263427,2.254085001402897,0.12456938884512751,40.9703549000991,-5094.407274975111,7.0,1.0,1.0,-5094.407274975111,5101.725734698229,-0.9262004922147753,-0.9262004922147753,3.0,0.0,0.5592341991082216,0.5592341991082216
3132,1,0.05761534776503079,0.06305418040032218,0.009415204490143526,1.3728602242108565,0.42348872749979083,7.167957243264645e-9,8.458235643117322e7,9.481020787154126e7,1.116849134820007,0.5367647157148931,2.14501866955217,0.12298362738710164,40.546009033765785,-5096.619044074746,7.0,1.0,0.7807420678766235,-5096.619044074746,5100.0355289144345,0.24094738667827187,0.4328192502107413,3.0,0.0,0.5592341991082216,0.5592341991082216
3133,1,0.057909202500480414,0.05970001237305009,0.009719350801206776,1.3487677597418266,0.4176975566914113,7.217707329201438e-9,1.0384549642545478e8,8.758877365407874e7,1.0360390239072517,0.5044113797627339,2.0930672950071125,0.13016382547494088,41.95501684707003,-5096.404714115156,7.0,1.0,0.5756830471771813,-5096.404714115156,5106.135770402543,-0.22917945605422574,1.9966755112945975,3.0,0.0,0.5592341991082216,0.5592341991082216
3134,1,0.058139762135531604,0.0602978324720004,0.009750361519427653,1.3708585343847952,0.42225760298102427,7.248694464791618e-9,9.990685723035514e7,8.735195580870886e7,1.0617266642876018,0.5319394322321515,2.1702619104618615,0.14877754515687688,39.97305644306656,-5099.202534378116,7.0,1.0,0.4615907516090484,-5099.202534378116,5104.102593800893,0.30396190347801166,1.716223913617796,3.0,0.0,0.5592341991082216,0.5592341991082216
3135,1,0.05753580359883203,0.05821615141706282,0.00949721952449371,1.3582458045575103,0.4184930702956568,7.191490165269812e-9,9.40087602339688e7,9.370910802183326e7,1.0823559045503124,0.5223043984766419,2.0811361289244537,0.10542151594332246,39.86578678428939,-5097.892308775967,7.0,1.0,0.9190493795636537,-5097.892308775967,5104.927816855419,0.07271414560545963,0.3179216252410697,3.0,0.0,0.5592341991082216,0.5592341991082216
3136,1,0.057831610821717026,0.05697428122825885,0.00930445968525533,1.3404017354952553,0.42899276574167855,7.119001308099075e-9,9.11181475078229e7,9.003679016195105e7,1.046122801031094,0.5484346265431272,2.184318440803428,0.15289298052110778,38.61435764237645,-5099.206781268806,7.0,1.0,0.4721775673688708,-5099.206781268806,5108.566359951087,0.2770395712896061,1.5374350536631027,3.0,0.0,0.5592341991082216,0.5592341991082216
3137,1,0.0580171358446384,0.06354136953529788,0.00949474514834845,1.3709783976849592,0.42827161679460274,7.098140105706952e-9,9.053313188403873e7,9.416958225523369e7,1.0085863653231197,0.5573352347900805,2.1093972221819657,0.11252488179325766,40.04159699514595,-5097.294984000231,7.0,1.0,0.8801876498528928,-5097.294984000231,5105.053031617439,-0.00618434197622264,0.6737917624086549,3.0,0.0,0.5592341991082216,0.5592341991082216
3138,1,0.05784123155158756,0.06145017237035122,0.00951166687610622,1.365979411988901,0.42400265643852314,7.129715126433408e-9,8.978495794491155e7,9.474598677937894e7,0.9718880395637575,0.5469994236648056,2.1221603791899217,0.11486275806308939,37.71551058504668,-5095.8452155518835,7.0,1.0,0.9865091093525978,-5095.8452155518835,5101.091532260673,-0.3202598593697985,-0.3852266931007762,3.0,0.0,0.5592341991082216,0.5592341991082216
3139,1,0.05786723373193962,0.06434349584464621,0.00929501391945518,1.3355819503329482,0.43586908357976456,7.171796300754617e-9,9.388190592349814e7,8.443884746815728e7,1.0976808324379215,0.48766007908997133,2.2120484457521683,0.1288112033764826,44.43790232537336,-5096.590597377408,7.0,1.0,0.9733890022567478,-5096.590597377408,5100.918781970139,-0.0335656247643783,-0.25868224288296915,3.0,0.0,0.5592341991082216,0.5592341991082216
3140,1,0.057790419450588035,0.06004098145449672,0.009342060185662731,1.3461185916396645,0.434748139207768,7.11276912952612e-9,8.930704703578724e7,9.589301008097856e7,1.1048302060028368,0.5497933198822109,2.0154670153936545,0.1293212103865061,37.298871511926414,-5095.552279761148,7.0,1.0,0.9032999399772492,-5095.552279761148,5101.768532180167,0.019087231488811085,0.3589098343727528,3.0,0.0,0.5592341991082216,0.5592341991082216
3141,1,0.057926238309109736,0.06206578839307051,0.009362856684659904,1.3397652460396008,0.42511650295345943,7.132598707194327e-9,1.0267456775394471e8,8.610504751038639e7,1.0426273723964057,0.5356491064623228,2.266799186082236,0.11940972148895122,42.69902710652983,-5095.024773718971,7.0,1.0,0.4713726832311008,-5095.024773718971,5102.001906822942,-0.16254694706731243,1.396594223291686,3.0,0.0,0.5592341991082216,0.5592341991082216
3142,1,0.05794359180818311,0.05947198641123241,0.00948728649994435,1.364324742553002,0.42968240847391537,7.156591576653345e-9,1.1013797830474648e8,9.475441617290998e7,1.1298317715375272,0.5234444356878672,2.2484631877658723,0.11084057464642166,43.5895517773575,-5098.23980969584,7.0,1.0,0.9225004152641816,-5098.23980969584,5100.727346592526,0.19532751256338088,0.24018281736971403,3.0,0.0,0.5592341991082216,0.5592341991082216
3143,1,0.057808334317845884,0.06343196856164413,0.009403046439721344,1.33966575789838,0.42555032707298635,7.156242776487045e-9,8.616315896072885e7,8.870615981569256e7,0.9881779849009004,0.5294100099498771,2.0369925381536422,0.1196861996268325,42.32226152900974,-5094.99690255949,7.0,1.0,1.0,-5094.99690255949,5100.680342536794,-0.3211462597937498,-0.3211462597937498,3.0,0.0,0.5592341991082216,0.5592341991082216
3144,1,0.05774016095339994,0.05989752209376757,0.009652494761572029,1.3645811362515814,0.4282667300966902,7.156446160580087e-9,1.0711611193385747e8,9.284059756181748e7,1.1533298047669125,0.532505399457396,2.3086040762330042,0.12386705335052829,37.27117599247017,-5099.940199189231,7.0,1.0,0.49850004498734196,-5099.940199189231,5105.226072288213,1.7531159884547378,2.5232055454898727,3.0,0.0,0.5592341991082216,0.5592341991082216
3145,1,0.05790843504569996,0.06195626212754195,0.009273465242723912,1.3317531300926402,0.43387866474596243,7.1642872168347825e-9,8.361118924788369e7,8.486769995457877e7,0.9764601098860052,0.5286403308372063,1.95591884301146,0.12200126238725743,40.69696407601067,-5096.321849446274,7.0,1.0,1.0,-5096.321849446274,5102.577749185645,-1.7062506911024684,-1.9745394780829884,3.0,0.0,0.5592341991082216,0.5592341991082216
3146,1,0.057927326866991175,0.06500591880975586,0.009406604275414489,1.3534732869756398,0.42529218073639136,7.1393440710995145e-9,9.847687246705824e7,1.1006333518358564e8,1.0780201980185036,0.558232617210587,2.2536259953786457,0.12515761761026384,37.44538472704205,-5098.467898285396,7.0,1.0,0.8105894142751685,-5098.467898285396,5103.133740059014,0.2040504917722501,0.3106308167853058,3.0,0.0,0.5592341991082216,0.5592341991082216
3147,1,0.057781597639243315,0.05968918269060148,0.009291055254602928,1.3402447483221431,0.43777847357471755,7.149805563327956e-9,8.862580699070519e7,7.97025613827441e7,0.9848388273671187,0.5283937684222568,2.2117045649162947,0.12415237619021961,43.84131406390331,-5097.2613944855175,7.0,1.0,0.962411736156799,-5097.2613944855175,5102.356450982522,-0.07870198323053046,-0.18839272224886372,3.0,0.0,0.5592341991082216,0.5592341991082216
3148,1,0.05791469106946948,0.061917165402681024,0.009667555766220373,1.3620171195863031,0.4191679700492921,7.175445433334257e-9,9.936440908338737e7,1.0145113362320723e8,1.148911969956813,0.5427634204284709,1.912349249346521,0.12384709465903776,35.54254218164974,-5099.235690034901,7.0,1.0,0.8679603946295883,-5099.235690034901,5104.340021334519,0.25785242544225184,0.25785242544225184,3.0,0.0,0.5592341991082216,0.5592341991082216
3149,1,0.05769210873838885,0.05987575140319491,0.00925538214853238,1.331355363211361,0.43593751429831107,7.135834071109725e-9,9.047405715055569e7,7.765872663711253e7,0.9605846187691481,0.5152318468136984,2.3621839263676847,0.12214346723802527,43.19704236008225,-5099.27332093464,7.0,1.0,1.0,-5099.27332093464,5103.178388473652,-0.07428689111020503,-0.3439188809188636,3.0,0.0,0.5592341991082216,0.5592341991082216
3150,1,0.058009867508732424,0.059029253164600934,0.0095328554519911,1.329884794311491,0.42612178183086835,7.187384362886958e-9,9.545002156087777e7,8.166297033140634e7,1.0361327172045767,0.5812472817839996,2.3658284880713323,0.12279864760692517,39.96914422760438,-5096.467851873088,7.0,1.0,1.0,-5096.467851873088,5103.685529484202,-0.2783696692031299,-0.2783696692031299,3.0,0.0,0.5592341991082216,0.5592341991082216
3151,1,0.05771834430003904,0.06226433374842863,0.009304484146889572,1.3398771288394988,0.43140897108018866,7.162327277083912e-9,9.143007923325032e7,9.381902007361627e7,1.0029250249343507,0.46338638978091823,1.967525010347072,0.12050264924319191,39.08220159231499,-5095.620641676031,7.0,1.0,0.9649568126584747,-5095.620641676031,5100.209803297726,-0.07815456388198072,0.11747516485138476,3.0,0.0,0.5592341991082216,0.5592341991082216
3152,1,0.058267754507486065,0.058057119662550775,0.009641213464085474,1.3671696265785063,0.42294015108639765,7.1516645212619835e-9,8.788291933731146e7,9.341850519750617e7,1.1194827729850128,0.5541698260617345,2.231074100891933,0.12561119693693132,39.39317608499103,-5095.88831961728,7.0,1.0,0.8031404054381881,-5095.88831961728,5102.938659830089,0.005169443184968259,0.421892255367311,3.0,0.0,0.5592341991082216,0.5592341991082216
3153,1,0.05761166773637843,0.06449742354862967,0.00927302965412025,1.3296757299998723,0.43452012043231003,7.1548476721304145e-9,9.876264957885775e7,9.099154456842835e7,1.0118971272451474,0.5042072515077898,1.9684457519533094,0.12760523556963332,40.08094478931168,-5095.567925200286,7.0,1.0,0.5759929104130413,-5095.567925200286,5103.733665807349,0.3061188187220978,0.9030445453136053,3.0,0.0,0.5592341991082216,0.5592341991082216
3154,1,0.058144110136668196,0.05880314753357052,0.00957696849292215,1.3677825536041568,0.4256746690990851,7.203236812675207e-9,9.236885651213774e7,8.837837271038644e7,1.090361765266105,0.556533043232801,2.2930989395190786,0.11966546742859176,38.8826535511585,-5094.807624410728,7.0,1.0,0.887332093804493,-5094.807624410728,5099.578803556965,-0.15376300770640228,0.3432961654625615,3.0,0.0,0.5592341991082216,0.5592341991082216
3155,1,0.057451831612044396,0.061301320832145303,0.009657109240626592,1.3761263598894988,0.4166892843516819,7.15781312956081e-9,1.0522635695343621e8,9.168840313360295e7,1.125935379047552,0.5796369721870821,2.1240873561767852,0.14812278318622907,35.194526451875724,-5105.555790607085,7.0,1.0,0.3273993940751377,-5105.555790607085,5108.052223762673,2.095523517194124,2.095523517194124,3.0,0.0,0.5592341991082216,0.5592341991082216
3156,1,0.057700723283839184,0.060814936055758294,0.009601905257359794,1.3624767338858421,0.43606355979202616,7.2532829798354134e-9,8.410395046414757e7,8.580390871943867e7,1.0415510710784148,0.451941591861266,2.172266122663132,0.1055684080756393,43.4203524891139,-5106.376402093165,7.0,1.0,0.9608099233660751,-5106.376402093165,5113.266574983439,0.3206606521798676,-2.6181264859469593,3.0,0.0,0.5592341991082216,0.5592341991082216
3157,1,0.057917872813615684,0.06390259703541447,0.009206871472096947,1.328065960329123,0.4319898988060502,7.050698023410231e-9,1.0707137673090549e8,9.370260504637474e7,1.0914634252207231,0.6297113637039231,2.0153775226966095,0.14635275292010658,38.64156299585708,-5102.226326288435,7.0,1.0,0.8817390958221418,-5102.226326288435,5110.259399112787,-1.852277062349458,-2.109206822578926,3.0,0.0,0.5592341991082216,0.5592341991082216
3158,1,0.057726657517833,0.06160769830005145,0.009356152253876152,1.3505641638869645,0.43470688934521773,7.2182839924106006e-9,9.49102759344258e7,8.54579778774569e7,0.9927667247811843,0.5000290966547339,2.2512343682049964,0.1231845388774615,40.31818114126026,-5094.462039124482,7.0,1.0,0.9920808173068231,-5094.462039124482,5104.104010279195,-0.6663532517341082,-0.6663532517341082,3.0,0.0,0.5592341991082216,0.5592341991082216
3159,1,0.058027064234633836,0.05823486095145368,0.009638062193932904,1.3688020036666682,0.420176468926177,7.154381969108376e-9,8.811425441280954e7,9.36217205963802e7,1.1068244705078365,0.5872052952292568,2.2765572585664913,0.11733042769731968,38.10124802997479,-5096.653070407559,7.0,1.0,0.8637657361878104,-5096.653070407559,5099.679164965792,0.0980984434736456,0.3395251458814528,3.0,0.0,0.5592341991082216,0.5592341991082216
3160,1,0.058120769036275804,0.05986911926673428,0.009591628763037093,1.353548360149324,0.42163396111175966,7.181580323246289e-9,9.174392380687878e7,9.03053737197027e7,1.1293397858923442,0.5790265419653414,2.0409072109097286,0.11131749208897039,43.640137675511234,-5096.613211030794,7.0,1.0,0.9209710928868351,-5096.613211030794,5101.616040721467,0.0654953173816466,0.29856882807871443,3.0,0.0,0.5592341991082216,0.5592341991082216
3161,1,0.05820511932712077,0.05550106004353289,0.00977154226185585,1.3674930725340109,0.4232349653885671,7.214623385095454e-9,8.942451673714352e7,9.071003338002592e7,1.0741364223321392,0.53958544094498,2.168757428027189,0.12090746101614687,39.50595428118315,-5096.052857711916,7.0,1.0,0.9771931784542807,-5096.052857711916,5100.394594120978,-0.09681075374101056,-0.09681075374101056,3.0,0.0,0.5592341991082216,0.5592341991082216
3162,1,0.05757865422441747,0.0644582064163312,0.009242382341784271,1.3416559158640804,0.4348953825277254,7.1706873882554065e-9,1.0187647728731915e8,8.539770372206677e7,1.0329525976993414,0.5100745635865928,2.073909975558366,0.12598506075452295,38.93082831198933,-5094.550679263965,7.0,1.0,0.7935888308746095,-5094.550679263965,5100.534826373873,-0.08574310096901172,0.516546008972,3.0,0.0,0.5592341991082216,0.5592341991082216
3163,1,0.05760161902275934,0.059405949968274946,0.009334101304375293,1.327684644916207,0.42955711218500436,7.1429175356005615e-9,1.0270507123507458e8,8.91357186528639e7,1.069468984663929,0.5138481761948416,2.1494650313042674,0.1252345922867132,41.09517437006011,-5095.111781809707,7.0,1.0,0.8787926060713557,-5095.111781809707,5098.183253373015,0.1056442839490046,0.35816084210091503,3.0,0.0,0.5592341991082216,0.5592341991082216
3164,1,0.05764900969386653,0.06571366097912555,0.009444000373252635,1.3698078754879044,0.4292024062453779,7.2310033480386e-9,9.176263343815799e7,8.740462690339033e7,1.0954985208049572,0.5313494671140624,2.077926477059745,0.13284914960145358,39.45360279061773,-5096.583931023193,7.0,1.0,0.8505307563518419,-5096.583931023193,5100.82820952858,0.14649087964608043,0.28040212513587903,3.0,0.0,0.5592341991082216,0.5592341991082216
3165,1,0.05834776716236878,0.059984531438583455,0.009420720596287985,1.3307903375422572,0.42491062026658355,7.0787697640132604e-9,1.026995482173397e8,8.968978698579833e7,0.9779338460171209,0.5326050595170296,2.1842354625549616,0.11549271554489002,39.94512003029056,-5097.929043603157,7.0,1.0,0.8693153827644148,-5097.929043603157,5101.546303724176,0.07116273584779265,0.4347003729790231,3.0,0.0,0.5592341991082216,0.5592341991082216
3166,1,0.057318653623476955,0.06052687046760422,0.009405875108223077,1.368316225986159,0.4310556973324116,7.230890146983956e-9,9.328692405517885e7,9.554762013431506e7,1.1701190384972968,0.5221323115684541,2.1111933631091215,0.12976367911711406,39.67994631010662,-5096.976802874052,7.0,1.0,0.9815537127069941,-5096.976802874052,5103.425847958492,-0.13391656312160194,-0.18937654832188855,3.0,0.0,0.5592341991082216,0.5592341991082216
3167,1,0.05773822274264131,0.056786042262454976,0.00950763074451155,1.3467239649495384,0.41858607712434054,7.256211586376294e-9,1.0899647998286547e8,9.703745728937209e7,0.9587784130438427,0.5288713359969682,2.176885125604687,0.13825536722937257,40.08861368702174,-5101.096474025325,7.0,1.0,0.6471820139468593,-5101.096474025325,5105.284339050311,0.7903959939812921,0.7903959939812921,3.0,0.0,0.5592341991082216,0.5592341991082216
3168,1,0.057904162420138384,0.0612562049153429,0.009512308752453898,1.387417941039365,0.4227589131733095,7.194571779092345e-9,9.462261959314457e7,8.272507215388475e7,1.2148506916968818,0.49429670225498507,2.171619933722027,0.13398060338448034,38.33371886572539,-5098.739748242537,7.0,1.0,0.8920703964650833,-5098.739748242537,5107.559805138168,-0.7260802404007336,-0.8129379751326269,3.0,0.0,0.5592341991082216,0.5592341991082216
3169,1,0.05813673147781184,0.05803007278588771,0.009617583422234118,1.3298175130045808,0.4311974088153327,7.143267011628581e-9,8.779618801343235e7,8.979181308379446e7,1.0533116971965926,0.5755896279891267,2.0898596583531424,0.11680285743109783,38.94301852832753,-5098.012534426763,7.0,1.0,0.7664800038566193,-5098.012534426763,5103.87779580014,0.6315362870009267,0.6315362870009267,3.0,0.0,0.5592341991082216,0.5592341991082216
3170,1,0.05806767600807162,0.05894582968171895,0.009503194195901142,1.3418181053374856,0.4215863503997296,7.096973164344444e-9,9.854610774925968e7,9.818574825735563e7,1.1808743838103244,0.5436436089884606,2.088963416621773,0.126188051727012,38.76452612455034,-5096.750464444792,7.0,1.0,0.9632747426251803,-5096.750464444792,5102.12110008122,-0.7066831251322583,-0.7133723533252123,3.0,0.0,0.5592341991082216,0.5592341991082216
3171,1,0.05807456451483681,0.06008656074601284,0.009534683577203884,1.3456294278135161,0.4296737681524896,7.229465794344565e-9,9.853296338324356e7,9.989943021352243e7,0.9961116049222918,0.5790628082829251,2.0633561556669906,0.1343349031914893,38.132938083027696,-5097.289093815639,7.0,1.0,0.9769739800703078,-5097.289093815639,5100.943512147435,0.08644934020685469,-0.28226544986318913,3.0,0.0,0.5592341991082216,0.5592341991082216
3172,1,0.058171212048617936,0.06345513825742585,0.009326165407980987,1.3788135313002012,0.43511787887690784,7.1509636168138346e-9,9.566168721209955e7,8.837835211807276e7,1.1429997466405624,0.5130674654553694,2.259243153616569,0.11679736270275838,36.92437964345003,-5098.156534042312,7.0,1.0,0.9693874230270794,-5098.156534042312,5102.583615102653,0.0955902286896162,0.0955902286896162,3.0,0.0,0.5592341991082216,0.5592341991082216
3173,1,0.05770219493571982,0.058727560372138034,0.009356940483669241,1.3517765960225376,0.4351747638578993,7.113135042226522e-9,8.382955443274966e7,8.466180169566225e7,1.1441584658148563,0.5525600823803054,2.064052012621197,0.12436830838901865,38.427901335698756,-5097.642988615853,7.0,1.0,0.8435926767403574,-5097.642988615853,5103.927578200781,0.209831754363222,0.40861593764111603,3.0,0.0,0.5592341991082216,0.5592341991082216
3174,1,0.05803760281989336,0.06211158974474824,0.00933515912162846,1.3532274285704233,0.4248136065597389,7.159647365318884e-9,9.26827286836485e7,9.035742587206148e7,1.0592935533754273,0.5088314177166512,1.995543886756767,0.1263906760114193,35.171769943250446,-5096.127528791211,7.0,1.0,0.5429300362269225,-5096.127528791211,5103.101451157628,-0.05034604670800036,1.5151039729798867,3.0,0.0,0.5592341991082216,0.5592341991082216
3175,1,0.05792315895266766,0.06007597988755426,0.009240801967191233,1.3398174710258586,0.4326068722574751,7.15488597446879e-9,9.622289067859176e7,9.118064940858239e7,0.9741415819607052,0.6387653147367499,2.1689318322122113,0.12055866027104178,43.13440387011275,-5098.096609682158,7.0,1.0,0.9853507564120777,-5098.096609682158,5101.7273967604115,-0.07215907790032361,-0.5784546810355096,3.0,0.0,0.5592341991082216,0.5592341991082216
3176,1,0.057826294644070415,0.06285774945740728,0.009348033975335863,1.3290622585785965,0.43733960633160107,7.151348189988291e-9,9.425839469633155e7,9.783996590954095e7,0.9266393087054055,0.5314096858461766,2.083431330390234,0.11557156358023972,39.28258123409469,-5097.381659718363,7.0,1.0,0.8283451893292196,-5097.381659718363,5103.206307425926,0.15183057957437995,0.5385458935306815,3.0,0.0,0.5592341991082216,0.5592341991082216
3177,1,0.05814327242641229,0.05862840985001945,0.009563909274209897,1.3430166943476396,0.4248835142549972,7.135653486786413e-9,8.661044889418696e7,8.878847495956634e7,1.0378772724601395,0.4937785807301692,2.1648304904549973,0.14502604217691753,38.69711116706173,-5097.011111187331,7.0,1.0,0.9335772908699264,-5097.011111187331,5103.08274016385,-0.44179266518131044,-0.44179266518131044,3.0,0.0,0.5592341991082216,0.5592341991082216
3178,1,0.05817523828513745,0.06294751509451314,0.009533709936944856,1.3347780438594483,0.4219636533117536,7.1910243883638485e-9,9.313293259959565e7,8.601843884690163e7,1.0578069119616735,0.5052182530472243,2.00528650358131,0.1287307123800689,44.441104914452644,-5097.438499173811,7.0,1.0,0.8647612093691784,-5097.438499173811,5102.140212548169,0.23453386578148638,0.27481669839744427,3.0,0.0,0.5592341991082216,0.5592341991082216
3179,1,0.05778215001592435,0.059826663353757914,0.009445814215174528,1.3727141852150502,0.43236794723545674,7.242260682730121e-9,9.852822319379815e7,9.22789236997887e7,1.0527156920347294,0.5655461713823274,2.2978192630151315,0.11673742480933,37.841946668456565,-5095.842455833136,7.0,1.0,0.7713946810912965,-5095.842455833136,5102.094054052724,-0.34339836490653397,0.7019720563403098,3.0,0.0,0.5592341991082216,0.5592341991082216
3180,1,0.05789780717452026,0.05924906304440682,0.009668316244751694,1.3732412798460043,0.4151728440720783,7.161603390573868e-9,8.886281822239226e7,9.134128865747128e7,1.0690432420802518,0.5406813082052687,2.3757474641147875,0.13078949370184553,40.04765876894458,-5097.02135235881,7.0,1.0,0.6819020338433285,-5097.02135235881,5102.1634423200985,0.0695301670311892,0.8595748441503019,3.0,0.0,0.5592341991082216,0.5592341991082216
3181,1,0.057591125838889076,0.057166246342943844,0.009549819036668072,1.346152757329239,0.42382633666984426,7.244106050439481e-9,9.500451487151884e7,9.793861526338086e7,1.0743080336845823,0.5911283279128249,2.0943335606875535,0.12133668253243053,43.64166495618907,-5097.012479446839,7.0,1.0,0.7950060078486564,-5097.012479446839,5110.278529222971,0.0594158153880926,0.4819662996023908,3.0,0.0,0.5592341991082216,0.5592341991082216
3182,1,0.05822762100249187,0.06215608859331534,0.009227812853151225,1.3581198131265853,0.42925574352806767,7.130868512193377e-9,9.845254487897235e7,8.288432333889823e7,1.0301462256518947,0.46696441853585674,2.1743373434486406,0.12511603298891721,37.303554866883985,-5099.768563893394,7.0,1.0,0.37938951450675173,-5099.768563893394,5105.947392125434,1.0017393088337485,2.239642277661005,3.0,0.0,0.5592341991082216,0.5592341991082216
3183,1,0.05775846630309041,0.060429582205486686,0.00944258012382888,1.3377970088651032,0.4287692485000254,7.193940310346664e-9,9.698485316505718e7,9.704242146007451e7,1.0126492099207656,0.5722717938426457,2.0301458173652858,0.12962358234414734,38.26710806088325,-5094.634358647368,7.0,1.0,1.0,-5094.634358647368,5100.3586783498795,-1.4230787713977406,-1.4765547842607702,3.0,0.0,0.5592341991082216,0.5592341991082216
3184,1,0.05795978457679294,0.05922969411020072,0.009429265864169721,1.3586966551309332,0.4297562130289082,7.1529572061565564e-9,9.345460893212748e7,8.116509304905894e7,1.1437742769744081,0.5240321930980433,2.2204258930079868,0.11562737891171276,40.88556695211512,-5094.803066115408,7.0,1.0,0.8962006082922463,-5094.803066115408,5100.00921441784,-0.09599203011111967,0.3456679502305633,3.0,0.0,0.5592341991082216,0.5592341991082216
3185,1,0.0577405302169443,0.06303492121957721,0.009404607920537943,1.3842708215420494,0.42825059640575225,7.149881874004473e-9,9.551154033101375e7,9.54045237538525e7,1.0704230365148568,0.4723301641723199,2.1654701314125173,0.12745962403236283,40.23015804875189,-5097.1904416755215,7.0,1.0,0.6894343335145402,-5097.1904416755215,5101.382070071761,0.3221235865066774,0.5902836194836709,3.0,0.0,0.5592341991082216,0.5592341991082216
3186,1,0.05760899970307992,0.06104120688034125,0.009453082963554758,1.3242990137020292,0.43200553978001993,7.201291096082332e-9,9.736864242400026e7,8.406662867843522e7,1.0157073455444596,0.5775519303950163,1.935223577791354,0.13239249926129226,38.79189977792521,-5098.262296206349,7.0,1.0,0.613120419659105,-5098.262296206349,5102.767992752143,0.47044105251734436,0.9499058018545838,3.0,0.0,0.5592341991082216,0.5592341991082216
3187,1,0.058138997388075785,0.060575426608621835,0.009511020169136804,1.3724943825646159,0.42866490978210425,7.05302930933873e-9,9.38696418809432e7,9.142173170944276e7,1.1710714081768474,0.5381523951478079,2.2067201442242736,0.1105519515378525,40.01877683399782,-5099.781305590701,7.0,1.0,0.5250071596127334,-5099.781305590701,5107.427721580385,0.24173637502462952,1.5024381465118495,3.0,0.0,0.5592341991082216,0.5592341991082216
3188,1,0.057649120721485106,0.05987390623819294,0.00934602701079415,1.329696564218349,0.43379691228911127,7.226412363227049e-9,8.683692867694464e7,9.549074673223521e7,0.9712140966389285,0.55318000506857,2.353566259053766,0.12995352713529723,35.07325329375029,-5099.328983689567,7.0,1.0,0.9635218831725435,-5099.328983689567,5105.155078052568,-0.7480250436365168,-0.9314795590298672,3.0,0.0,0.5592341991082216,0.5592341991082216
3189,1,0.05792053985575479,0.06365286082362405,0.009224950088751967,1.338519322640823,0.4327428324297551,7.074583941761246e-9,1.0789326618743002e8,8.31618609240818e7,1.1269921820515612,0.5046508892604237,1.9797077213908598,0.12591250694061853,47.36224701958956,-5100.067492385225,7.0,1.0,0.8214665332274907,-5100.067492385225,5104.809169170652,0.07190296363023663,0.5485380217878628,3.0,0.0,0.5592341991082216,0.5592341991082216
3190,1,0.057888662343578756,0.06094373952078989,0.009355861179204256,1.3414958203266611,0.4327119968737356,7.185564064167086e-9,8.945988962192115e7,8.833129151424132e7,1.0638033928647597,0.5140445141932789,2.0330937475205917,0.11838464998431153,35.91449034655189,-5093.5089869189815,7.0,1.0,0.7629016872876472,-5093.5089869189815,5106.586381320098,-0.9380806414110339,-0.9380806414110339,3.0,0.0,0.5592341991082216,0.5592341991082216
3191,1,0.05796341866559258,0.06209861543492274,0.009547721964775102,1.3425168171234463,0.4219616024638965,7.1414640567777475e-9,8.68419432632387e7,9.690355712797616e7,1.1021327401392862,0.5438884280970852,2.143625486169929,0.12050946625333721,41.158364039064836,-5095.280216001716,7.0,1.0,0.2273014270702281,-5095.280216001716,5100.026123317196,0.8550064113951521,2.305152446297143,3.0,0.0,0.5592341991082216,0.5592341991082216
3192,1,0.05778795097457926,0.05922208316439587,0.009514296758841169,1.3621522312780059,0.41956934552547687,7.2287173578399606e-9,8.959655982260497e7,8.320823100298077e7,1.041728116113612,0.5564115794702014,2.295209655472673,0.11303043926399783,41.6611925016149,-5096.78760350148,7.0,1.0,0.7408140707752129,-5096.78760350148,5101.282680439532,0.3841640218051907,0.6775698072979139,3.0,0.0,0.5592341991082216,0.5592341991082216
3193,1,0.057884754134304876,0.05881659654108528,0.009321580749182688,1.3469873871395865,0.42751099000402515,7.214521341428768e-9,1.0590231862860477e8,8.824868534920573e7,1.0209269542893717,0.5003783312989433,2.0236143999027645,0.14147163337102206,40.9706072028136,-5098.575809812498,7.0,1.0,0.5802869448979148,-5098.575809812498,5104.52342054172,0.7520965982466805,1.0962881190571352,3.0,0.0,0.5592341991082216,0.5592341991082216
3194,1,0.05759416740658378,0.06059612518312314,0.009384621088375941,1.3501290655300386,0.4309433401608619,7.1115275350326914e-9,1.0435694060809556e8,9.009200559463632e7,1.1460208047555986,0.5705487146211257,2.0289323483016473,0.12699106739291438,41.08510269560989,-5096.903497983582,7.0,1.0,0.9829669901427337,-5096.903497983582,5102.069414492437,-0.415919711582319,-1.041799367866588,3.0,0.0,0.5592341991082216,0.5592341991082216
3195,1,0.05766895646856046,0.06091732456244577,0.009261125738925305,1.345774924325,0.42281652088845034,7.085047747413119e-9,8.440966078292339e7,8.861223321624696e7,1.0310882568562605,0.48945117272551814,2.1998780314148636,0.12419411043651322,38.8222520309084,-5098.608745945373,7.0,1.0,0.8963228781066314,-5098.608745945373,5103.293694420992,0.15674164073334396,-0.5582639154736171,3.0,0.0,0.5592341991082216,0.5592341991082216
3196,1,0.058315094376542254,0.06310010864618802,0.009492342214325718,1.3495560347720905,0.4328667065989934,7.241014744278588e-9,9.795820004856734e7,9.368835466754593e7,1.0087350535559367,0.5746183845721017,2.046170943770387,0.13495911666645063,35.78165925507003,-5101.429347255509,7.0,1.0,0.8425461551922205,-5101.429347255509,5104.091264673716,0.6383433979553956,0.6383433979553956,3.0,0.0,0.5592341991082216,0.5592341991082216
3197,1,0.058240387721841216,0.06010426176394632,0.009689105051787196,1.3506642499743695,0.43091244392536154,7.226726837510309e-9,9.085488268738797e7,9.04101699895804e7,0.9698463799819993,0.5291678903942421,2.2285065418150833,0.12996718001068497,38.49221821913212,-5098.296400060066,7.0,1.0,0.7559084654328048,-5098.296400060066,5108.2071021848515,-0.2397775500876378,1.1413152745535626,3.0,0.0,0.5592341991082216,0.5592341991082216
3198,1,0.058131284149880044,0.05767772003986332,0.009598566249215044,1.3550402885578767,0.42144225432060195,7.21168533223383e-9,8.891123052618553e7,9.002028927922423e7,1.0554538644171187,0.5206473380115582,2.1920072065379843,0.15439358704496875,36.59373365737167,-5099.173232564565,7.0,1.0,0.48169685888743113,-5099.173232564565,5113.837078068197,0.30132466293161997,1.2923970731681038,3.0,0.0,0.5592341991082216,0.5592341991082216
3199,1,0.05743991553717922,0.06261878206190613,0.009443024466701356,1.342828183658195,0.42512767385435735,7.1556777196418614e-9,9.860364491431203e7,8.765056597279683e7,1.0664872367549458,0.520864141625953,2.0609638254614486,0.10565501266867645,39.45265839446716,-5097.680367407006,7.0,1.0,0.8780245734467629,-5097.680367407006,5104.414777480044,-0.3148843972467148,0.5419922236033017,3.0,0.0,0.5592341991082216,0.5592341991082216
3200,1,0.058219205200645545,0.05763562859788153,0.009589131650271393,1.3391566657389296,0.4369735729004868,7.186566133662999e-9,9.293169210819538e7,1.0261108850303204e8,1.1805183594844217,0.560755949408185,2.515215278412971,0.12729160053061847,40.92783291805117,-5103.216009339929,7.0,1.0,0.41626576556580125,-5103.216009339929,5108.197507374517,1.1260536255058469,1.7826839337367346,3.0,0.0,0.5592341991082216,0.5592341991082216
3201,1,0.058162071766670195,0.05810185690092059,0.009604041256132026,1.3502030936551468,0.42737044758623227,7.231142866165827e-9,9.02692010983074e7,1.056873586150373e8,1.22300304828414,0.5549747111289667,2.470297734282546,0.1307067506354096,39.821170520241694,-5101.5388985319205,3.0,1.0,0.6666666666666666,-5101.5388985319205,5108.337768451247,-0.5462470998445497,369742.351707449,1.0,1.0,0.5592341991082216,0.5592341991082216
3202,1,0.057606468361990064,0.05812808130929265,0.00940298143092223,1.3603721677120837,0.42201064411738365,7.1657202080573335e-9,9.674668920746681e7,7.981132862786795e7,0.9319354496979693,0.4961893309364958,1.8943765100343224,0.11881722225455295,39.38312915692119,-5099.805004269889,7.0,1.0,0.804141939902225,-5099.805004269889,5109.30728964573,0.01913576641072723,0.801940145752269,3.0,0.0,0.5592341991082216,0.5592341991082216
3203,1,0.05777726117250285,0.06039144047707126,0.00943107674552359,1.3535953707636912,0.4266932104648781,7.1591736046296585e-9,9.704925071695986e7,8.116004942684343e7,0.9423714633131003,0.47202776037036365,1.8729303184481214,0.12072850397367055,41.05955426723382,-5097.899200407811,7.0,1.0,1.0,-5097.899200407811,5102.639381569216,-0.5303609161346685,-0.5791140588944472,3.0,0.0,0.5592341991082216,0.5592341991082216
3204,1,0.0579417326207608,0.06228690523377233,0.009381926207572625,1.3449551743580352,0.42394580784998875,7.1873341267146175e-9,9.182597931439765e7,9.712591569431186e7,1.2362917291266744,0.5857008427833995,2.455621799872605,0.12538512236004842,39.135581057393196,-5099.765318622868,7.0,1.0,0.5390212991008009,-5099.765318622868,5105.557320349238,0.717832081267261,1.044900987897563,3.0,0.0,0.5592341991082216,0.5592341991082216
3205,1,0.05764735105720879,0.058125087070064876,0.009599766025902765,1.3440825300448382,0.4243488309354208,7.19912096504552e-9,7.945534279303376e7,8.935305673311909e7,1.127380894914478,0.5291720472291199,2.3042099452917655,0.13024027620053738,38.15278827626414,-5098.694582865053,7.0,1.0,0.8728613502816112,-5098.694582865053,5105.723132089698,-0.27603996287052723,-0.4793428816292362,3.0,0.0,0.5592341991082216,0.5592341991082216
3206,1,0.0582231094287965,0.061993154563713224,0.009437455838582434,1.3421757099507878,0.4301752405663638,7.128653778860734e-9,1.1457910208603826e8,8.490138436171989e7,1.2733495848656515,0.5343463767262657,1.9787782657853787,0.11722250393694113,39.68567873053835,-5101.446786487853,7.0,1.0,0.7796977528506134,-5101.446786487853,5108.061477432955,0.14239371011990443,0.6443194418425264,3.0,0.0,0.5592341991082216,0.5592341991082216
3207,1,0.057503677953705534,0.06249493416390938,0.009297198769198625,1.351288457494648,0.4310941613320228,7.183673391287234e-9,9.294978892149669e7,9.014460458471315e7,0.9540546224713583,0.4989092744906022,2.2025359515981067,0.11708734119051743,37.37790831974503,-5095.42080359212,7.0,1.0,0.988396330672938,-5095.42080359212,5103.615881929813,-0.6019752922338739,-0.6019752922338739,3.0,0.0,0.5592341991082216,0.5592341991082216
3208,1,0.05776978691030246,0.059878010030197264,0.009291191210265233,1.3447893136245366,0.4342604350968078,7.2058248835178065e-9,1.0818351629778701e8,9.136471690369199e7,1.1650028313496583,0.5463341109680631,1.9781845652888312,0.13893187817490557,42.490644692189285,-5098.447822094004,7.0,1.0,0.5935643963924102,-5098.447822094004,5102.432478410217,0.4707328895710816,0.8863467201827007,3.0,0.0,0.5592341991082216,0.5592341991082216
3209,1,0.057684017631773304,0.06287204437616922,0.009369350407665365,1.3670335082397111,0.4308468811495286,7.1760304217566135e-9,9.403015048957366e7,9.252522862362495e7,1.0942804390143268,0.5675662039573698,2.041642746862716,0.12884544617615223,37.79635527766012,-5094.422632203676,7.0,1.0,0.8190972519851637,-5094.422632203676,5101.411558749667,-0.4622061724476225,0.5863273849035977,3.0,0.0,0.5592341991082216,0.5592341991082216
3210,1,0.05775369177997122,0.05840735912749055,0.009389786325315383,1.3227392449721345,0.4317365063502309,7.180303161366469e-9,9.793527670555757e7,9.226450732740746e7,1.0547868221100338,0.5048153918625371,2.24775769652037,0.11623179438427168,41.21412287960374,-5095.306257470692,7.0,1.0,0.9456670113043396,-5095.306257470692,5097.517522955077,0.0947466456445909,0.11368130222217587,3.0,0.0,0.5592341991082216,0.5592341991082216
3211,1,0.05794592118135433,0.06208476771824462,0.009460173854224138,1.3788771142042255,0.42970388134871523,7.141869406052643e-9,9.595710642513943e7,9.727022779867148e7,1.1024516418952046,0.5525380779510035,2.0277321985142365,0.12149704362483771,43.22123294486738,-5096.581653735682,7.0,1.0,0.8199128590189299,-5096.581653735682,5102.738062504941,0.15808339780232927,0.34753463914785243,3.0,0.0,0.5592341991082216,0.5592341991082216
3212,1,0.05774243913040946,0.06101572361436703,0.009371916844604533,1.3206864157222349,0.43502674707269706,7.175838587230944e-9,9.48783557104554e7,8.310335140636162e7,1.0138848363877662,0.5365732769953825,2.108507008905566,0.12209515133041844,36.121113893254964,-5096.037840682194,7.0,1.0,0.925195617611421,-5096.037840682194,5102.120602203322,0.022767411375753,0.2478845439190991,3.0,0.0,0.5592341991082216,0.5592341991082216
3213,1,0.05777045424674089,0.06449692026628268,0.009307396330788777,1.367191726979593,0.43414760350441467,7.0844733133595925e-9,1.0584926382020111e8,8.9457479999191e7,1.1163830529398449,0.54682423195553,1.8758310949885173,0.1198366539408398,42.82115290980427,-5099.654233169499,7.0,1.0,0.9060935885792631,-5099.654233169499,5103.814824779784,0.32740795596691896,0.32740795596691896,3.0,0.0,0.5592341991082216,0.5592341991082216
3214,1,0.05806882677426053,0.057369555010415726,0.009500609202956721,1.3446218078603087,0.41688646212290903,7.154561722014474e-9,8.542344517264278e7,8.034803069507185e7,1.0353542185888196,0.5698104638749278,2.4616354399882674,0.11909619998912084,36.102895197906285,-5102.497835446193,7.0,1.0,0.7932662013950853,-5102.497835446193,5107.944878192501,0.45451340153340425,0.7585783338254259,3.0,0.0,0.5592341991082216,0.5592341991082216
3215,1,0.057925074846068486,0.06125226867227705,0.00957357869514808,1.3619474716274562,0.4270590050896015,7.138054181529884e-9,9.616534669314021e7,9.07059839321028e7,1.0105586885615956,0.5057242528730532,2.287569928796328,0.12246259871740611,38.74014383651595,-5095.268608446018,7.0,1.0,0.9683116917484232,-5095.268608446018,5104.888138567942,-0.6787550417066086,-0.8521142518147826,3.0,0.0,0.5592341991082216,0.5592341991082216
3216,1,0.05793883024762376,0.06289936171715128,0.009606538412807255,1.3680760138833432,0.42356874511289666,7.136759361630139e-9,1.001063590196276e8,9.513636267537196e7,0.9314581314597091,0.4717175204705585,2.217121906609062,0.12376272772605228,37.617915684643265,-5099.974841554052,3.0,1.0,0.5163736637012936,-5099.974841554052,5105.058774616199,0.3885675628162062,1.041354174006301,2.0,0.0,0.5592341991082216,0.5592341991082216
3217,1,0.05802515551123861,0.06571379589754897,0.00950903306800295,1.3442039459893989,0.41789343688927344,7.191273386397664e-9,9.361413532361166e7,1.0159617826325639e8,1.0240681758919838,0.5001630417194038,2.4746127353487597,0.11470483549490543,39.112244611972365,-5101.455604125604,7.0,1.0,0.5695823472705058,-5101.455604125604,5108.826316888504,-0.08468644257573033,1.3193598043671955,3.0,0.0,0.5592341991082216,0.5592341991082216
3218,1,0.05769148984905472,0.06580472141439235,0.009398854827689217,1.3301179981294216,0.4276977847660568,7.163247146054544e-9,9.339983826789479e7,8.298795594855681e7,1.0112891103900958,0.5540749168901961,1.8377937752968454,0.13487863808234446,39.23971842431161,-5099.595948772955,7.0,1.0,1.0,-5099.595948772955,5105.412786712917,-0.11067178730354499,-0.6001671006670222,3.0,0.0,0.5592341991082216,0.5592341991082216
3219,1,0.05788394856353741,0.057898880912173684,0.009383712166244191,1.3778215017887594,0.4235646479245848,7.176689937290163e-9,9.472745256352577e7,1.0393977490378386e8,1.1094548370630608,0.5006825391446246,2.47870626014735,0.1198659415655699,40.44696191226163,-5100.581335330771,7.0,1.0,0.9264652305775519,-5100.581335330771,5106.438772530449,0.259771796010682,-0.30588494226594776,3.0,0.0,0.5592341991082216,0.5592341991082216
3220,1,0.05769593580902999,0.0607603485309618,0.009318537415965542,1.3412079664504257,0.4260297203750058,7.247405739361517e-9,1.0138408157682104e8,8.009877609013334e7,1.0737199005060298,0.5406493105940775,2.1148564014387903,0.11777337683419256,44.56844276133055,-5098.469038071107,7.0,1.0,0.8534586056784464,-5098.469038071107,5108.0077740147,-0.01961010872400948,0.7835534815330902,3.0,0.0,0.5592341991082216,0.5592341991082216
3221,1,0.058100153086166714,0.05881551943385293,0.00931515925601304,1.351262055129665,0.4244166082802085,7.110363054826282e-9,9.061584586410263e7,9.424882716656528e7,0.9257330984608243,0.541278132578548,2.2228342523094726,0.11963981109163031,34.72618122262158,-5099.926284118348,7.0,1.0,0.8278700581531978,-5099.926284118348,5109.697485218944,0.032631599572596315,0.9024443386015264,3.0,0.0,0.5592341991082216,0.5592341991082216
3222,1,0.05762881727642085,0.060904914358160075,0.0094300261326149,1.375861954571359,0.4271590463876832,7.308912181698904e-9,9.691975149178624e7,8.342027423996498e7,1.1726408371123143,0.5415982084974504,2.0185525235538475,0.12405933079854572,43.483869939941364,-5099.448450797133,7.0,1.0,1.0,-5099.448450797133,5103.972783940457,-0.024107818181619223,-0.5055363569690599,3.0,0.0,0.5592341991082216,0.5592341991082216
3223,1,0.05811532066171036,0.059899376555603845,0.009259758849938408,1.3213927319199632,0.42459322615218037,7.083073012357858e-9,1.0145538770088948e8,8.593157915190463e7,1.0156238727726472,0.4929593323006651,2.311862551853631,0.11720299751400258,37.85692261456206,-5099.682183258019,7.0,1.0,0.5992472329885784,-5099.682183258019,5111.872420639576,0.28801699643918255,1.149909582224609,3.0,0.0,0.5592341991082216,0.5592341991082216
3224,1,0.0580839028238964,0.058739999013292736,0.009416184035349613,1.354361854257013,0.4317004124699398,7.2214288792295585e-9,8.494983012863699e7,9.536108238989803e7,1.1361074397770061,0.5650143152685725,2.3843903816519294,0.1277793071117775,38.07615647691671,-5098.453747330169,7.0,1.0,0.9281460961685707,-5098.453747330169,5104.507267861261,-0.2515330248797909,-0.35015077885691426,3.0,0.0,0.5592341991082216,0.5592341991082216
3225,1,0.05759581943579524,0.06381364927553684,0.009138116126665794,1.342968525991645,0.42876595113933114,7.127161582519948e-9,9.959615606307276e7,8.114446266270864e7,1.0239390995604165,0.513586985548246,1.953643196127129,0.12197054019677289,41.33325503734267,-5097.20618330117,7.0,1.0,1.0,-5097.20618330117,5100.725909194718,-0.21254231920920574,-0.6733079155910673,3.0,0.0,0.5592341991082216,0.5592341991082216
3226,1,0.05785743629675109,0.05907218653195852,0.009680169731352748,1.35844383209339,0.4184867695292779,7.194301825589765e-9,9.193801249980591e7,1.0019303820560233e8,1.0775752021326344,0.5437566948397596,2.2259842986804435,0.1233853253752984,37.81081327694262,-5095.5164039962365,7.0,1.0,0.896229121892402,-5095.5164039962365,5105.857898114058,-0.5749409982399811,0.7271589016309008,3.0,0.0,0.5592341991082216,0.5592341991082216
3227,1,0.05768492281940056,0.05949059237311961,0.009471599087552747,1.3599034535947263,0.43029757479783526,7.201243507193828e-9,9.26583475946674e7,7.926612703316805e7,1.0364376457008821,0.549621584015985,2.0922841881912433,0.12567798020683693,38.430705864642746,-5094.524016236602,7.0,1.0,0.9832934763489546,-5094.524016236602,5098.633848619311,-0.056726294677901024,0.12165499854927475,3.0,0.0,0.5592341991082216,0.5592341991082216
3228,1,0.05793101803017006,0.06360771404602658,0.009304157715144208,1.3389858234874872,0.4326215783910506,7.143909933382354e-9,9.799187901091948e7,9.768416958013994e7,1.0312536541834272,0.5500250275160368,2.194022144412658,0.11442155499529592,38.0308977021265,-5094.305069630221,7.0,1.0,0.7598893238593688,-5094.305069630221,5100.4066424743805,0.13746442653609847,0.47772519601039676,3.0,0.0,0.5592341991082216,0.5592341991082216
3229,1,0.057725072134241995,0.060635293889366663,0.009309186048595059,1.3573746984911441,0.431870757782548,7.163450178784423e-9,9.307650231077765e7,8.310207235647812e7,1.11280918706629,0.5091498291747784,1.9776043339766158,0.12766202576150365,40.72032441642925,-5094.34638377828,7.0,1.0,0.8332054971233713,-5094.34638377828,5100.494166149709,0.027661250539495086,0.4081724716525059,3.0,0.0,0.5592341991082216,0.5592341991082216
3230,1,0.05755179724363255,0.06040982333393214,0.009468714560776602,1.3294108774265276,0.4170169752335082,7.2422867332547e-9,9.576057876686284e7,9.37804896629099e7,1.079111836878877,0.5522431645998207,2.229588741883182,0.13753339267734666,34.33404244505985,-5101.0438569707785,7.0,1.0,0.5766530199509001,-5101.0438569707785,5103.640902218504,0.9026458912749149,0.9026458912749149,3.0,0.0,0.5592341991082216,0.5592341991082216
3231,1,0.05799553195004936,0.06306214050140047,0.009258100970450177,1.3354343789705645,0.43953643551982197,7.153284540240779e-9,9.794148980006523e7,9.306278025884779e7,1.0599144568951346,0.47579399994328353,2.214222658203327,0.12741976533346722,39.428157886294045,-5095.7800346757695,7.0,1.0,1.0,-5095.7800346757695,5104.940610533217,-0.8388037111781159,-0.8388037111781159,3.0,0.0,0.5592341991082216,0.5592341991082216
3232,1,0.05794199030210656,0.06370184584327623,0.009361533688033156,1.3424914049650372,0.4337684978030011,7.131354050921825e-9,7.984901954722404e7,8.648342037850583e7,0.976442722823249,0.5926007168159585,2.0448540681659435,0.13664000370047086,38.57778021367498,-5099.449240138814,7.0,1.0,0.7816430003157798,-5099.449240138814,5103.472234451008,0.37531744120133226,0.37531744120133226,3.0,0.0,0.5592341991082216,0.5592341991082216
3233,1,0.057758761416856354,0.06423352617686338,0.009248870651222072,1.3396438814899572,0.4340985928186802,7.0860364491305775e-9,8.48899831243762e7,8.563983288259469e7,0.9936528814310087,0.570126738331636,2.129144656161568,0.1408056801434564,42.71421368083641,-5098.715623783787,7.0,1.0,0.9332755043833475,-5098.715623783787,5107.144563258412,-0.03859340271901601,0.2445513725742785,3.0,0.0,0.5592341991082216,0.5592341991082216
3234,1,0.05795774009099933,0.06342561642701494,0.009495289990556044,1.338050959864994,0.43313001152615044,7.147403539293489e-9,1.012529590318447e8,9.494298243052594e7,1.1732803252696649,0.501510053342013,2.141991647686237,0.11864815017984161,35.35565981619738,-5098.765433868027,7.0,1.0,0.5463310082709391,-5098.765433868027,5106.894613115064,0.5337930079531361,1.136789146740739,3.0,0.0,0.5592341991082216,0.5592341991082216
3235,1,0.05784791492597678,0.05793058718381551,0.009566227884912973,1.3697127071777633,0.4216140237430264,7.225206324366106e-9,9.130256410735907e7,8.275666248229784e7,0.9694779938608399,0.5625222634019973,2.0828561608773226,0.12852078934722572,43.27877817311523,-5096.524875958637,7.0,1.0,0.9881529618211283,-5096.524875958637,5106.625776660589,-1.0227057157608215,-1.0384215549956934,3.0,0.0,0.5592341991082216,0.5592341991082216
3236,1,0.05794645096699766,0.06201710686900716,0.009559398484960832,1.3701855007322343,0.42253694976475203,7.195422286167914e-9,9.346322563118657e7,8.843221973227641e7,0.9825489191305014,0.5108238260276742,1.885198607186597,0.12496882736365518,45.17082687756498,-5097.714326579775,7.0,1.0,0.5614165219536058,-5097.714326579775,5102.810664067349,0.06948968866799987,1.3727751387859826,3.0,0.0,0.5592341991082216,0.5592341991082216
3237,1,0.057738858231275066,0.06185759984836134,0.009225581118865556,1.3354428522642037,0.4365223270319492,7.1683051810070875e-9,9.444331486787799e7,9.328895061695187e7,1.1244157534006494,0.5287187158929271,2.3450875587893902,0.12386845972326818,35.724211863345424,-5095.795774800674,7.0,1.0,1.0,-5095.795774800674,5098.9850180039475,-0.15673453441650054,-0.36242316521384055,3.0,0.0,0.5592341991082216,0.5592341991082216
3238,1,0.05834914331803701,0.06226643784353112,0.009409682814909462,1.3379477338120773,0.43175235356753766,7.057280536127668e-9,1.0766839913626413e8,8.966139802099784e7,1.0773025857034786,0.5038195988736651,1.9482403627093234,0.12345891274339141,43.64079894827848,-5099.533304874559,7.0,1.0,0.6929086724490887,-5099.533304874559,5102.742020107607,0.49439611522575433,0.5225750082463492,3.0,0.0,0.5592341991082216,0.5592341991082216
3239,1,0.057247631666189014,0.060700378074877666,0.009393018555843558,1.3474432999617267,0.4285338506762918,7.139441904914241e-9,8.256725717021734e7,9.153764631099124e7,1.1222405199412098,0.5611532472390557,2.3671207277496658,0.12292462437432634,36.49021766140209,-5102.952409363348,7.0,1.0,0.7174664544262088,-5102.952409363348,5109.230772867317,0.9181813877376044,0.9181813877376044,3.0,0.0,0.5592341991082216,0.5592341991082216
3240,1,0.057495177663951985,0.05934893612130009,0.009386639504134278,1.348227676471204,0.4255554454037632,7.207799929189026e-9,8.731297885181348e7,8.913886979369064e7,1.1426435476479377,0.5549004761127597,2.27338708963159,0.11742057677542822,35.66192039399775,-5097.009518176415,7.0,1.0,1.0,-5097.009518176415,5104.978228050473,-1.5453243767296954,-1.5453243767296954,3.0,0.0,0.5592341991082216,0.5592341991082216
3241,1,0.0573946750726865,0.06122792702192414,0.00947623394932158,1.346413483102379,0.43640043410322427,7.198133147775151e-9,9.907636572198637e7,9.212079116562971e7,1.0595478062315327,0.5729993455849858,2.2576508744832724,0.12113149954002143,37.799129397825666,-5099.312402234985,7.0,1.0,0.47966752658954176,-5099.312402234985,5105.190510172892,1.7592913797334404,2.4479143546659543,3.0,0.0,0.5592341991082216,0.5592341991082216
3242,1,0.05805741462473833,0.060153641162426115,0.009465847871691364,1.3664979692033385,0.43052627997423537,7.141428741438547e-9,9.543030628637436e7,9.287035127635713e7,0.9966030922081482,0.48622092986427384,2.2005194043365446,0.12282083060672566,39.82502553632588,-5094.699073113229,7.0,1.0,0.9080316018968114,-5094.699073113229,5100.649448474827,-1.721726526454404,-1.721726526454404,3.0,0.0,0.5592341991082216,0.5592341991082216
3243,1,0.05770286238067712,0.06534629377543702,0.00929408598971777,1.3303935855475186,0.4290126099593765,7.1534756532652846e-9,9.617679697520481e7,8.533588469774769e7,1.1417238192832113,0.5655237415489714,2.0539694199296066,0.1222318419625125,38.10643630384683,-5095.443565589299,7.0,1.0,0.905927071489886,-5095.443565589299,5099.360053938181,0.019609733923971362,0.18183391046022734,3.0,0.0,0.5592341991082216,0.5592341991082216
3244,1,0.05804968763869086,0.05683181575607895,0.009383929974524904,1.3523209636722093,0.4328999099096497,7.197979681799949e-9,9.499808517159659e7,1.0443599337095687e8,0.9614947112168446,0.5206662330659343,2.1888446700101563,0.12389282845518493,41.91008565692131,-5098.006962821071,7.0,1.0,0.5465839795224312,-5098.006962821071,5104.499424937701,0.5512813378472856,1.0298691916723328,3.0,0.0,0.5592341991082216,0.5592341991082216
3245,1,0.057532613141207146,0.06129527075953291,0.009629407892360005,1.3556841237089186,0.4199283842972443,7.21438481884638e-9,1.0129949074637268e8,7.902550712160888e7,1.2218688143495966,0.5352856226483921,1.8362050406136845,0.1281895385426157,40.15065372834554,-5101.2984435995495,7.0,1.0,0.5178614811488835,-5101.2984435995495,5107.481982049755,0.034920801856969774,1.988023096737379,3.0,0.0,0.5592341991082216,0.5592341991082216
3246,1,0.05761585059083509,0.06072383285624578,0.009509177339043499,1.3605854048672021,0.4201544414782245,7.259426647506119e-9,1.0812848416367738e8,8.179898933144394e7,1.1795572447368223,0.5598104775961268,1.7683002408521407,0.12307107079518392,38.59906312594674,-5102.207524678617,7.0,1.0,1.0,-5102.207524678617,5107.069359564636,-0.053898248088444234,-0.4236649958693306,3.0,0.0,0.5592341991082216,0.5592341991082216
3247,1,0.05816087540430999,0.057740276971288904,0.009403166335050252,1.3404534931653258,0.42920053825530446,7.112877540014296e-9,8.52800695613477e7,8.847425615706964e7,0.9262394897056633,0.47584564578549765,2.4995671516710907,0.12312076603000148,40.381695629437026,-5101.060790566189,7.0,1.0,0.8904029330547656,-5101.060790566189,5109.90753322608,-0.07357453896565858,0.35716076383414475,3.0,0.0,0.5592341991082216,0.5592341991082216
3248,1,0.057962015781075696,0.05907686696641667,0.009731035598762594,1.368923694660496,0.418443286934632,7.2254285425408826e-9,8.453581198684987e7,7.587294170483501e7,1.090125507595681,0.570953902342154,2.2786703194982283,0.1353909210367896,38.136060245521534,-5100.457480984218,7.0,1.0,0.9442781290879481,-5100.457480984218,5110.962129899706,-0.16148146628529503,0.22957568987294508,3.0,0.0,0.5592341991082216,0.5592341991082216
3249,1,0.057785057098466805,0.062499941813749814,0.009137219453044697,1.3387472434299004,0.4389696536628284,7.151635495226744e-9,9.631903937078288e7,1.0861919806520526e8,1.0947926207292868,0.5512709948642504,2.0185917391520016,0.11611526786784794,39.06913632869443,-5098.03854384372,7.0,1.0,0.9979827885518484,-5098.03854384372,5104.23345080007,-0.13227967333568813,-0.29517348964782286,3.0,0.0,0.5592341991082216,0.5592341991082216
3250,1,0.05706858561583182,0.06451185940051025,0.009357168019533575,1.3610622066492297,0.4324318591854683,7.288825354056146e-9,9.850711182974672e7,1.0469912501858132e8,1.123683572621108,0.5003950284280031,1.9104804201905978,0.11770356309174991,40.50313199616923,-5103.919780419358,7.0,1.0,0.7970693104510789,-5103.919780419358,5110.459589883113,0.4398632405609533,0.6398870828797953,3.0,0.0,0.5592341991082216,0.5592341991082216
3251,1,0.05838326382289895,0.058306513831172586,0.009461536640634843,1.319866867014186,0.42576592756032056,7.050769316470959e-9,9.001633992835115e7,8.233958588810465e7,1.0237792133682084,0.5583730278216344,2.3852375793890013,0.13073641365459476,39.000820747193316,-5101.384163996515,7.0,1.0,0.9765984132053446,-5101.384163996515,5106.885924809857,-0.25196668422813673,-0.6032453788457133,3.0,0.0,0.5592341991082216,0.5592341991082216
3252,1,0.057841299339069605,0.06529681383555383,0.009481761145988376,1.3746750468056455,0.4216961546571966,7.218429733046059e-9,8.971738952217428e7,1.0281005427980533e8,1.1190343183987033,0.5932098798539548,2.2156169576927507,0.12722423660796178,41.940694358968244,-5099.98495874334,7.0,1.0,0.8841174178080999,-5099.98495874334,5107.957486179714,0.2201068022304753,0.6326409067978602,3.0,0.0,0.5592341991082216,0.5592341991082216
3253,1,0.058161098166381736,0.06046649779267961,0.009268976627545507,1.3407655390701714,0.43105970601814103,7.110957445038226e-9,1.0063315621989055e8,9.268644872917049e7,0.9797198358758259,0.5722696009049635,2.1406341832327245,0.1171682316009751,34.60454907683216,-5097.727402907844,7.0,1.0,0.8994563725173546,-5097.727402907844,5108.801625056164,-0.36833760357239953,0.40907683244040527,3.0,0.0,0.5592341991082216,0.5592341991082216
3254,1,0.058200387836046835,0.0621441584887821,0.009336112797028992,1.3385931013213643,0.4357312671159509,7.089000908161416e-9,9.221727844434136e7,9.362183818151583e7,1.0601247827933404,0.5434450200419608,2.1549802032403,0.11991032718541046,35.154665256448766,-5096.197131488079,7.0,1.0,1.0,-5096.197131488079,5100.00613029688,-0.1423077136350912,-0.3630266638692774,3.0,0.0,0.5592341991082216,0.5592341991082216
3255,1,0.05740477673857415,0.06692458057777728,0.009218296294933717,1.3440134685747984,0.4313992147985901,7.1757941238885325e-9,9.556879931707834e7,9.115221508828351e7,1.1374581953055274,0.5565300349424271,1.8861885061735473,0.1377205785166231,43.64370117647374,-5100.246588646407,7.0,1.0,0.7703294877839105,-5100.246588646407,5104.875568660073,0.2524911421105571,0.5401219712666716,3.0,0.0,0.5592341991082216,0.5592341991082216
3256,1,0.05767272240601479,0.060112313039163576,0.009157007905451476,1.3318142018598376,0.42854472877495225,7.093054686327258e-9,9.108879833661424e7,8.753771025207874e7,1.1155971857878142,0.5220456429742307,2.091977792269531,0.1434813780077132,37.78713995571486,-5098.671577169462,7.0,1.0,0.9266102807182836,-5098.671577169462,5106.529151122006,0.0057149905360347475,0.2596321229748355,3.0,0.0,0.5592341991082216,0.5592341991082216
3257,1,0.05793499505562075,0.061497244918947515,0.009596367929487825,1.3699408120860883,0.43091876709563,7.26790692883942e-9,9.228764742353311e7,9.272367372734994e7,1.0383429301575582,0.5125306131894032,2.25986181539696,0.12104470607843396,39.71274956326935,-5096.4294265597255,7.0,1.0,0.7371889185009218,-5096.4294265597255,5103.04993041255,-0.41258603958340245,0.8729660490180322,3.0,0.0,0.5592341991082216,0.5592341991082216
3258,1,0.05792748200856835,0.05915412455756775,0.009454228229632163,1.33964036287431,0.42347629367114237,7.139559045617441e-9,9.451946433463395e7,8.826771125617068e7,1.0749657114067943,0.5440849452115057,1.9671996427197833,0.1321354175409636,39.308569052338804,-5094.140025495999,7.0,1.0,0.9407384268178011,-5094.140025495999,5100.827386041149,-0.32229470459151344,-0.32229470459151344,3.0,0.0,0.5592341991082216,0.5592341991082216
3259,1,0.05785800521339633,0.06210621231393488,0.009460527143157316,1.3641552174531324,0.43358832447608814,7.230725513610637e-9,9.2984882591703e7,9.007659812839536e7,1.0428725229079134,0.5195429137991082,2.264966615005053,0.1188474586986011,39.362665575827286,-5094.6476790265715,7.0,1.0,0.8834409980737858,-5094.6476790265715,5098.308500166532,0.11407470652920892,0.25827886884962936,3.0,0.0,0.5592341991082216,0.5592341991082216
3260,1,0.058102315545635164,0.06034823005235786,0.009497504459348511,1.3377096062193634,0.429681528822185,7.189451610171353e-9,1.0249835570526983e8,8.872928409377639e7,1.1183248382309716,0.5551024660702052,1.9553061283221873,0.12434814163943071,38.743777228827945,-5095.331861760067,7.0,1.0,0.9767948953414675,-5095.331861760067,5096.670611111127,-0.015369834552984685,-0.17341392922844534,3.0,0.0,0.5592341991082216,0.5592341991082216
3261,1,0.05801534422681036,0.05983012328100885,0.009418430989258712,1.3346991597706968,0.4279416776300128,7.136129460040712e-9,1.096852465170436e8,8.320929840304342e7,1.1708441146497774,0.5507768375417194,1.904371076844285,0.12001575915196319,37.297136732421635,-5098.4383167260885,3.0,1.0,0.7309254647742597,-5098.4383167260885,5102.89639124371,0.13586122734341188,0.4754823431321711,2.0,0.0,0.5592341991082216,0.5592341991082216
3262,1,0.057949453346261816,0.06356543985370469,0.009486738842896258,1.3591219658969294,0.41798180958005243,7.1492033026579e-9,8.812458303561687e7,8.449645090411392e7,1.1363692874267826,0.5309405156997913,2.371564078272289,0.13777489452159739,36.602416132784626,-5098.967577095723,7.0,1.0,0.829089344288344,-5098.967577095723,5106.57029079946,0.1176729053750023,0.32773185471251054,3.0,0.0,0.5592341991082216,0.5592341991082216
3263,1,0.057577918961706755,0.06091897151567759,0.009121393486578179,1.3294017513809275,0.43642025369882625,7.201335120824477e-9,9.463136820141663e7,9.163044423866408e7,1.067072972556497,0.5475604877261824,2.124210484255025,0.11908597946448471,37.90521738560452,-5096.334818412367,7.0,1.0,0.7261464709107656,-5096.334818412367,5104.02587435656,0.26159756520701194,0.7358148438061107,3.0,0.0,0.5592341991082216,0.5592341991082216
3264,1,0.057837844182062635,0.05812667868327672,0.00917862459786616,1.3264049397485622,0.4325390973587851,7.209872020435969e-9,9.379910284511356e7,9.043145731615539e7,1.0643087338607358,0.578383330959383,2.2482011793833205,0.1137225897484695,37.53191242734365,-5100.211655799008,7.0,1.0,0.5448501978290381,-5100.211655799008,5106.228902633594,1.5121170500224252,1.5650981970366047,3.0,0.0,0.5592341991082216,0.5592341991082216
3265,1,0.05764334940447997,0.06067508705427621,0.00925998035276206,1.3179909204690048,0.4365107608565159,7.212002970678915e-9,9.711854337122245e7,9.342734087906396e7,1.0606755364656217,0.570148518180603,2.196684680431299,0.11911973152695751,37.01410204377267,-5096.828103836902,7.0,1.0,1.0,-5096.828103836902,5102.092536829976,-1.7490240853185242,-1.8915373269110205,3.0,0.0,0.5592341991082216,0.5592341991082216
3266,1,0.05829974920568619,0.06371421698315419,0.0092760151044569,1.3763581365749233,0.43949955490942894,7.089322396950929e-9,9.758976412617496e7,9.619388310860367e7,1.033075095407206,0.4920347010931779,2.1282983454391693,0.12625753087833885,41.60658726852467,-5100.118711265006,7.0,1.0,0.7619819782878692,-5100.118711265006,5107.044408931322,0.35694432734271686,0.5674196379213754,3.0,0.0,0.5592341991082216,0.5592341991082216
3267,1,0.05785623659488465,0.05785250105103477,0.00958769429453728,1.3567809544165492,0.4227978636844303,7.220021144743675e-9,1.0227730163216645e8,8.180469712446797e7,1.2139853521649075,0.5714618320389026,2.1494662407600518,0.11597300226068047,37.60781725339592,-5097.240633990284,7.0,1.0,0.9672590065654144,-5097.240633990284,5105.783248341847,-0.2820863113256564,-0.2820863113256564,3.0,0.0,0.5592341991082216,0.5592341991082216
3268,1,0.057721826894496946,0.061021464387921824,0.009546577435946335,1.3556131690881266,0.42635784114159375,7.204276655455228e-9,9.944537730757919e7,9.523326779096478e7,1.0006840684855878,0.5305628553633549,2.2621402206389587,0.12384428469302732,38.14371013956828,-5094.440431863978,7.0,1.0,0.9573779831784517,-5094.440431863978,5099.192912293992,-0.09257034253914753,0.16844527990451752,3.0,0.0,0.5592341991082216,0.5592341991082216
3269,1,0.057721826894496946,0.061021464387921824,0.009546577435946335,1.3556131690881266,0.42635784114159375,7.204276655455228e-9,9.944537730757919e7,9.523326779096478e7,1.0006840684855878,0.5305628553633549,2.2621402206389587,0.12384428469302732,38.14371013956828,-5094.440431863978,7.0,1.0,0.39920620345334407,-5094.440431863978,5105.592507917563,0.0,1.3218654886495642,3.0,0.0,0.5592341991082216,0.5592341991082216
3270,1,0.057634983215172186,0.05969481930033535,0.00943795485059747,1.3569940051169525,0.4338569126200278,7.17583524595757e-9,8.925920820968649e7,8.960903189295998e7,1.128272895003019,0.5642501988797843,2.028521263920984,0.12390105693673069,39.13346107891546,-5094.963998243747,7.0,1.0,0.7781293499230763,-5094.963998243747,5098.497675166255,0.25562117950994434,0.45394315985140565,3.0,0.0,0.5592341991082216,0.5592341991082216
3271,1,0.057745166487384016,0.059637372002938956,0.00930733279361158,1.3430313824888005,0.43651601622931,7.238641899849359e-9,9.91664345705004e7,9.098496670854224e7,1.0632706661666416,0.6291347065700776,2.083160455261476,0.1372835890155193,37.140810453555616,-5099.069320187945,3.0,1.0,0.7730915526454686,-5099.069320187945,5102.636538714402,0.17544066598293284,0.54423699871586,2.0,0.0,0.5592341991082216,0.5592341991082216
3272,1,0.058146824843444044,0.06208323551847473,0.009194269223502933,1.3379860352391717,0.43543907449171065,7.1461500555733145e-9,9.09326917674017e7,9.852459371717636e7,1.0708874445429988,0.48141566985909534,2.1731940143016,0.1342044063077955,43.53401045105014,-5098.342678864581,7.0,1.0,0.5132845753745612,-5098.342678864581,5106.266083579352,0.07157142605137778,1.7579958294427342,3.0,0.0,0.5592341991082216,0.5592341991082216
3273,1,0.05777955772566565,0.06301579739243325,0.00937212038646328,1.3512792663862068,0.4315359295255469,7.169676251371585e-9,1.0232137000846559e8,7.992921332024333e7,1.0626620028900746,0.608788381397838,2.064713008029172,0.11450236258047522,37.231137671081264,-5097.030820553768,7.0,1.0,0.8815973939910849,-5097.030820553768,5103.393505808771,-0.5114744612301365,-0.6020686896436018,3.0,0.0,0.5592341991082216,0.5592341991082216
3274,1,0.057733056992062375,0.05733844877414402,0.009365125927744463,1.33970731613078,0.4223360131266747,7.170080791064358e-9,9.785257671164487e7,9.15852952734949e7,1.0198023274210182,0.49760016525734885,2.102269756734745,0.12419444418586226,40.38527789762398,-5096.0100497270605,7.0,1.0,0.5852653992616356,-5096.0100497270605,5101.1395454618505,0.5455083303813808,1.2142621209077333,3.0,0.0,0.5592341991082216,0.5592341991082216
3275,1,0.05759435229631465,0.062347915819760735,0.009533744714187286,1.3598294298298454,0.41950447709533706,7.145780114172625e-9,9.195129198122625e7,8.457263756291255e7,1.0392004250311533,0.6120543965357036,2.1226111462729866,0.12165922850697215,43.26470057817842,-5098.418676244685,7.0,1.0,0.9513692379616054,-5098.418676244685,5102.399235267072,-0.07514524135785905,-0.443801919368525,3.0,0.0,0.5592341991082216,0.5592341991082216
3276,1,0.05780235072986507,0.06411278576723971,0.009375762085099916,1.3621407257269473,0.43190967818728715,7.256834955249342e-9,8.971772586019282e7,8.588168087753153e7,1.1195666817356427,0.5743187927923695,1.9544036058338847,0.11437422684927762,41.79162745005052,-5098.011316421468,7.0,1.0,0.9313082936115235,-5098.011316421468,5103.491945796662,-0.16108074326257338,0.368264205369087,3.0,0.0,0.5592341991082216,0.5592341991082216
3277,1,0.05816443078389304,0.05594443604494302,0.009526576339926745,1.3332124205243114,0.4209703389894888,7.085809159164276e-9,9.222944290252842e7,8.942574122669369e7,1.1107244347541978,0.4511981134022552,2.0577829406835675,0.14518044768218114,38.749428775213,-5102.495756061586,7.0,1.0,0.8971988860673806,-5102.495756061586,5108.296548755512,0.2025078697315621,0.5303678843838497,3.0,0.0,0.5592341991082216,0.5592341991082216
3278,1,0.05724016092931516,0.06310507711442571,0.009230465289904524,1.375293480191932,0.43227512354237807,7.136178598803362e-9,9.722703485960002e7,9.01673530600267e7,1.0304900288769894,0.6155195497734178,2.235762871307979,0.10733349878480057,41.60067198551759,-5102.44524705126,7.0,1.0,0.7267813723419235,-5102.44524705126,5113.169754974732,0.2810900393542397,0.8135150579237234,3.0,0.0,0.5592341991082216,0.5592341991082216
3279,1,0.058340934373867996,0.05442968961646845,0.009763589535598978,1.3347624922494865,0.4150537190090131,7.204847903168787e-9,9.040141930207078e7,8.841810021126115e7,1.0867452478364032,0.4689094145144028,2.0548173694074485,0.1448295103403806,39.842778235102514,-5102.794738552712,7.0,1.0,0.9109991028621401,-5102.794738552712,5109.249421364726,0.0919535452285345,0.35560194178742677,3.0,0.0,0.5592341991082216,0.5592341991082216
3280,1,0.05783684569144311,0.062704322526678,0.009435855746027122,1.3718714245086143,0.4206308173090012,7.192527749083621e-9,9.208746331941162e7,1.0255330689227858e8,1.0262086144362534,0.5797148033652281,2.324372189171106,0.12020836841101572,38.41671613997816,-5098.464751001549,7.0,1.0,0.8948781003849636,-5098.464751001549,5107.76237112104,0.1323949632496806,-0.497977842713226,3.0,0.0,0.5592341991082216,0.5592341991082216
3281,1,0.058233617136714814,0.05818797802247588,0.00958337490757391,1.3394993138464506,0.43076411898536826,7.199987883111459e-9,9.639986877903333e7,9.147808173636559e7,1.0589171946196723,0.517194034981497,2.4625304605515583,0.11895341247503478,39.173860405994745,-5097.453925205511,7.0,1.0,0.9465714076262682,-5097.453925205511,5103.26840017902,-0.45138214757753303,-0.45138214757753303,3.0,0.0,0.5592341991082216,0.5592341991082216
3282,1,0.05821679616001306,0.06086007843424587,0.009462064191860946,1.3362058597287663,0.42493390664073327,7.12928532988654e-9,8.38637325079008e7,8.808010514887789e7,1.0569990392399073,0.46344062575247513,2.403603423512078,0.12996955980380798,38.70112080535729,-5098.947806979332,7.0,1.0,0.88707111163981,-5098.947806979332,5103.197294587264,0.06630095254877233,0.2405272773876277,3.0,0.0,0.5592341991082216,0.5592341991082216
3283,1,0.05741538730088722,0.06042735105303809,0.009333307383014917,1.3609242376034676,0.4320346070751937,7.199429109345693e-9,1.0531586345666896e8,9.04565499997723e7,1.0441330040076906,0.624815646705148,1.8865829740265387,0.11237116417698641,40.66046621968001,-5099.6736940568835,7.0,1.0,0.9651990263313762,-5099.6736940568835,5103.899589781512,-0.01601234204190405,-0.23326700908546627,3.0,0.0,0.5592341991082216,0.5592341991082216
3284,1,0.05840096054429617,0.06029588946460303,0.009458156785748857,1.344876756476373,0.4256154459720934,7.214614271161858e-9,8.52610089861047e7,9.14472428221603e7,1.0812473817782227,0.45537142069133324,2.3377210194858264,0.13225036098557408,38.38448857357176,-5102.876341441792,7.0,1.0,0.5124017822359753,-5102.876341441792,5107.844515745279,1.5032133523100129,1.7580556825769236,3.0,0.0,0.5592341991082216,0.5592341991082216
3285,1,0.05738123781802735,0.05836242890547747,0.009310050500985847,1.3598921278687373,0.4315173584016903,7.156130290045426e-9,9.900441338279542e7,9.695216539711384e7,1.1459955873675285,0.5510519517989939,2.148651309815143,0.13139469059584438,43.33341872117563,-5098.327587278707,7.0,1.0,0.9895808249480477,-5098.327587278707,5106.41048698841,-1.097613402946081,-1.244414247336863,3.0,0.0,0.5592341991082216,0.5592341991082216
3286,1,0.05796015397236882,0.06229776955103746,0.009503819430846397,1.341866556662847,0.42869249168926615,7.2353011760843846e-9,1.0405553505058303e8,8.792044084495327e7,1.091665569153485,0.649149958898257,1.9384120046144384,0.1241382486545136,38.56363272292436,-5099.808214092652,7.0,1.0,0.8702509463528295,-5099.808214092652,5108.509680573622,0.0989761804949012,-0.3660298699960549,3.0,0.0,0.5592341991082216,0.5592341991082216
3287,1,0.05756816011849568,0.05978960298713601,0.009442504758756395,1.348449574625536,0.4304256623099139,7.238962044024468e-9,9.80404927615151e7,9.577704975741376e7,1.1545709916298097,0.6028915182826239,2.0892212389410645,0.12051416596766928,42.34962584490461,-5096.726716625643,7.0,1.0,0.9916829957143882,-5096.726716625643,5103.179753856635,-0.3328102098639647,-0.40959147666490026,3.0,0.0,0.5592341991082216,0.5592341991082216
3288,1,0.057931692532321694,0.0600838933915975,0.009580010329815779,1.3468508704081406,0.42554646849920885,7.149817930214489e-9,8.626565597107844e7,8.428067261937772e7,0.9674493071042126,0.5781851714381595,2.274081949716162,0.12402649766931399,40.363141829480725,-5096.637362007437,7.0,1.0,0.6019550732821138,-5096.637362007437,5105.498668596639,0.17021812426719407,0.9553929452022203,3.0,0.0,0.5592341991082216,0.5592341991082216
3289,1,0.058045782266484644,0.06108944022125964,0.009397273916182489,1.343105252007937,0.4332826635617989,7.1254926001775915e-9,1.124848020822388e8,1.0284917070863345e8,1.1288759161310589,0.522235565576731,1.9405558458834713,0.11749608376257537,37.935969655348,-5099.2979951772595,7.0,1.0,0.9052486974614388,-5099.2979951772595,5103.132383956377,0.1181356814222454,0.39282254375939374,3.0,0.0,0.5592341991082216,0.5592341991082216
3290,1,0.05785382987548233,0.06149360050196179,0.009476516590937886,1.3543434077426666,0.42553949094473253,7.218922719214159e-9,8.42518432957908e7,8.36826677920012e7,0.9349866001236151,0.55710222759494,2.2676287383768234,0.11882017035060029,38.82948764307308,-5097.1253438046915,7.0,1.0,0.6449922232188364,-5097.1253438046915,5104.442800851112,-0.4637422672121829,1.4604778216225895,3.0,0.0,0.5592341991082216,0.5592341991082216
3291,1,0.05842850747495278,0.06076700462924102,0.009399694237766782,1.3574960757818548,0.43337521875648183,7.068935584269565e-9,9.120694915248182e7,9.466919843128888e7,1.1055222598785666,0.5050469407662067,2.119612163485606,0.12246404999613142,35.722000682606854,-5098.378416540046,7.0,1.0,0.6035114613914457,-5098.378416540046,5107.204783682102,0.17683354895416414,0.9077020946815537,3.0,0.0,0.5592341991082216,0.5592341991082216
3292,1,0.05824273332653457,0.06092708318236485,0.00949903948998574,1.3622979281790917,0.42618831917033106,7.1261099012758755e-9,8.85265422307268e7,8.529547935973406e7,1.1291653796126728,0.4868678203267268,2.2028661413579687,0.12536692067028063,37.86644763239311,-5096.104729844421,7.0,1.0,0.9264416079163738,-5096.104729844421,5107.153142904926,-0.2743405980081661,-0.2743405980081661,3.0,0.0,0.5592341991082216,0.5592341991082216
3293,1,0.05813175939645531,0.0563825273594632,0.009585157276497076,1.335058472867528,0.42423078098152533,7.199071163176575e-9,9.113059961044152e7,8.866006380589569e7,1.072819688084987,0.5407573271974603,2.033907454220416,0.12337446208759917,39.6201549209921,-5095.093105394738,7.0,1.0,0.9675865809161736,-5095.093105394738,5099.006917875995,-0.005440389634713938,0.15274488587783708,3.0,0.0,0.5592341991082216,0.5592341991082216
3294,1,0.05792285602729077,0.06043220159174062,0.009569092085166545,1.3294609218094247,0.4240396883111703,7.203093604613761e-9,9.731432285853532e7,9.708029575272682e7,1.0824891526597207,0.5395641529709723,2.036293506883923,0.1187517452582489,39.25202235176436,-5095.149521346313,7.0,1.0,0.9567699344133876,-5095.149521346313,5097.8591422464415,0.04359792950890551,0.13409743858210277,3.0,0.0,0.5592341991082216,0.5592341991082216
3295,1,0.05785459772718153,0.06121090768291191,0.009171094094997962,1.3667447959205892,0.4344080725251595,7.1216058956642825e-9,9.64482238864126e7,8.32987507497561e7,1.074115205518914,0.5153842532638042,2.210597047741003,0.12784546395631413,40.49395087516438,-5096.01180284037,7.0,1.0,0.6466048955596297,-5096.01180284037,5099.762094572817,0.2820768698838947,0.904829875793439,3.0,0.0,0.5592341991082216,0.5592341991082216
3296,1,0.057840870889645145,0.06043705099184667,0.00939225679260364,1.3575586016434957,0.42872159131645304,7.1566775419831034e-9,1.0029808062056535e8,9.067066703891096e7,0.9931091275093337,0.5094297362925856,2.119738872388212,0.12747994631985593,41.613351400564376,-5093.537261154377,7.0,1.0,0.9207373841195564,-5093.537261154377,5098.20230708677,-0.44591393128212076,-0.44591393128212076,3.0,0.0,0.5592341991082216,0.5592341991082216
3297,1,0.057800466684345346,0.0612332436229517,0.00938800856143034,1.3752156172634453,0.4369242914309125,7.245306388777697e-9,9.339139923856103e7,9.240225241957672e7,0.9298153661295532,0.4875319426159543,2.2397893523577115,0.11586751416913528,40.07341695155784,-5099.046770817938,3.0,1.0,0.6812747902758572,-5099.046770817938,5100.653585844309,0.5500963699614658,0.5500963699614658,2.0,0.0,0.5592341991082216,0.5592341991082216
3298,1,0.05796873482325439,0.0620268343466175,0.00947208639555219,1.3264538684132903,0.4254019664020175,7.116354254616297e-9,9.07258005238788e7,8.936196401107515e7,1.2513574032570407,0.5580866468023924,2.010313070106348,0.13453489764546317,44.34815299151185,-5099.598903503622,7.0,1.0,0.8662563752218312,-5099.598903503622,5105.163791502092,0.09357630966223951,0.43558684941854153,3.0,0.0,0.5592341991082216,0.5592341991082216
3299,1,0.05738891164546789,0.05893525555503317,0.009508257996675557,1.3744977953516984,0.4339285625267024,7.242016765290874e-9,9.552091427947217e7,9.065782672159776e7,0.9132005716145826,0.5524530914599304,2.0966623316135746,0.11938760791861285,33.88647262332365,-5102.562519390081,7.0,1.0,0.9371432866981582,-5102.562519390081,5106.975828329822,0.46352511177337874,0.46352511177337874,3.0,0.0,0.5592341991082216,0.5592341991082216
3300,1,0.0576981809713273,0.05832119217974191,0.009433528823606527,1.3751122992190836,0.4212383209194908,7.2003461812583136e-9,8.729290855825476e7,8.343220578070346e7,1.0043940732600918,0.5881663372868465,2.0489992356552875,0.12074544934379404,37.883330757111004,-5098.051677274895,7.0,1.0,1.0,-5098.051677274895,5106.255701194438,-0.5201477626824271,-0.7174086923305367,3.0,0.0,0.5592341991082216,0.5592341991082216
3301,1,0.05773423073257075,0.06037151646660055,0.009683283835043157,1.3826493417795362,0.4228878772335561,7.198735609059665e-9,8.89929692824984e7,8.294270860248408e7,1.006139677481572,0.5696922413315116,2.051237057257857,0.11145050724780982,37.8892378847481,-5098.679975260685,7.0,1.0,0.9778886770838497,-5098.679975260685,5103.318666926351,-0.19631460313757998,-0.29540832098609826,3.0,0.0,0.5592341991082216,0.5592341991082216
3302,1,0.05791736683309293,0.060676593792275094,0.009146113206524364,1.3091676322626529,0.42874607349210414,7.137234873170967e-9,9.860861103311886e7,9.727220912888189e7,1.0777839080257678,0.518394681656637,2.2206096462340916,0.14799939323876454,41.66470395141882,-5101.836332871466,7.0,1.0,0.7937834428154295,-5101.836332871466,5104.013370263504,0.6736783049109363,0.6736783049109363,3.0,0.0,0.5592341991082216,0.5592341991082216
3303,1,0.05796429839117639,0.06647824037323434,0.009212627802981547,1.3545397020443115,0.43438138203609317,7.120520001068722e-9,9.035915561531179e7,8.869264867367539e7,0.9462737851611278,0.5954622880494447,2.1495979012134874,0.11053149571628249,38.37285808521056,-5098.269883496979,7.0,1.0,0.8225559728665512,-5098.269883496979,5109.133752585841,-1.259716912129079,-1.259716912129079,3.0,0.0,0.5592341991082216,0.5592341991082216
3304,1,0.05769518561345404,0.05721194212507523,0.009563575277915938,1.339970359910934,0.4290288911238478,7.2418222540586825e-9,9.109296889625515e7,8.340341118579064e7,1.1349712542754404,0.49417844770586694,2.0727542237449703,0.13127354591726265,39.16047654537939,-5096.240442697775,7.0,1.0,0.9995017621936204,-5096.240442697775,5101.748336750691,-0.12274526971395971,-0.12274526971395971,3.0,0.0,0.5592341991082216,0.5592341991082216
3305,1,0.05753106938249619,0.05808967518356146,0.00952372375509749,1.342561258520507,0.4255582615652954,7.248130542901596e-9,9.140193191895615e7,9.03703852586967e7,1.0582447793058498,0.5050205136069886,2.1852541419925555,0.13094194380582685,41.789361331159185,-5095.331892625481,7.0,1.0,0.8586530671153026,-5095.331892625481,5102.293837427046,-0.11755939737849985,0.28701376570279535,3.0,0.0,0.5592341991082216,0.5592341991082216
3306,1,0.05827508516979154,0.06332588635211024,0.009281969855991928,1.3437152323229073,0.4317381126068342,7.0438060832524095e-9,9.854015803923522e7,9.14357025733128e7,1.053287242278448,0.5555528943147299,2.3666646623436076,0.11524671184115008,39.80862436002005,-5097.481658806865,7.0,1.0,0.8407195230741193,-5097.481658806865,5104.244078536283,0.10803702357043221,0.39403852186387667,3.0,0.0,0.5592341991082216,0.5592341991082216
3307,1,0.05765148990822642,0.06046728761940608,0.009495792500193168,1.3501681796820895,0.42736207451593533,7.3385608014012714e-9,9.086933677323718e7,8.822808485771827e7,1.086560541253452,0.5033517372196092,1.9594058060787696,0.12982292170533855,39.367594217732226,-5099.114727899516,7.0,1.0,0.737118516656218,-5099.114727899516,5103.1213136047145,0.5342321515290678,0.5507898350797404,3.0,0.0,0.5592341991082216,0.5592341991082216
3308,1,0.058231116039331995,0.0631983327438273,0.009266842976505929,1.345651086150967,0.4378189156903249,7.036517871286851e-9,1.0108463978116246e8,8.954765235751724e7,1.015387266133796,0.5582863100206807,2.3614977276576687,0.11554170445336832,39.0283902961615,-5099.016675247462,7.0,1.0,1.0,-5099.016675247462,5104.238273172276,-0.3322076692911651,-0.5985251313677509,3.0,0.0,0.5592341991082216,0.5592341991082216
3309,1,0.05777743552918471,0.059436673299428866,0.009423928279345479,1.3778067117764807,0.4212540704814286,7.153843103128337e-9,9.953609857756741e7,8.06826211782497e7,1.1427184523023701,0.48978514730316064,1.9676863783067617,0.13248363587705134,39.721943653205145,-5098.887550873095,7.0,1.0,0.8816412508285583,-5098.887550873095,5107.995943100963,-0.006951495424800669,0.5948008972136449,3.0,0.0,0.5592341991082216,0.5592341991082216
3310,1,0.05808032556597388,0.06039786456118913,0.00961340653316261,1.3388890695785298,0.42640159429032665,7.257742901910909e-9,9.966266406223834e7,8.876709078883295e7,1.1249456015839971,0.5098827157839487,2.1350640880392744,0.11390378798344823,41.710436399881026,-5096.939982101284,7.0,1.0,0.9579060270400424,-5096.939982101284,5102.735747126713,-0.38502293356668815,-0.5245996045659922,3.0,0.0,0.5592341991082216,0.5592341991082216
3311,1,0.05798249000775955,0.05492754158550717,0.009607955300146843,1.3652684368395116,0.42825719269718565,7.191243485837314e-9,9.905741747637944e7,8.344385982426794e7,1.0626439161585133,0.47755271656059556,1.9349045395701088,0.12423814855146079,44.88344930866423,-5099.390312160132,7.0,1.0,0.7032215239191764,-5099.390312160132,5104.240579234486,0.16310032451565348,0.7887004947469904,3.0,0.0,0.5592341991082216,0.5592341991082216
3312,1,0.057710028321541144,0.06402642241779645,0.009329614141251306,1.3325066984721377,0.434340708524937,7.16442230100558e-9,9.25564974054377e7,9.36546778866154e7,1.1056831635890239,0.5397003101656733,2.0235472035682855,0.11999412329864377,39.24811449165667,-5093.902743775186,7.0,1.0,0.8970170799164092,-5093.902743775186,5102.26501290987,-0.553188686669273,-0.553188686669273,3.0,0.0,0.5592341991082216,0.5592341991082216
3313,1,0.05792207815548058,0.056367474205581115,0.009592821321241122,1.3653331099680621,0.4221627133225219,7.180542891532624e-9,9.70104234461183e7,8.504797515307532e7,1.0550933076305533,0.5173648140478561,2.214739641756223,0.12646273968728336,39.40925596181337,-5094.400442811509,7.0,1.0,0.6152893428726133,-5094.400442811509,5097.0727356555235,0.34508287358221423,0.6091277892019207,3.0,0.0,0.5592341991082216,0.5592341991082216
3314,1,0.058170849205496984,0.05692640432400474,0.009559341214107935,1.3719879024232775,0.43368279700687623,7.1944073410879194e-9,1.0150343181677286e8,9.40482295899312e7,1.0449257021008906,0.5440731122438365,1.9848817796680722,0.11986684187299688,34.79218139912857,-5099.382987432755,3.0,1.0,0.3873070010989134,-5099.382987432755,5106.972973150478,0.5961983457664246,1.2588136122849392,2.0,0.0,0.5592341991082216,0.5592341991082216
3315,1,0.05805964481797923,0.05717583382219133,0.00952983685122517,1.3450077159193006,0.4252048342551949,7.176538634583384e-9,1.0136578190719627e8,9.725813302695924e7,1.0219640203425226,0.5638444307163465,1.9968772104229573,0.11793859353775754,37.686152956946586,-5095.7085242647145,7.0,1.0,0.9886401642851814,-5095.7085242647145,5101.345414212997,-0.4700366607248725,-0.6274401635819231,3.0,0.0,0.5592341991082216,0.5592341991082216
3316,1,0.057608154257218526,0.061501440382389506,0.009554123685896785,1.3666846078567072,0.4243678118453477,7.220732964707043e-9,8.968034453442597e7,8.560611956349589e7,1.0811510549044736,0.5508134750443282,2.0631345106137866,0.12278926575080946,46.69129372151802,-5097.025670118405,7.0,1.0,0.6090006635959374,-5097.025670118405,5103.5878638644035,0.19097310102461051,0.8391142789914738,3.0,0.0,0.5592341991082216,0.5592341991082216
3317,1,0.057801691404469946,0.06043797815298757,0.009371304261371512,1.3770859817648473,0.43343167131144567,7.13096559700562e-9,8.909186004933882e7,9.557772127355045e7,1.0131438669307553,0.46456061345754723,2.2891981916097914,0.11604845792457189,36.85626422483226,-5098.770675994204,7.0,1.0,0.7812546187545804,-5098.770675994204,5103.773674532911,0.19926609849517263,0.5513503665888493,3.0,0.0,0.5592341991082216,0.5592341991082216
3318,1,0.057654934256633227,0.06333552746405445,0.009502091510595823,1.3212290729664369,0.4280495787140082,7.2279255297384885e-9,9.502092376940545e7,9.083274302310404e7,1.0933310721015053,0.6122828329385145,2.234268974145892,0.1213523958114751,40.38457897888919,-5098.448231445335,7.0,1.0,0.9875296717848847,-5098.448231445335,5103.8217631217085,0.057912165392735915,-0.3571187309198649,3.0,0.0,0.5592341991082216,0.5592341991082216
3319,1,0.058022296753476546,0.05508880038936288,0.009770506655412979,1.390616109510099,0.4202007957437809,7.149807638351547e-9,8.600913838022503e7,8.866040051769924e7,1.1879916673469069,0.47450982564833577,2.2599960879607197,0.1252884543557583,38.1048901165204,-5101.843478044521,7.0,1.0,0.9474670549054317,-5101.843478044521,5106.6064104940815,0.17588122959296015,-0.38184175448805036,3.0,0.0,0.5592341991082216,0.5592341991082216
3320,1,0.0575791134864046,0.061176716786376116,0.009530507550427277,1.3324526910566077,0.42936809597948206,7.248719497088639e-9,1.014213555644083e8,8.96158798364635e7,1.0127876734016241,0.5891841728000806,2.025581041321696,0.12103214583336494,42.30117678190312,-5097.932099916225,7.0,1.0,0.9863381959854743,-5097.932099916225,5107.807234385856,-0.053822363418476016,-0.4574502078412479,3.0,0.0,0.5592341991082216,0.5592341991082216
3321,1,0.057870504731567116,0.06447270359030197,0.009464044823335977,1.3750493696056278,0.42955334471073064,7.073550297485321e-9,8.828078255808975e7,8.996450505677581e7,1.1300130662771057,0.5052723859354757,1.9156638672228603,0.1264034544928416,37.753229625565815,-5101.208833726125,7.0,1.0,0.782278773187796,-5101.208833726125,5108.773588395257,0.583919971699288,0.7914805132022593,3.0,0.0,0.5592341991082216,0.5592341991082216
3322,1,0.057700355871751464,0.05593620823782475,0.009412487859495972,1.324668958614641,0.42802260027969036,7.202027615946275e-9,1.1093744420255181e8,9.212206480305207e7,0.988560824590657,0.5593909075178509,2.3050325486737417,0.13068694753218874,42.27325254066471,-5100.5106056994255,7.0,1.0,0.7538789788621191,-5100.5106056994255,5113.51137877533,-0.991314379241885,1.2367237521975767,3.0,0.0,0.5592341991082216,0.5592341991082216
3323,1,0.05746221493333799,0.06184485343807953,0.009267896269339111,1.3364865140715394,0.4331384993684682,7.184998671218099e-9,1.0450109336529331e8,9.411159060683198e7,1.1317879098404606,0.5644985471746768,1.9904683424663847,0.11943337101252868,36.53983479123215,-5096.869498155934,7.0,1.0,0.964304049633055,-5096.869498155934,5106.973664620279,-0.405974619025983,-0.405974619025983,3.0,0.0,0.5592341991082216,0.5592341991082216
3324,1,0.05807861924667512,0.06822818781771949,0.009255779820682,1.3541105914787046,0.4366109377182951,7.131230044016128e-9,8.836067981525227e7,9.070852168465453e7,0.991460001772202,0.5024423505458064,2.2704906028890974,0.126372868224208,44.065251034911746,-5099.182995820124,7.0,1.0,0.8087673377650783,-5099.182995820124,5107.20446444069,0.1850185962202886,0.48200127015570615,3.0,0.0,0.5592341991082216,0.5592341991082216
3325,1,0.057552151369456836,0.05624509676036627,0.009416298788106226,1.3398214756031757,0.4258110998327112,7.186636067256744e-9,9.601185018103234e7,9.127036053502496e7,1.042703954421567,0.5638545452397297,1.9525832452786018,0.1248747311398015,37.49367503145401,-5096.608663816589,7.0,1.0,0.993279279419757,-5096.608663816589,5102.325390739604,-0.057982320801784226,-0.23531100895343116,3.0,0.0,0.5592341991082216,0.5592341991082216
3326,1,0.05801763616887767,0.06406355438130136,0.009383648967859932,1.3691882427893505,0.42912670230193833,7.126379864998669e-9,9.287262509054443e7,8.902176806342973e7,1.0964169060521203,0.48342870116657644,2.3119196024691027,0.1249605633237322,44.99619377806453,-5097.559171606979,7.0,1.0,0.9590418685290645,-5097.559171606979,5102.891859353018,-0.03777201174762013,-0.3953683555164389,3.0,0.0,0.5592341991082216,0.5592341991082216
3327,1,0.0584849713453705,0.06476314934121813,0.009460858258081597,1.343214861029306,0.43230755369966345,7.113195661543931e-9,8.196013199583499e7,9.433637603324483e7,1.1100836369040856,0.55076442844272,2.248492543883958,0.13698528885864947,39.82896682768304,-5100.871428282715,7.0,1.0,0.6480124240593733,-5100.871428282715,5107.152204373306,0.3357367913931739,0.6220135044577546,3.0,0.0,0.5592341991082216,0.5592341991082216
3328,1,0.057365368186970134,0.06716466210032228,0.009141121776144245,1.344078344803941,0.4329998066368672,7.108019495446261e-9,1.0679719907923314e8,8.63071496527787e7,1.0269891707450933,0.4932151351448015,2.042179479294655,0.11197938859785551,37.40721876117838,-5100.20399633613,7.0,1.0,0.9653241615033592,-5100.20399633613,5107.593644300756,-0.052353123694956594,-0.3017854523814094,3.0,0.0,0.5592341991082216,0.5592341991082216
3329,1,0.0578531421065466,0.05958405622824317,0.009310065299031361,1.3621901889721455,0.431564654425439,7.168562078334052e-9,9.779555830707851e7,7.478578896403225e7,1.0119454764686504,0.5153799152342956,2.147735092154626,0.11609034777672232,40.082345522535825,-5097.720653530889,7.0,1.0,1.0,-5097.720653530889,5107.035230473703,-0.19371808726100426,-0.4012311605756622,3.0,0.0,0.5592341991082216,0.5592341991082216
3330,1,0.05764649503451169,0.061078880550835116,0.009477644633509343,1.3436354076426187,0.423613492271423,7.2302517774803404e-9,9.361610038495624e7,1.1007176456372143e8,1.1470538538466033,0.5495142344828706,1.962527339776994,0.12209092883512364,39.185216138050116,-5098.831025715503,7.0,1.0,0.27914851067303464,-5098.831025715503,5106.976785787786,0.6027521746109414,2.9827200935678775,3.0,0.0,0.5592341991082216,0.5592341991082216
3331,1,0.05794649469376078,0.060484025213960034,0.00934292342627813,1.3639379708163688,0.4325919311843933,7.133842168969078e-9,9.449769454850708e7,8.746647890713532e7,1.048210234874901,0.516618771157706,2.0629264902950566,0.13454239984860972,45.19059976777016,-5095.815483277856,7.0,1.0,0.8819914119308974,-5095.815483277856,5104.960367701168,-0.25639028360637894,0.29082260805353144,3.0,0.0,0.5592341991082216,0.5592341991082216
3332,1,0.057672948407168224,0.05870021784470039,0.009528738943192946,1.3492440471598521,0.41832252819663635,7.277776672818386e-9,9.71507506299793e7,9.089338321066594e7,1.0697681027402597,0.5575716033660522,2.1366914973040196,0.10947875794800442,34.71388970509342,-5100.347245203678,7.0,1.0,0.6232596251006493,-5100.347245203678,5105.707974704096,1.2063802838983975,1.4544533656844578,3.0,0.0,0.5592341991082216,0.5592341991082216
3333,1,0.0577130447676865,0.06292657589660593,0.009219714910752436,1.3744278981761064,0.4274967135338501,7.189004075397869e-9,9.956225518180068e7,1.0024968929475617e8,1.0485494437654572,0.5519919931767682,2.1071649893562676,0.126847490030539,41.41264803637253,-5098.453101705558,7.0,1.0,0.9621376904799968,-5098.453101705558,5108.235402569408,-0.2643625228547535,-1.715805679137702,3.0,0.0,0.5592341991082216,0.5592341991082216
3334,1,0.05779644002443545,0.05861848362522196,0.009507336193487627,1.357884073369525,0.42190149896192514,7.243090228176305e-9,9.655006647978474e7,8.079905992543863e7,1.1000852048394787,0.6012628157293168,2.0823931383691874,0.11608479038333937,39.50005515637521,-5096.970164365617,7.0,1.0,0.9825272499898714,-5096.970164365617,5104.399000464161,-0.8480533437632403,-0.9853871804662049,3.0,0.0,0.5592341991082216,0.5592341991082216
3335,1,0.057545722390222154,0.06345196277565032,0.009255594304867634,1.3190776424795327,0.4278757984205047,7.076264122722502e-9,9.13747066131721e7,1.071932731573945e8,1.0243865338588594,0.4788124717813237,2.2422190631864423,0.1375132777831748,39.422066507158206,-5103.033621200614,7.0,1.0,0.7608370845123517,-5103.033621200614,5110.264099513332,0.5147236287248234,1.1402736283789636,3.0,0.0,0.5592341991082216,0.5592341991082216
3336,1,0.05808742536096877,0.062485458099248985,0.009424364614462454,1.3593235419608498,0.44242814575012984,7.183291102633183e-9,1.045909475220058e8,7.87658836154413e7,1.076526126925769,0.5918485688501286,2.0180191374739676,0.12265702826366777,39.74125327837575,-5102.335770221585,7.0,1.0,0.9762572167817439,-5102.335770221585,5110.041371414489,0.1817610929165312,-0.9715506426127831,3.0,0.0,0.5592341991082216,0.5592341991082216
3337,1,0.05743292358611529,0.06270004540958964,0.009229339556283883,1.300615021412403,0.42985330250691317,7.099525026893222e-9,8.454467369080757e7,9.989564718879317e7,1.0210695745061888,0.5288619701393062,2.2504668573064905,0.12096110426964372,38.3371788646104,-5102.953117895092,7.0,1.0,0.9044034060825278,-5102.953117895092,5111.416283753983,-0.239982436453829,-0.7295904491256806,3.0,0.0,0.5592341991082216,0.5592341991082216
3338,1,0.058049578287988374,0.06095790685572109,0.009411961055973927,1.3695739043591038,0.4332305737063345,7.157806785950301e-9,1.0710192074746971e8,8.182614361385216e7,1.0993499739531043,0.5278589645602302,2.0710698064947226,0.12803065158448063,39.3976341695109,-5096.656438443912,7.0,1.0,0.9739145105211958,-5096.656438443912,5107.975444888467,-0.8434969207482936,-0.8434969207482936,3.0,0.0,0.5592341991082216,0.5592341991082216
3339,1,0.05803467748438169,0.06244705605953599,0.00926911604558615,1.3809924557760767,0.4365495227486326,7.190269538594076e-9,1.0510509837607825e8,9.061932468797216e7,0.9799777919731658,0.5049602734980168,1.9970127652673215,0.12741574408862244,39.83948353543386,-5099.956072986744,7.0,1.0,0.45079590500207095,-5099.956072986744,5109.114830336106,0.6388167350396543,2.7129010499884316,3.0,0.0,0.5592341991082216,0.5592341991082216
3340,1,0.05800653404114396,0.06309133910615415,0.009283143200636092,1.381191103941203,0.440565317470696,7.1707008158817965e-9,1.0571329052354236e8,9.000853045227338e7,1.007637676482731,0.4962029923824858,2.005945714111767,0.1248843745332106,39.48395325221825,-5100.008544407033,7.0,1.0,1.0,-5100.008544407033,5101.6981488982865,-0.28878849995089695,-1.0162454046394487,3.0,0.0,0.5592341991082216,0.5592341991082216
3341,1,0.05796607506241419,0.060177619389934205,0.009315747531276387,1.3280360826209205,0.42937477229624565,7.087886645844558e-9,9.981613492295381e7,9.086631442825548e7,1.078481803177136,0.5304141158998936,2.0981789012787524,0.1184859292522539,36.46980917394667,-5095.064889444478,7.0,1.0,1.0,-5095.064889444478,5102.252207986734,-0.5075699826484197,-0.5315964438041192,3.0,0.0,0.5592341991082216,0.5592341991082216
3342,1,0.05793411506046167,0.06450536475012814,0.009349605041184043,1.3530361222491771,0.43538113576887666,7.166753152123497e-9,8.476499965576604e7,8.435988531216443e7,1.0226458559915172,0.5275550446256082,1.915307180601962,0.12606558446155935,40.30059100607615,-5096.616878169101,7.0,1.0,0.6623197222494089,-5096.616878169101,5101.301103180421,0.2199821215326665,0.7937387470819885,3.0,0.0,0.5592341991082216,0.5592341991082216
3343,1,0.05770067158643268,0.05880643287432937,0.009489926201646796,1.3742349667371656,0.4230605822380256,7.167694585270943e-9,1.0023369770404558e8,9.120919328348795e7,1.1512810578630195,0.5251721889169134,2.2884073788788415,0.12131514581223603,36.919767915468576,-5095.836726668544,7.0,1.0,0.6688898241227373,-5095.836726668544,5103.999248154924,-0.03978239865591604,0.8438700069282277,3.0,0.0,0.5592341991082216,0.5592341991082216
3344,1,0.05770067158643268,0.05880643287432937,0.009489926201646796,1.3742349667371656,0.4230605822380256,7.167694585270943e-9,1.0023369770404558e8,9.120919328348795e7,1.1512810578630195,0.5251721889169134,2.2884073788788415,0.12131514581223603,36.919767915468576,-5095.836726668544,7.0,1.0,0.08124206072338433,-5095.836726668544,5102.760659179767,0.0,282.5852769783969,2.0,0.0,0.5592341991082216,0.5592341991082216
3345,1,0.05780611059806189,0.062247326973763645,0.009227278069311926,1.3317569003183678,0.4297075089058758,7.197393440078904e-9,9.304050325146402e7,8.744632505887763e7,0.9976153709826422,0.5319364092608411,1.9142512685066027,0.12498399452971799,44.9622658234467,-5097.617049425848,7.0,1.0,0.5422134749810815,-5097.617049425848,5103.683624660785,0.656093535155378,1.4014663873522295,3.0,0.0,0.5592341991082216,0.5592341991082216
3346,1,0.0577459403638572,0.05995644540031642,0.009367173531758224,1.3714396156741562,0.43120567678624805,7.190290020164382e-9,9.495069981260276e7,9.213469316341066e7,1.1107730613138092,0.5100495015169804,2.2177259597966605,0.12617031394671038,39.946441696042854,-5094.042438931064,7.0,1.0,0.998660570180017,-5094.042438931064,5100.270515661829,-0.6401537096862739,-1.2597848724399228,3.0,0.0,0.5592341991082216,0.5592341991082216
3347,1,0.05800972782504126,0.05948786789009135,0.009627671454799178,1.3376007445802462,0.42319121113480224,7.173262634200566e-9,9.665141778873244e7,9.130791822581966e7,1.0494491584750871,0.5503511576682861,1.9875291398890547,0.12262392733957328,38.945528986929,-5094.552131190796,7.0,1.0,0.6694289196692127,-5094.552131190796,5100.425475530328,0.0959166304937753,0.614912705243114,3.0,0.0,0.5592341991082216,0.5592341991082216
3348,1,0.05783537751940694,0.05991130035372339,0.009450267372932326,1.3659407732961193,0.4196796523388743,7.172086241171562e-9,9.698779055838679e7,8.315972469090869e7,0.9860658649028926,0.5330045851718477,1.873123831935235,0.1445993691985452,39.308543603390255,-5098.883878603366,7.0,1.0,0.8308972497851209,-5098.883878603366,5100.982276402921,0.4136730870568499,0.4136730870568499,3.0,0.0,0.5592341991082216,0.5592341991082216
3349,1,0.05777693223675561,0.059570389946456255,0.009503096853166915,1.3434629764228758,0.4316018644869059,7.202184635360771e-9,9.051043158538319e7,9.708066319333981e7,1.142088328059519,0.5306886389249069,2.306585043298489,0.10539067418570248,41.02999001396488,-5097.788675040871,7.0,1.0,0.6752903186271747,-5097.788675040871,5104.618222469496,-0.00896211500003119,0.9229566660105775,3.0,0.0,0.5592341991082216,0.5592341991082216
3350,1,0.058033013502148616,0.06094846646635291,0.009510533090320614,1.365640277938821,0.42740109092133133,7.192784193110043e-9,9.69091044383788e7,8.546150783253603e7,0.9740006651872765,0.5334127307826118,1.9932958653056339,0.14291514678887335,37.70688656110031,-5096.70525062948,7.0,1.0,0.973565017583938,-5096.70525062948,5102.728545119805,-0.26733248156688205,-0.3334352049832887,3.0,0.0,0.5592341991082216,0.5592341991082216
3351,1,0.057573227799154,0.06294831601516769,0.009432273317113483,1.354780773630468,0.42736996524632803,7.206806749803552e-9,9.878049342117067e7,9.709408641507038e7,1.0601681469448156,0.46387690390568853,2.0148669310810337,0.13378950025181288,47.80825661931031,-5100.47288674932,7.0,1.0,0.7624172309422289,-5100.47288674932,5104.996331654863,0.37687496779108187,0.37687496779108187,3.0,0.0,0.5592341991082216,0.5592341991082216
3352,1,0.05796745353977689,0.060997201723980966,0.009209736010210919,1.3543747569086126,0.43367087002004207,7.137608611324456e-9,8.844652040606011e7,9.183116549660066e7,1.0369694020501092,0.605708658612701,2.442617972483521,0.12110730451251146,37.178017590013035,-5098.267756294951,7.0,1.0,0.9154666833012455,-5098.267756294951,5106.338152879323,-0.07457041204179404,0.45840507655157126,3.0,0.0,0.5592341991082216,0.5592341991082216
3353,1,0.057814429236010476,0.06023534911906356,0.009441342691483553,1.3502874492893329,0.4196185891556036,7.2156111252319245e-9,1.0736400782338779e8,8.843871422036253e7,1.0950554271995105,0.4652605348634305,1.8822879392033591,0.1216772790097046,45.751988972850405,-5101.61935839047,7.0,1.0,0.7364947980062632,-5101.61935839047,5107.332873021535,0.6939231417873089,0.9030333716245877,3.0,0.0,0.5592341991082216,0.5592341991082216
3354,1,0.05798866871862152,0.06321417562717238,0.009268308320002305,1.361884570662999,0.4330337205464733,7.161753336796382e-9,8.32186184212172e7,1.003773609688083e8,1.0230161262694768,0.6054715381290566,2.3150330806650072,0.12853215033338203,34.718459905638746,-5101.361269288002,7.0,1.0,0.8256886880323011,-5101.361269288002,5113.423518925844,-0.095971912596724,0.7778381774705849,3.0,0.0,0.5592341991082216,0.5592341991082216
3355,1,0.058056334556814304,0.06838759816024718,0.009181903557637774,1.338584840468486,0.43145684288043634,7.143652027619109e-9,9.672890696359804e7,1.0292723511290622e8,0.9440797062123449,0.548428914025945,2.2235352109192634,0.1159294718141026,39.3390097573519,-5099.93695360909,7.0,1.0,0.867203807540003,-5099.93695360909,5109.374440480248,0.0769664874942464,0.7207912873418536,3.0,0.0,0.5592341991082216,0.5592341991082216
3356,1,0.057899025561071966,0.0571654461631556,0.009528259402377396,1.3404445630561719,0.4308901496173628,7.25756582534005e-9,9.354768635775773e7,7.798796054659304e7,1.2460035566186463,0.5081488579611417,2.026057852748888,0.1290400566031009,40.78837521532656,-5100.045479087097,7.0,1.0,0.7058389373306664,-5100.045479087097,5108.023021181255,-0.4680152466362415,1.2698102185659081,3.0,0.0,0.5592341991082216,0.5592341991082216
3357,1,0.057806311803827545,0.06324533895535794,0.009346023460363475,1.3789523281120473,0.4226937887182777,7.116947582150524e-9,9.409687275239135e7,9.859776553979342e7,1.1327168392351052,0.5688872602799001,2.149200340021903,0.11783716921092767,38.58087001344987,-5098.377198368036,7.0,1.0,1.0,-5098.377198368036,5104.606646229074,-0.009431090146790666,-0.34879776138132,3.0,0.0,0.5592341991082216,0.5592341991082216
3358,1,0.05780117114612897,0.05736656576231278,0.009477145448934167,1.337271164677303,0.43547760311557193,7.245736235419741e-9,1.0397341318707316e8,8.320446870972715e7,1.0142201608946513,0.5643168535648596,1.9100808138903265,0.13224082105353235,44.69698696145978,-5100.504617449088,7.0,1.0,0.798706310288645,-5100.504617449088,5106.925196367837,0.026670204701076727,0.5562226322626884,3.0,0.0,0.5592341991082216,0.5592341991082216
3359,1,0.05806520857871899,0.06258005268234228,0.00930292747564097,1.3582617809913973,0.4210893853934021,7.09536016094748e-9,9.00174978519861e7,9.948650307106505e7,1.1402168804434365,0.5302015186296537,2.2949067437733985,0.11927624915722476,34.219998141900646,-5101.336980789599,7.0,1.0,0.3998471239280625,-5101.336980789599,5108.97816155739,-0.09010579344158032,2.708644368395653,3.0,0.0,0.5592341991082216,0.5592341991082216
3360,1,0.05768133804508476,0.061521423903941164,0.00958879753730496,1.3462521913443923,0.4243312198642468,7.274559542208179e-9,9.187598763896786e7,7.90398426325132e7,1.0554578056668849,0.5411172993000334,1.9907921461584464,0.11594810255978275,42.31277240466969,-5097.619831955045,7.0,1.0,1.0,-5097.619831955045,5109.5824587746665,-0.5745115955933215,-0.702937009946254,3.0,0.0,0.5592341991082216,0.5592341991082216
3361,1,0.05789614296546767,0.06282694393442989,0.00946089251304675,1.3437284653873083,0.4233085363280329,7.183397566970263e-9,9.344453975340149e7,8.365315636709587e7,1.155004634128081,0.5415049820398156,2.336980470327897,0.11398279076034222,37.807934192151755,-5096.131476649641,7.0,1.0,0.910166346871131,-5096.131476649641,5103.283649741385,-0.19291914457517123,0.24797460123591009,3.0,0.0,0.5592341991082216,0.5592341991082216
3362,1,0.057428776435294815,0.05564220081783194,0.009592883513984352,1.3577696133201103,0.42812035852457997,7.190519485902926e-9,1.0324746627959475e8,9.766843520372486e7,0.9923382648513088,0.45663368758588774,1.9739714138715085,0.11831078040040116,41.66799083447141,-5102.50575967439,7.0,1.0,0.49367199810745355,-5102.50575967439,5106.70579494895,1.285663809030666,1.2930521302723719,3.0,0.0,0.5592341991082216,0.5592341991082216
3363,1,0.058089984074326105,0.061623462263290595,0.009390143295337851,1.36282575272499,0.43105950629425804,7.240785203858626e-9,1.0077285528216559e8,8.831969490680343e7,1.0588088905411224,0.5013159640902697,1.9737701522571738,0.11579487492556287,40.73707700427829,-5097.400768496473,7.0,1.0,0.9064025451348607,-5097.400768496473,5106.228429289692,-0.6534672069874432,-0.8655919226666811,3.0,0.0,0.5592341991082216,0.5592341991082216
3364,1,0.05775685104396327,0.058759564566178424,0.009419430207070038,1.339919099907605,0.4183505979269862,7.149438394576958e-9,8.752580809914921e7,9.135871861758639e7,1.0497312548544422,0.5657987687335506,2.1983281547772267,0.12839073675758944,39.156440828503165,-5096.51815423394,7.0,1.0,0.9067392246161275,-5096.51815423394,5101.611812317931,-0.1515715615641966,1.057927535303861,3.0,0.0,0.5592341991082216,0.5592341991082216
3365,1,0.05770806392615644,0.060168229827024286,0.009498599551486735,1.3543057805915877,0.42495120518811996,7.114785703811375e-9,8.515373312762803e7,9.91103139804946e7,1.064070491294563,0.5522628098447898,2.142318035127005,0.13706631020214874,39.1543907586396,-5097.882111667898,7.0,1.0,0.6391945878430005,-5097.882111667898,5103.945291030679,0.41675900920381537,1.060636758495093,3.0,0.0,0.5592341991082216,0.5592341991082216
3366,1,0.0580539106960846,0.0629870361837116,0.009541380983136002,1.3772932687988744,0.4185426215255424,7.222980455790578e-9,8.711696842414536e7,8.88146899001797e7,1.1002042153270188,0.6150733077146958,2.138466501060685,0.1316553419361155,31.47518811034305,-5106.817870513968,3.0,1.0,0.448270410743421,-5106.817870513968,5111.908417366143,0.5465898717347955,1.14012962994002,2.0,0.0,0.5592341991082216,0.5592341991082216
3367,1,0.05780092142884545,0.05831421624482316,0.009362094840466902,1.3334837378381164,0.43709903603035644,7.219502400599065e-9,1.0303808133226328e8,8.95099649932539e7,1.0331977427605472,0.49472262649744453,2.1041863298856893,0.11729592258978468,52.39528052700463,-5103.19291060639,7.0,1.0,0.8328084595206375,-5103.19291060639,5113.108835397004,-0.40179938802702964,0.8599965273469934,3.0,0.0,0.5592341991082216,0.5592341991082216
3368,1,0.0577960215397575,0.06219826467882046,0.009413574689037644,1.3635315453951389,0.4186466878544547,7.131485187350768e-9,8.780724666409245e7,9.014863161521012e7,1.0743845453542873,0.5668281372596019,2.2088219339549418,0.12956381479464785,32.01501056445675,-5101.573640589266,7.0,1.0,0.8959436732236413,-5101.573640589266,5105.952138031801,-0.5521936773566267,-1.0366736904079517,3.0,0.0,0.5592341991082216,0.5592341991082216
3369,1,0.058026867734917074,0.05680417781143689,0.009484576063937312,1.3476001871969276,0.4319404364885903,7.247527776775187e-9,1.0693566437896308e8,8.92414057761663e7,0.9949577365904458,0.4859824701813131,1.893960153107399,0.12474989197358048,49.97001612771955,-5103.854856211919,7.0,1.0,0.8848467083412931,-5103.854856211919,5107.51922476374,0.08507109234142263,-0.6648802200179489,3.0,0.0,0.5592341991082216,0.5592341991082216
3370,1,0.0577052730928057,0.0581689576993311,0.009482518956520643,1.365951016122492,0.4294091799777045,7.1625349196668676e-9,1.0100043676693088e8,8.922228490053584e7,1.0007006173676427,0.4929759236258163,1.942343683777566,0.12906311991162608,47.35371923674632,-5098.847706805051,3.0,1.0,1.0,-5098.847706805051,5105.870980393915,-0.39163531598296686,-0.6317567713995231,2.0,0.0,0.5592341991082216,0.5592341991082216
3371,1,0.05822175678948811,0.06285292995900016,0.00948640606637503,1.3334024486071836,0.428872069320239,7.172982137375149e-9,8.666865656405841e7,9.104079394517516e7,1.1256233229688188,0.5664400475788682,2.237568988644737,0.11775602532876375,33.673151041067406,-5099.403923110429,7.0,1.0,0.9895939547947228,-5099.403923110429,5104.431444722398,0.07563162695078063,-0.27118112311109144,3.0,0.0,0.5592341991082216,0.5592341991082216
3372,1,0.057448664715514436,0.05929499620289173,0.009428357003465226,1.3694362597223981,0.426687802761729,7.17340652052116e-9,9.757565308199677e7,8.380259032838343e7,0.9550961223903129,0.5050534522744181,1.977751307147712,0.12816038596829965,46.59204427977092,-5099.757350111316,7.0,1.0,0.9014456215403975,-5099.757350111316,5104.388952685946,0.09796327976619068,0.5282353797110773,3.0,0.0,0.5592341991082216,0.5592341991082216
3373,1,0.05769956123848148,0.058079259849924854,0.009518580372754597,1.3614313634365787,0.4295283253849131,7.297973982664928e-9,9.172568090023051e7,9.198378029257339e7,1.3284526132242973,0.5670493934726678,2.126508910474541,0.10857492369253174,38.066537231183595,-5101.969320423129,7.0,1.0,0.9211911981927818,-5101.969320423129,5107.76604726117,0.2055060709544705,-0.2295116074337784,3.0,0.0,0.5592341991082216,0.5592341991082216
3374,1,0.05786966954863839,0.0611584729101658,0.009570629509416655,1.3626036234641155,0.4348601645542419,7.297419301845582e-9,9.033802563034216e7,9.360028038803144e7,1.2630465239112258,0.6038638450229257,2.2640095389226587,0.11910560555326373,39.90338239785178,-5102.771904872811,3.0,1.0,0.6912113541983947,-5102.771904872811,5109.612168680133,0.35259194505761116,0.992173029386322,2.0,0.0,0.5592341991082216,0.5592341991082216
3375,1,0.05814794339423007,0.06116183084490085,0.009419925072752716,1.324387754497259,0.4269463278993115,7.177197229730858e-9,9.974756342418368e7,9.453149599486713e7,1.011808328603451,0.4697716127058923,2.0428595474071263,0.12843053318402192,39.72834830182344,-5097.278877641695,7.0,1.0,0.9567864190233232,-5097.278877641695,5111.407353057923,-0.6907816631201058,-0.8009271549899495,3.0,0.0,0.5592341991082216,0.5592341991082216
3376,1,0.05786621166660466,0.0610623246152405,0.009439481884207776,1.3288185306576015,0.4290523723398401,7.186034193811543e-9,8.290563290310276e7,9.993238750894079e7,1.0869957406722897,0.532196692744064,1.9733715050330045,0.13944170858487467,43.321342241307654,-5099.110063586431,7.0,1.0,0.9171633392064891,-5099.110063586431,5104.568206408287,-0.01564409642287501,0.3397650207762126,3.0,0.0,0.5592341991082216,0.5592341991082216
3377,1,0.05817905354139279,0.054782307108584,0.009529091144483946,1.3447168640154366,0.42649474716411073,7.140030039099595e-9,9.18087748008912e7,8.77978394794665e7,0.8338716349024342,0.49332414912738143,2.17321996950846,0.1319518393337533,43.71581718612094,-5105.04172719919,7.0,1.0,0.7680495277120206,-5105.04172719919,5112.734292571728,0.5087281858486676,0.5087281858486676,3.0,0.0,0.5592341991082216,0.5592341991082216
3378,1,0.05730777552323721,0.06401714202411578,0.009421510448531404,1.3673681696307372,0.42455991479674904,7.155813310733124e-9,9.514277703893627e7,9.356347102909437e7,1.392940318064912,0.5696438637868371,2.0688954339293004,0.1176109196232947,36.42210972382481,-5105.330530178671,7.0,1.0,0.9034283606949775,-5105.330530178671,5111.901120736576,0.3842566072480622,-0.6482617128604033,3.0,0.0,0.5592341991082216,0.5592341991082216
3379,1,0.05826195404003674,0.056134042301975016,0.00948615283562209,1.3476362758463754,0.42452871033731754,7.22248420257025e-9,9.113533906155449e7,1.0025094475152531e8,1.151262026952834,0.5661239774292564,1.8735616352918454,0.12706202481808881,37.3883696435472,-5101.720165771657,7.0,1.0,0.6877516936040211,-5101.720165771657,5114.077529446701,0.5940047094309193,1.2245088817435317,3.0,0.0,0.5592341991082216,0.5592341991082216
3380,1,0.05771969605352033,0.06778261745761387,0.009447959222571523,1.3598698511546332,0.4359742556831452,7.233965676291156e-9,9.746286394137779e7,8.462876963597575e7,0.9672361496933166,0.4987987532747364,2.41548462419846,0.11969803003140914,44.70569948943843,-5104.297514188598,7.0,1.0,0.9344441564052267,-5104.297514188598,5108.899123615246,0.01437744492704951,-1.4706358201501644,3.0,0.0,0.5592341991082216,0.5592341991082216
3381,1,0.058274332283771914,0.05900240182186176,0.009333328471510964,1.3212165838227856,0.4332323388588349,7.096400865492542e-9,9.05919639049631e7,9.80555632882451e7,1.1450740793209855,0.5630665516759898,1.9258346669416613,0.12397828844772575,36.56319938558906,-5098.8453889331395,7.0,1.0,0.9626615123296103,-5098.8453889331395,5107.991194997328,-1.9349584348119606,-1.9349584348119606,3.0,0.0,0.5592341991082216,0.5592341991082216
3382,1,0.05787567166090511,0.06211167201203215,0.009567491222634571,1.366617041208386,0.4249668350509057,7.1704331609207335e-9,9.976871900858271e7,8.112334813161923e7,1.0243783893477443,0.4856351106101658,2.1518931834672443,0.1323177823282232,41.31039322060048,-5096.684558978922,7.0,1.0,0.6844374069577421,-5096.684558978922,5104.9686866458405,0.06366207383325673,0.9362415782325115,3.0,0.0,0.5592341991082216,0.5592341991082216
3383,1,0.05819352458245043,0.05782948450815088,0.009514942224366343,1.3750937527531908,0.4265148243761962,7.144398987382385e-9,9.270200659889857e7,9.093930200378798e7,1.0937980907526443,0.5922903120399682,2.245190124380674,0.13470880979465535,37.22897717752913,-5097.5074478119805,7.0,1.0,0.9963216115530422,-5097.5074478119805,5101.282012692302,-0.10753957734232245,-0.2987285614872235,3.0,0.0,0.5592341991082216,0.5592341991082216
3384,1,0.057917982288762236,0.05756516469236809,0.009564242268722874,1.3453261087590915,0.42795019626453024,7.216184286686913e-9,9.49447949856236e7,8.629706718338382e7,0.9762402263587734,0.5151351579713453,2.2092498236714713,0.13321369492295046,36.708111701136964,-5095.43603927005,7.0,1.0,0.3664601199527122,-5095.43603927005,5103.913750419446,-0.41311661619329243,2.333567726423098,3.0,0.0,0.5592341991082216,0.5592341991082216
3385,1,0.05770592585282753,0.05621143164512114,0.009387743695313658,1.3727031549931918,0.4266473453331068,7.136892823191409e-9,1.047590887009817e8,1.0111285663799605e8,1.0759444980546131,0.5468258894573804,2.3445201042614583,0.11601589860610059,37.93021222527347,-5099.482878217459,7.0,1.0,0.4391192608403553,-5099.482878217459,5105.490394894232,0.5696368098033417,1.138692826472834,3.0,0.0,0.5592341991082216,0.5592341991082216
3386,1,0.05809322788024339,0.06440756897155679,0.009409280931238603,1.3335874634068645,0.4286571609039105,7.216609851127761e-9,8.604351631849338e7,8.344484272591756e7,0.9948719152940027,0.5334582476082528,1.8650338407139513,0.13581818521231204,42.7620383429229,-5100.549407492969,7.0,1.0,0.9780385505669278,-5100.549407492969,5103.168343112197,0.1669169939159474,-0.39271921853105596,3.0,0.0,0.5592341991082216,0.5592341991082216
3387,1,0.057848508561421756,0.05948051993215346,0.009445218541525795,1.3292642677569446,0.4261914857808818,7.1667114079401964e-9,8.615441217155023e7,8.55460045710804e7,0.984998814477917,0.6053513061891934,1.9823179397260107,0.13686274894649145,46.79368615310594,-5100.786072299962,7.0,1.0,0.9881032055275636,-5100.786072299962,5106.393601146828,-0.16360924859054649,-0.45017829193329817,3.0,0.0,0.5592341991082216,0.5592341991082216
3388,1,0.05793855124718729,0.061786199450065055,0.009384942818966194,1.3685657323503517,0.4289496407449299,7.156825245836334e-9,1.0099558882926726e8,8.835881918121293e7,1.0549739053948286,0.45813013630000315,2.2656874972592886,0.11844880052745739,36.00779212813944,-5097.225300480351,7.0,1.0,0.9465843246512949,-5097.225300480351,5104.258167460177,-0.29151134106996324,-0.29151134106996324,3.0,0.0,0.5592341991082216,0.5592341991082216
3389,1,0.057882826476444924,0.06204669061803822,0.009476335778727862,1.3489390728544897,0.42994459544904223,7.1537358586762975e-9,8.933548127751711e7,8.895451950049016e7,1.0633667788901193,0.6071019997568509,2.0620607715754082,0.12553161174894378,42.71099247416015,-5095.515377028612,7.0,1.0,0.7848057811888717,-5095.515377028612,5102.472821813408,0.0844190528996478,0.6736591977596618,3.0,0.0,0.5592341991082216,0.5592341991082216
3390,1,0.05795537238498557,0.0620691967139041,0.00937005351048683,1.3631587057359482,0.42544948862144955,7.143030484159081e-9,9.132916456609091e7,8.779840889240439e7,1.0561076037478554,0.5861286585549246,2.028468093068829,0.13297757062794113,42.54584453491678,-5095.726510514153,7.0,1.0,0.8454180623552582,-5095.726510514153,5099.182022520928,-0.007274328346284165,0.5430939338975804,3.0,0.0,0.5592341991082216,0.5592341991082216
3391,1,0.057578056708415634,0.06326211571894841,0.009402969391841935,1.335254037932919,0.4330661025705947,7.227821590322168e-9,8.448722563348174e7,9.013140755799273e7,1.030303715801711,0.5082336574603638,2.104240992970472,0.11342627648059077,38.61209305280163,-5096.989794657087,7.0,1.0,0.9734803745884344,-5096.989794657087,5100.138109199072,0.16429938189685345,0.16429938189685345,3.0,0.0,0.5592341991082216,0.5592341991082216
3392,1,0.058274980687235044,0.060637736634610265,0.009399941445866897,1.3460823589609128,0.43410222804417,7.0210285699145855e-9,9.721653062772827e7,8.576654254567522e7,1.0373238966180218,0.5361677991017013,1.9447136142883854,0.12373813300101956,41.11824920450706,-5098.872936846717,7.0,1.0,0.45567335399138514,-5098.872936846717,5105.64535141395,0.3373336374725113,1.464672539122148,3.0,0.0,0.5592341991082216,0.5592341991082216
3393,1,0.057573429440382275,0.0629691326460698,0.009266688191440726,1.328361221227552,0.4367065797027834,7.195865503542439e-9,9.002917031353308e7,1.0039466247648014e8,1.0283426448424062,0.6593026973382287,2.085466177884463,0.12649552138292905,37.20246437632479,-5100.826009528644,7.0,1.0,0.6856487772891182,-5100.826009528644,5109.007536018695,-0.2560270282547208,1.0103254347523034,3.0,0.0,0.5592341991082216,0.5592341991082216
3394,1,0.058178253889028156,0.058368880722090476,0.009566484810692836,1.3640893555313853,0.4261025304629289,7.1959813081610775e-9,9.784201256861728e7,8.033541868350767e7,1.189393149769442,0.45966693621802335,2.1653363140127326,0.1223890214153148,40.994850723305085,-5099.0230899569515,7.0,1.0,0.9641432806471498,-5099.0230899569515,5107.211941713624,-0.09815493020323629,-0.28975453342900437,3.0,0.0,0.5592341991082216,0.5592341991082216
3395,1,0.05790306439464649,0.0621204151961143,0.009328116691967106,1.3342215979317245,0.4293382354941859,7.089470652423878e-9,9.31224106997163e7,1.12432799332343e8,1.004197196346686,0.5913964265959021,2.005715306421339,0.11918819965005807,38.42642384083755,-5099.924461179827,7.0,1.0,0.5184289059253875,-5099.924461179827,5107.625202710051,0.10223613759262662,1.683028267669215,3.0,0.0,0.5592341991082216,0.5592341991082216
3396,1,0.05780044295939446,0.0663013207103316,0.009264674723354748,1.3354114438352431,0.43203322387429866,7.190808283382913e-9,8.140327103804365e7,7.92687238387455e7,1.0604048753259503,0.594976516217578,2.1785913572053586,0.11311361048134093,39.797299729851076,-5100.938734748149,7.0,1.0,0.9671741588987685,-5100.938734748149,5107.593746149398,0.021845686484994076,-0.28664476904486946,3.0,0.0,0.5592341991082216,0.5592341991082216
3397,1,0.05758805739952789,0.06861217186522811,0.00916803817724595,1.3525589148390589,0.43689454675318384,7.186620359236689e-9,9.931931050380383e7,8.147825587493768e7,0.977838122829082,0.5481098996528748,2.0056798465171273,0.115197904754443,40.65797982028811,-5099.289597978932,7.0,1.0,0.9795360433113939,-5099.289597978932,5107.599709531106,-0.250582873231906,-0.30467832367321535,3.0,0.0,0.5592341991082216,0.5592341991082216
3398,1,0.05795341440264278,0.06767187895423422,0.009200325022887555,1.3392638152726246,0.4329200577742185,7.062684168288825e-9,8.701277669489537e7,9.353996967887145e7,1.0886010718567296,0.5454865953097293,1.8952906524796627,0.14278640372881965,36.263133190402975,-5100.694576533483,7.0,1.0,0.951854806428713,-5100.694576533483,5106.528390149579,0.1330764176664161,0.13326708038221113,3.0,0.0,0.5592341991082216,0.5592341991082216
3399,1,0.057764845285079684,0.06177723930640182,0.009446967503089189,1.3433977879173142,0.4356197735336315,7.223831605878799e-9,1.0401547600818796e8,9.287933522559135e7,1.0484339550483615,0.5153933503694832,2.3203564332269684,0.11437905789587986,45.20601982223062,-5098.537907230515,7.0,1.0,0.6050098405511865,-5098.537907230515,5109.425094252379,0.3595599129448601,1.2605805261400747,3.0,0.0,0.5592341991082216,0.5592341991082216
3400,1,0.05789052379327913,0.06269941794980682,0.00932530097989014,1.34809343732347,0.43001458892175287,7.109021751995036e-9,8.666670729685076e7,8.566156509100442e7,1.0754589803584815,0.5470441033650456,1.9346499769707555,0.14205767666696084,36.05382179363755,-5097.459542714046,7.0,1.0,0.8160823549021854,-5097.459542714046,5104.794874420889,-0.61531107097926,-1.0387878297078714,3.0,0.0,0.5592341991082216,0.5592341991082216
3401,1,0.05784137489755621,0.06314785234527621,0.009446070476326965,1.364699422388319,0.43646112489703803,7.218140085073673e-9,8.979589069858004e7,8.559562725552838e7,1.048938198692095,0.5363151351944355,2.058671170880612,0.13365366806752357,43.780019261761666,-5097.2071573195135,7.0,1.0,0.710808232281242,-5097.2071573195135,5103.222687392823,0.3357473968180784,0.6328836098846295,3.0,0.0,0.5592341991082216,0.5592341991082216
3402,1,0.05774146503569755,0.05898500283591041,0.009434292659691885,1.3384476294172125,0.42298428463665005,7.116697584293515e-9,9.360295938193813e7,9.744792202745193e7,1.0183171283848174,0.5476922930493792,2.505240515215269,0.1387519330429084,39.325475104878294,-5099.128925312604,7.0,1.0,0.9175022778481168,-5099.128925312604,5105.15949746724,0.12764113910725428,-0.5045535610215666,3.0,0.0,0.5592341991082216,0.5592341991082216
3403,1,0.05786763163778014,0.06255044286738388,0.00928153239229337,1.3431515548203388,0.43016782954537086,7.1905089871446996e-9,8.185552525598007e7,9.029558157789123e7,1.0415310427117346,0.5136333457331179,1.9077349528536096,0.12507035793688173,39.99009314780715,-5096.915405721778,7.0,1.0,0.8842195684785271,-5096.915405721778,5104.722880955695,-0.07560830921192974,0.6143949591141791,3.0,0.0,0.5592341991082216,0.5592341991082216
3404,1,0.05786527503998873,0.05985643782155096,0.009508960954165369,1.3518337972363828,0.42742630743118987,7.176033974312334e-9,1.0857900686308052e8,9.496828389040817e7,1.031549519316464,0.5060233005858749,2.2886834521719415,0.11743774717430482,37.61752376662402,-5095.836882989436,7.0,1.0,0.9770607149062658,-5095.836882989436,5099.038030842629,-0.368015329408081,-0.5058890046657325,3.0,0.0,0.5592341991082216,0.5592341991082216
3405,1,0.057959190662548954,0.05992281520472372,0.009475062037776556,1.364798633640144,0.429633336210083,7.149452746143185e-9,8.884846212805647e7,9.391917097551808e7,1.08809712621417,0.5210952464370401,2.0687138690437203,0.1365233495291815,41.72308828052438,-5094.795662322715,7.0,1.0,0.9744399667375075,-5094.795662322715,5099.71424172868,-0.12482471695420827,0.13329018194417586,3.0,0.0,0.5592341991082216,0.5592341991082216
3406,1,0.05746419224488821,0.0572065450948761,0.00967171665849904,1.3678703926722402,0.42229827103114453,7.311841896987414e-9,9.648572636468849e7,8.755217659222609e7,1.0597780259690692,0.5421622649741545,2.214823940782246,0.11595603451197398,37.85417564579826,-5096.802245265403,7.0,1.0,0.8426575419730131,-5096.802245265403,5100.621545788909,-0.07003778506077651,0.3107628870084227,3.0,0.0,0.5592341991082216,0.5592341991082216
3407,1,0.058181816689464746,0.059980536484169095,0.009487501661409947,1.370176008198737,0.4224882540511014,7.133411063176826e-9,9.218295311467956e7,9.240802440109192e7,1.030790833516889,0.539552515756552,2.1640093633434017,0.13720938535053379,42.50760380629921,-5096.359010206386,7.0,1.0,0.5840544899010058,-5096.359010206386,5100.986945707115,0.33832689313294395,1.0788174164144948,3.0,0.0,0.5592341991082216,0.5592341991082216
3408,1,0.05735424388602892,0.058520576249701854,0.009484428078486068,1.3556705641571936,0.42469930242073156,7.326761140557159e-9,9.508452917026559e7,8.428549956601228e7,1.1541181864292822,0.4822852808321969,1.9238136101805992,0.10932700283229901,36.41957986892007,-5102.682637059442,7.0,1.0,0.698183913631952,-5102.682637059442,5105.832886337928,0.49355113247474947,0.7730127809554688,3.0,0.0,0.5592341991082216,0.5592341991082216
3409,1,0.057603322696498,0.055605808814195336,0.009555701331622278,1.3656821908241938,0.4256748768139703,7.124107310061353e-9,9.459831058270067e7,8.940792448564008e7,1.027558252797248,0.43011721083292537,1.9094152987187734,0.11500461652534004,41.97555628547996,-5104.025045934621,7.0,1.0,0.6327505811022271,-5104.025045934621,5113.561573995541,0.7269331984434757,0.7269331984434757,3.0,0.0,0.5592341991082216,0.5592341991082216
3410,1,0.05772098724575537,0.05807728535940305,0.00944385395757161,1.3557755890923633,0.42136890304012414,7.068924487420972e-9,9.340297376940519e7,9.25428711072331e7,1.0434656118267538,0.6127380876982352,2.4698907445025413,0.14001964616106136,40.66067231327545,-5102.744684329146,7.0,1.0,0.8309284415392446,-5102.744684329146,5111.384171969289,0.10963602002993866,-0.7602625106210326,3.0,0.0,0.5592341991082216,0.5592341991082216
3411,1,0.05723433227646776,0.0599178152674411,0.00917051455572723,1.3348513158430335,0.429143261798709,7.156463852658633e-9,9.211597499224928e7,9.2550896609484e7,1.0751825547880691,0.4733088775825227,1.7960468033207475,0.10812309434563025,39.3961942803756,-5104.981024544048,7.0,1.0,0.9879254938021196,-5104.981024544048,5108.36302283458,0.08830844696876738,-0.7808506034352831,3.0,0.0,0.5592341991082216,0.5592341991082216
3412,1,0.0584519078444944,0.06430866204609653,0.009400256418525453,1.3568502004055512,0.43529814360179364,7.163391805249682e-9,1.0129362528934525e8,9.095391121423495e7,1.0386484937021052,0.5842916029931707,2.1629081306068767,0.13192930003483425,36.862374020967856,-5100.4253919386065,7.0,1.0,0.9320549333437821,-5100.4253919386065,5109.076543500966,-0.20644845295919367,-0.8842936970659139,3.0,0.0,0.5592341991082216,0.5592341991082216
3413,1,0.05802830275308096,0.06244085090668803,0.009482273093436043,1.3569599471075178,0.4283970872012882,7.205226347067844e-9,9.886044065261748e7,8.566468615535127e7,1.026372860267316,0.5613946053324778,2.2102119607627393,0.12837034479132597,43.14823903568438,-5095.33016392263,7.0,1.0,0.8071371625199992,-5095.33016392263,5104.70200963399,-0.4434753462592198,0.8607523571936326,2.0,0.0,0.5592341991082216,0.5592341991082216
3414,1,0.057981777549550785,0.05939067334117064,0.009363226164120508,1.34169528759564,0.43002868517763615,7.124482940404853e-9,8.904136042720628e7,9.401854968371262e7,1.09705041831877,0.5025793808439646,1.9805477313246838,0.12060251295930202,39.75349712870016,-5094.039379696909,7.0,1.0,0.7934865783452306,-5094.039379696909,5105.157261297478,-0.30029923299753136,0.7072995091775738,3.0,0.0,0.5592341991082216,0.5592341991082216
3415,1,0.057960158906321606,0.05936026726372718,0.009314911921615515,1.3517577136565277,0.4366749126576716,7.138911212692652e-9,9.606531639877595e7,9.54201727786792e7,1.0761292423968116,0.527533777941462,1.9571267283640015,0.11740914367491787,38.64651106003328,-5094.62942676463,7.0,1.0,0.8338458116411526,-5094.62942676463,5099.399852239645,0.07249303833941667,0.3279326109886824,3.0,0.0,0.5592341991082216,0.5592341991082216
3416,1,0.05789548271174679,0.06313486178245736,0.00931944577865814,1.3353953628511286,0.42741772259217226,7.21567403321938e-9,9.131612344634534e7,8.419871345700917e7,1.0597059220221507,0.5292000569074781,2.3297610304976253,0.12824864837237418,40.55550567494373,-5096.245560359005,7.0,1.0,0.6621122491913477,-5096.245560359005,5100.431632495267,0.5447067564855388,0.710332825407022,3.0,0.0,0.5592341991082216,0.5592341991082216
3417,1,0.057741631954138346,0.0653201502177476,0.009390549739147401,1.3425473434535278,0.4252400819497861,7.228016901563051e-9,9.385064740897256e7,8.830308444731624e7,1.046370576038491,0.549346474277695,2.293669462108867,0.12244986408753189,40.78691489065939,-5095.805428914307,7.0,1.0,1.0,-5095.805428914307,5100.264851494727,-0.33203304199014383,-0.5775022421894391,3.0,0.0,0.5592341991082216,0.5592341991082216
3418,1,0.058141436075420196,0.057796182491619254,0.009326843383764948,1.3493188642636835,0.43447682983262553,7.117514871552751e-9,9.395978315128966e7,9.272226427958633e7,1.0630808662564606,0.5110576444221026,1.942211366190639,0.12993825584808333,38.33470060429115,-5095.754830397113,7.0,1.0,0.9934832989234531,-5095.754830397113,5097.9870059451605,-0.08683770202969754,-0.25829415750649787,3.0,0.0,0.5592341991082216,0.5592341991082216
3419,1,0.057533961620494865,0.06344231548967588,0.009400282249180103,1.3538144479001535,0.4228131984271668,7.227386068453411e-9,9.497434530319142e7,8.709455055581787e7,1.0468668195514497,0.5478046601843546,2.319149179338596,0.1251499826856936,40.68520584201209,-5095.714639652405,7.0,1.0,0.7658220049489041,-5095.714639652405,5107.763577987553,-0.004365436581792892,0.8639160133971018,3.0,0.0,0.5592341991082216,0.5592341991082216
3420,1,0.05759319993090476,0.06361710993845802,0.009404753468389641,1.3595015882131405,0.4248729846248422,7.181367565738869e-9,8.83545666346263e7,8.618153798092121e7,1.0345124617226538,0.5481597319474981,2.193529792686622,0.12927747747081772,42.034723020628114,-5095.253366497374,7.0,1.0,0.8953637890655788,-5095.253366497374,5100.007211808525,-0.12062643148874486,1.076629332770608,3.0,0.0,0.5592341991082216,0.5592341991082216
3421,1,0.057856124470269006,0.058816855680243876,0.009564543259184793,1.3520496532766948,0.422356906058721,7.176311021216965e-9,9.034733204965778e7,8.219055658793284e7,1.0512669376037032,0.5263387302871151,2.019270749043322,0.11908891684636529,41.95426378155739,-5094.174321461439,7.0,1.0,0.9027674814835327,-5094.174321461439,5098.504551661467,-0.18298653106830898,0.20758380222923734,3.0,0.0,0.5592341991082216,0.5592341991082216
3422,1,0.05788831881025771,0.061550057987913805,0.009561870582189866,1.3708148871395263,0.4274348498033586,7.270150117069649e-9,9.674671946140027e7,8.385182885984273e7,1.0145056384518396,0.6092074738249492,2.296348582258272,0.11884870033532172,40.84609359638501,-5098.276232363917,7.0,1.0,0.6739356506066077,-5098.276232363917,5101.639801018849,0.4740438368280593,0.5951883056459337,3.0,0.0,0.5592341991082216,0.5592341991082216
3423,1,0.05808432394443879,0.06405301293771135,0.009234504448316624,1.3493954192888513,0.4365363438517668,7.117294180006404e-9,9.566585252324934e7,8.998188998657851e7,1.1296683745554164,0.520561756087987,1.9682247345083272,0.12860937597500674,39.43369635118383,-5095.00506147315,7.0,1.0,0.9500476507491273,-5095.00506147315,5101.732168287806,-0.401100443006726,-0.401100443006726,3.0,0.0,0.5592341991082216,0.5592341991082216
3424,1,0.05755787243660975,0.05944321883122672,0.009437822204359448,1.359085809942957,0.4295350653781778,7.182124840415301e-9,8.998978102765138e7,9.522822229300056e7,1.0320722311567831,0.5669750549850973,2.2627556801347195,0.11787796209936283,39.236442885243456,-5094.980413731248,7.0,1.0,0.5848018523580956,-5094.980413731248,5100.503600875842,0.1562662047053891,0.9434761356787931,3.0,0.0,0.5592341991082216,0.5592341991082216
3425,1,0.058152649038312146,0.05999002374937564,0.009473611176944233,1.3367087217857982,0.4265640602486844,7.164461949708983e-9,9.615101608868906e7,9.466515254460101e7,1.0265469184886789,0.5719118178508936,1.9550599637886272,0.1406441935246788,40.16732830013821,-5096.497626301992,7.0,1.0,0.6940689622525527,-5096.497626301992,5103.6536322318525,0.13074641475395765,0.7622452496425467,3.0,0.0,0.5592341991082216,0.5592341991082216
3426,1,0.05806185892215344,0.061656117073418386,0.009490039750825567,1.3540802684837845,0.43069488607672624,7.14005469634913e-9,9.994115610077074e7,8.8214677069761e7,0.9841437335780429,0.5585043934967469,2.133020548779221,0.13167613095900618,37.22565066154233,-5095.354477845372,7.0,1.0,0.7308050309297751,-5095.354477845372,5100.159697053978,0.08897174744834047,0.7320075544657811,3.0,0.0,0.5592341991082216,0.5592341991082216
3427,1,0.057705603981412494,0.06038522375042409,0.009310974622087308,1.3441461610610752,0.43054173967258386,7.185728235977568e-9,9.431569744651982e7,8.262362494519678e7,1.2563333814484978,0.49378674064149597,2.020043485096582,0.1108934812537391,40.88450545020726,-5097.866816864277,7.0,1.0,0.9286450117763095,-5097.866816864277,5102.682558660656,0.07299612535916822,0.38591100308804016,3.0,0.0,0.5592341991082216,0.5592341991082216
3428,1,0.057716349666592455,0.061874045278136704,0.0094644344618703,1.3489085516740218,0.42340290539831554,7.198368375990532e-9,9.728841939506537e7,9.414434246256839e7,1.0676209689793714,0.5430332119324134,2.083326069862862,0.1137938536033585,38.101521000073426,-5093.891556047771,7.0,1.0,1.0,-5093.891556047771,5099.774627565861,-0.3569761706767167,-0.3569761706767167,3.0,0.0,0.5592341991082216,0.5592341991082216
3429,1,0.057891311353112505,0.06674120921491476,0.009352223245215886,1.3785629044329941,0.4276909345147786,7.169239058592721e-9,9.70175412418015e7,1.0237650310646863e8,1.0245119420568038,0.4940616160910146,2.0744572957844745,0.11428283228753638,35.69813662811099,-5100.102820037516,3.0,1.0,0.5871106536295065,-5100.102820037516,5102.611787346223,0.577286830972298,0.577286830972298,2.0,0.0,0.5592341991082216,0.5592341991082216
3430,1,0.05771989315423356,0.06264643425941416,0.009464516096352463,1.3560058115173017,0.4238566599162986,7.224617335909655e-9,1.1080476477737217e8,1.0264087017510113e8,1.12422921987185,0.5400411696589279,2.2298545125203613,0.11588867844611958,39.38194839239884,-5098.530730618456,7.0,1.0,0.9649000290778134,-5098.530730618456,5105.738950740996,-0.12773425254454196,-0.44163954436771746,3.0,0.0,0.5592341991082216,0.5592341991082216
3431,1,0.05805164639718423,0.058648512978138216,0.009239301903048804,1.3464103135305845,0.43525534455961684,7.090505070042801e-9,8.03339834710951e7,8.170417576556973e7,0.951743490531544,0.5223188032308616,2.027976974750111,0.12512629974284362,37.634095754919855,-5100.632913827278,7.0,1.0,0.8753261809229819,-5100.632913827278,5104.990102938918,0.19181698924603552,0.34425528524752735,3.0,0.0,0.5592341991082216,0.5592341991082216
3432,1,0.057798650877521215,0.06747199181673985,0.009357953864840098,1.3437678963717536,0.424254660494259,7.175311973102243e-9,9.296723447636536e7,9.291661733723593e7,1.0653204221619423,0.5673855159198995,2.013254846167187,0.1115371839792996,40.183336133280754,-5097.251472688488,7.0,1.0,1.0,-5097.251472688488,5104.260929343223,-0.2430195099050252,-0.383977744008007,3.0,0.0,0.5592341991082216,0.5592341991082216
3433,1,0.058319379292553174,0.06058561516157367,0.009177733141921954,1.327044473835065,0.4312884875128419,7.0517282255595396e-9,9.627508181837648e7,8.496563117226297e7,1.0152523328382144,0.5592049482577012,2.1255552530462074,0.1346771670464037,40.28394938950514,-5099.161470081097,7.0,1.0,0.7225603119022365,-5099.161470081097,5103.739973114084,0.3950421961817483,0.7524738794418226,3.0,0.0,0.5592341991082216,0.5592341991082216
3434,1,0.05811734549416916,0.0620652362801327,0.009285798245333137,1.3381631189344518,0.43499396470138196,7.063435137215716e-9,9.975831629237826e7,8.212679252687095e7,1.0334302286714772,0.5073620485374668,2.1392815220350587,0.12952840866145365,41.16333986292188,-5096.214970960434,7.0,1.0,0.9493316093465497,-5096.214970960434,5103.699707062512,-0.6911710150943691,-0.6911710150943691,3.0,0.0,0.5592341991082216,0.5592341991082216
3435,1,0.057529872008906864,0.05898246890202349,0.009476218472021604,1.3653025595415194,0.42509298521818173,7.224851454311338e-9,9.131342942636694e7,1.008421526702991e8,1.1091403281696828,0.5391024851851828,2.0999982779391444,0.11477449287131902,37.58044958910402,-5095.88181739556,7.0,1.0,0.9987921974857977,-5095.88181739556,5099.009639097804,-0.029656858376256423,-0.12214552578552684,3.0,0.0,0.5592341991082216,0.5592341991082216
3436,1,0.05752653790709061,0.05756467440633146,0.009401307131804051,1.3394647946425564,0.4240304351312231,7.150170680104338e-9,1.018678882995761e8,9.644726036264181e7,0.9729204520246229,0.5211010986117645,2.0553535951901516,0.1237828195404884,35.90430959916943,-5098.048434587791,7.0,1.0,0.7625758694219987,-5098.048434587791,5102.646486508039,0.3814228210658257,0.40436590123863425,3.0,0.0,0.5592341991082216,0.5592341991082216
3437,1,0.058226024465841235,0.06187123073159955,0.009299455714714838,1.3844853841207116,0.4377730916596951,7.153772475938535e-9,8.682338180641364e7,8.648148634695865e7,1.1342051045200217,0.5241205923337523,2.277621807004871,0.12342841772431327,44.14033628967717,-5101.044122020206,7.0,1.0,0.781572843829701,-5101.044122020206,5107.339958750145,0.3635552675168583,0.5664938172658367,3.0,0.0,0.5592341991082216,0.5592341991082216
3438,1,0.05745693855171149,0.06111641979418827,0.009390546001446967,1.3100098340147521,0.42141667287960544,7.176486861075596e-9,1.0243633118332365e8,9.019067097737591e7,1.0030746631190335,0.523186501766813,2.1156917398358908,0.12338228411661946,35.484644757204045,-5100.5228664798615,7.0,1.0,0.9991384620601512,-5100.5228664798615,5106.628238586531,-0.04040212524796516,-0.41329746575229365,3.0,0.0,0.5592341991082216,0.5592341991082216
3439,1,0.05765719914378962,0.05929577112831729,0.009370139782520905,1.3247114625815906,0.4276199498534837,7.189720540961744e-9,1.0335992957656102e8,9.836897168119432e7,1.233431005119837,0.5131150067172807,2.0925318032019837,0.12371905067372989,37.86564635095776,-5098.351125550809,7.0,1.0,0.47582387808048443,-5098.351125550809,5107.68227008926,-0.16945954768652882,1.5993785941818714,3.0,0.0,0.5592341991082216,0.5592341991082216
3440,1,0.05756162918361283,0.060524511527674574,0.009518266387829794,1.352933672618735,0.4283278588621825,7.1797958411772575e-9,1.00119448912048e8,7.807068410952125e7,1.2706834433581824,0.4875154263644048,2.2947523534799106,0.14025301358731637,37.82211062228235,-5102.306489687047,7.0,1.0,0.7322678621455206,-5102.306489687047,5108.353760277554,0.6116103796512107,0.7197600825402333,3.0,0.0,0.5592341991082216,0.5592341991082216
3441,1,0.05794726697994438,0.06144654976454083,0.009317555713367853,1.3599287428532296,0.4360669673996283,7.216343861720819e-9,9.533294551992525e7,8.087401442595123e7,1.012329541098694,0.5147580245729394,1.8872631010315415,0.11876922561464316,40.99021739487617,-5097.453375194522,7.0,1.0,0.9264952849622379,-5097.453375194522,5109.309191328021,-0.6039094488642149,-0.6039094488642149,3.0,0.0,0.5592341991082216,0.5592341991082216
3442,1,0.05794726697994438,0.06144654976454083,0.009317555713367853,1.3599287428532296,0.4360669673996283,7.216343861720819e-9,9.533294551992525e7,8.087401442595123e7,1.012329541098694,0.5147580245729394,1.8872631010315415,0.11876922561464316,40.99021739487617,-5097.453375194522,1.0,1.0,0.0,-5097.453375194522,5106.044258618048,0.0,5359.103567607156,0.0,1.0,0.5592341991082216,0.5592341991082216
3443,1,0.05790249792612028,0.06113595940419318,0.00944184699013453,1.3518090734795274,0.41791641834365456,7.106678835367693e-9,9.274403131696026e7,9.706529129674642e7,1.044570751622953,0.5155644341895482,2.704539946222854,0.12166328103580722,41.03656985803428,-5101.565926291893,7.0,1.0,0.735424046569198,-5101.565926291893,5106.252070742953,0.40553773514602653,0.5124799265749971,3.0,0.0,0.5592341991082216,0.5592341991082216
3444,1,0.05774485910719882,0.05516684071388472,0.009415425362789605,1.3640333939857272,0.43068450271139147,7.254656011839421e-9,9.4406533664087e7,8.287098044999337e7,1.1411350807094418,0.5377211721272136,1.7126872757344216,0.13004975418700632,38.64838334828857,-5104.080334555081,7.0,1.0,0.4074133115157103,-5104.080334555081,5110.612496739751,0.7679036962736063,2.879364945537418,3.0,0.0,0.5592341991082216,0.5592341991082216
3445,1,0.05807307489908054,0.06545027063954352,0.009511204565450473,1.3518522987919077,0.42661801797604815,7.1709761069433946e-9,9.416479889799288e7,9.679245779737706e7,1.025446605412479,0.5242015352589832,2.7270653448380906,0.11722917709369937,41.63605680228646,-5101.5308776213715,7.0,1.0,0.8614452107539607,-5101.5308776213715,5110.152526752848,-0.8540805773918692,0.8851344531440191,3.0,0.0,0.5592341991082216,0.5592341991082216
3446,1,0.05788922718811396,0.06695440292161102,0.00933734720153893,1.3545568288135792,0.42807180632783437,7.193081576410019e-9,8.227206836690266e7,8.970660090174237e7,1.046143965640321,0.59845778782882,2.449758780982468,0.1093879812829189,42.38282098189088,-5102.40823826086,7.0,1.0,0.9066111415398946,-5102.40823826086,5108.899997586789,0.20496093455039954,0.31866244670254673,3.0,0.0,0.5592341991082216,0.5592341991082216
3447,1,0.0573782399676066,0.06245558084338552,0.009250611582557303,1.3465759344177732,0.4362861685440293,7.165048679257348e-9,8.938754363806926e7,9.598634507218976e7,1.0138012689483689,0.5511539789777955,2.2156225496754156,0.12054271693559525,41.881674888068986,-5096.935149615613,7.0,1.0,0.9016454183747526,-5096.935149615613,5106.450062684582,-0.23082224496192794,0.47853779729302914,3.0,0.0,0.5592341991082216,0.5592341991082216
3448,1,0.05819249548491636,0.05877747229851669,0.009700036428403908,1.3691751455727021,0.42360908764476624,7.149400352647942e-9,9.311746224090466e7,8.26631941923156e7,1.1039880269151672,0.4822328644572051,2.115927067546512,0.12762383095244284,40.151373009033804,-5096.961660075669,7.0,1.0,0.6216046039789201,-5096.961660075669,5102.839188663516,0.02034571046169731,0.9969063660901156,3.0,0.0,0.5592341991082216,0.5592341991082216
3449,1,0.05764752419314411,0.06261879034044392,0.009263657532772033,1.3398538806162157,0.4318770699213482,7.1924423475831035e-9,9.719673965755871e7,9.560887364955659e7,1.008883294704927,0.5729471626374877,2.167579879368907,0.11809556687302801,39.76618583921926,-5094.498282142823,7.0,1.0,0.9611927467333825,-5094.498282142823,5102.156327529634,-0.24159765013428114,-0.2818449121723461,3.0,0.0,0.5592341991082216,0.5592341991082216
3450,1,0.057521553112250455,0.06944048783489193,0.0092464104404816,1.3581308767577387,0.4303490960774825,7.141194057001316e-9,9.731698464005154e7,9.271312463678178e7,1.0079060812884044,0.5736312723300512,1.9384940802292057,0.118650491453254,42.7314102707103,-5099.636260193592,7.0,1.0,0.825029305657203,-5099.636260193592,5102.01187817741,0.3552647283840997,0.3753198059703209,3.0,0.0,0.5592341991082216,0.5592341991082216
3451,1,0.05749527450175871,0.07124841982549596,0.00918402403464125,1.3563101482877367,0.4297258035749818,7.132332490220388e-9,1.0002195100273645e8,9.101014830623241e7,1.0092042937398873,0.5501599443694726,2.052782116922878,0.12509001491096366,43.074726727940096,-5100.195554988936,7.0,1.0,1.0,-5100.195554988936,5104.017150066565,-0.16892197192009917,-0.3653899556802571,3.0,0.0,0.5592341991082216,0.5592341991082216
3452,1,0.05802564770069634,0.0621492151186305,0.009308224681941306,1.3141837320999037,0.4393759085772824,7.170483703466548e-9,9.215478242207353e7,8.760858061115226e7,1.062263572529741,0.49028636915716595,2.074118959378778,0.1117704106356553,46.14923885257147,-5100.258463542636,7.0,1.0,0.6776024923289186,-5100.258463542636,5107.179859435851,0.4667480928819714,0.7500669112296237,3.0,0.0,0.5592341991082216,0.5592341991082216
3453,1,0.057408872013727394,0.06511966769805119,0.009184640585026424,1.3773817824401908,0.43283099323462665,7.111921968947294e-9,9.43167401790639e7,8.536516644251764e7,1.0471060634880978,0.583108118829485,2.363585600247408,0.12625157925299826,36.82716354952471,-5100.063544983971,7.0,1.0,0.9863447128142369,-5100.063544983971,5106.283915915543,-0.5540914655111919,-0.5540914655111919,3.0,0.0,0.5592341991082216,0.5592341991082216
3454,1,0.05748844307414223,0.06340932359967066,0.009246887029200339,1.3414241513149587,0.4305071120480625,7.257998084933847e-9,1.0118603638110161e8,9.292974666488998e7,1.0806947968966154,0.5883851663662911,2.2797187293052366,0.1289785777124882,37.81483562322747,-5098.732439516842,7.0,1.0,0.22168346749624687,-5098.732439516842,5108.766643563157,0.6138246299260572,3.4970763079563767,3.0,0.0,0.5592341991082216,0.5592341991082216
3455,1,0.05791487850233715,0.05895302350323918,0.009284593295629109,1.357063961721557,0.4327770455775549,7.14281601557103e-9,9.806736197192124e7,9.647126808587773e7,1.0135538673177946,0.5446205363654989,2.1370398593243367,0.14215804624902467,37.687397871381066,-5096.408855165036,7.0,1.0,0.912473597005571,-5096.408855165036,5102.5442237602865,-0.5776925898617264,-0.8437295200674271,3.0,0.0,0.5592341991082216,0.5592341991082216
3456,1,0.05769121115462891,0.06274483704070315,0.009336196112391098,1.3518475161590884,0.4287363940127798,7.137086734865577e-9,9.90664488411355e7,9.403982774652071e7,1.0837973367963483,0.5414325396475242,2.123619190574416,0.11672521578185394,38.78105440134318,-5093.506005709363,7.0,1.0,0.9549169463515504,-5093.506005709363,5099.116777172119,-0.36077086885779863,-0.36077086885779863,3.0,0.0,0.5592341991082216,0.5592341991082216
3457,1,0.0577108323265921,0.06080259045532124,0.0092327601369988,1.3657261356475514,0.434674290908483,7.195598885875065e-9,9.035206769850138e7,8.666160598516859e7,1.1306277702306016,0.5180233443499402,2.3333737622604525,0.12179698047697635,41.445653536027166,-5096.309243668891,7.0,1.0,0.8036718115599913,-5096.309243668891,5097.613680686187,0.3975690493016373,0.3975690493016373,3.0,0.0,0.5592341991082216,0.5592341991082216
3458,1,0.05805269204193894,0.06263422078340472,0.009226647902408548,1.32932172875799,0.4291423438885695,7.134344999619774e-9,1.0036188837743975e8,9.385787162805705e7,1.029107987906598,0.5199034339402736,2.326850057489439,0.12489434660450037,35.6639926567475,-5097.097593550586,7.0,1.0,0.8997979798605387,-5097.097593550586,5101.898833088398,0.1610803153253073,-0.44797580020349415,3.0,0.0,0.5592341991082216,0.5592341991082216
3459,1,0.05783120496201598,0.06015298576978943,0.00934683992043555,1.3547012482756726,0.43058444311508487,7.183759440531518e-9,8.812037593848221e7,8.554610789871213e7,1.0843589123261668,0.5445315692648497,1.9991347754374327,0.13115096027207224,44.5541209330084,-5095.486299397405,7.0,1.0,0.9721048759775159,-5095.486299397405,5100.586675136081,-0.4014517809446261,-0.4681391145777525,3.0,0.0,0.5592341991082216,0.5592341991082216
3460,1,0.0580112947385466,0.059685049914224096,0.009857114050896065,1.3575945696438716,0.4240540698863606,7.297693087382851e-9,1.0068918244567849e8,9.212184722621454e7,1.0516328752519741,0.5491222388741699,2.252579054158092,0.1172186384490061,35.782188662593484,-5101.342231922108,7.0,1.0,0.6916466259490804,-5101.342231922108,5107.004101780311,0.8061184572561615,0.8061184572561615,3.0,0.0,0.5592341991082216,0.5592341991082216
3461,1,0.0578758858981558,0.06223764287223948,0.009810471818230693,1.3502483351709413,0.4137721617672636,7.3168712872024065e-9,1.0030450456754875e8,9.124259825976533e7,1.073187844866611,0.5391208792911292,2.2518861203953935,0.12020008904295934,36.483485991941116,-5101.891338617978,7.0,1.0,1.0,-5101.891338617978,5107.814662038534,-0.20348171875775733,-0.7609590074034713,3.0,0.0,0.5592341991082216,0.5592341991082216
3462,1,0.058003665349895275,0.06448943331786855,0.009179721272499896,1.351466331572738,0.44172911268029236,7.0736016753778555e-9,9.241846728026915e7,9.152464548193793e7,1.0426950233368109,0.5378228025016784,2.015120061528316,0.12412739317137421,43.52728215427589,-5096.913707903348,7.0,1.0,0.9707480570617717,-5096.913707903348,5107.548231552783,-0.4477662284098187,-0.5222092471312862,3.0,0.0,0.5592341991082216,0.5592341991082216
3463,1,0.05784425932638188,0.05835788747854922,0.00972632388594932,1.337231840124026,0.420006641576151,7.266108164389914e-9,9.809473978883435e7,8.884499518813893e7,1.0655283921030059,0.5191879578766945,2.3090492256231503,0.12607503926281816,35.797129358060005,-5097.541077966719,7.0,1.0,0.9242848947981621,-5097.541077966719,5102.103053897483,0.04944002282081783,-0.18504637773185095,3.0,0.0,0.5592341991082216,0.5592341991082216
3464,1,0.05799220124837732,0.06575303784358501,0.009088168961822306,1.3628382337761726,0.4364208464060102,7.108459600282008e-9,9.434691493209884e7,8.783496444458045e7,1.0552445175654297,0.5335449280341477,2.12552577544482,0.11948227941522765,42.96104638386677,-5097.238355447728,7.0,1.0,0.5065840574826218,-5097.238355447728,5107.1958418340655,0.5026599877319313,1.2482868284650976,3.0,0.0,0.5592341991082216,0.5592341991082216
3465,1,0.057937184490430005,0.05855387648049172,0.009363807859915457,1.3277170439224817,0.4227828511616337,7.190562385741257e-9,9.357386487714362e7,9.56417017169457e7,1.0653077090569443,0.5246459703966304,2.1873066551706595,0.13332905123495928,39.33892829370002,-5096.893308882083,7.0,1.0,0.6076861707163147,-5096.893308882083,5108.571637726063,0.01242850229391479,1.4393182202638855,3.0,0.0,0.5592341991082216,0.5592341991082216
3466,1,0.057878022028244484,0.05937133013766462,0.009402961641225734,1.3636643725265565,0.42528263499704877,7.232740560987976e-9,9.140057696264571e7,8.685465819137797e7,0.9705340743397264,0.5553066354405073,2.124178837535437,0.11575659557778836,41.017211165881676,-5096.1400197475805,7.0,1.0,0.9501396182596528,-5096.1400197475805,5101.618910988177,-0.17833758226242935,-0.768465297604962,3.0,0.0,0.5592341991082216,0.5592341991082216
3467,1,0.05793582107504813,0.0667938727453758,0.009404618532479817,1.3363605504935774,0.4282129725565498,7.115686587798207e-9,9.85379098442441e7,9.10407600469626e7,1.1381932099021976,0.5319923386465657,2.108641284914565,0.13141306109688808,38.20370247511554,-5096.619143530996,7.0,1.0,0.9474203413683053,-5096.619143530996,5102.248618360966,-0.2839402848703685,-0.7659139162797146,3.0,0.0,0.5592341991082216,0.5592341991082216
3468,1,0.057823345082820124,0.06159404538458698,0.009513470539398293,1.3567048077074289,0.43479654371436394,7.244823974395644e-9,9.161102504498428e7,9.096297851991099e7,0.9709441419729999,0.5288038888001293,2.017871324378421,0.11212394947049178,41.54283795108742,-5097.271163185014,7.0,1.0,0.8209795183136033,-5097.271163185014,5105.885002358019,-0.01428607360139722,0.8490010042041831,3.0,0.0,0.5592341991082216,0.5592341991082216
3469,1,0.05797874605208968,0.06121771853660279,0.0094302574545354,1.3513732963504066,0.4215892729534399,7.167727784911136e-9,9.725227759088834e7,8.814293535817611e7,1.1727047556120844,0.5275925852332574,2.105384586373638,0.1319269333554483,38.30971105442109,-5095.048581577032,7.0,1.0,0.924245120385174,-5095.048581577032,5101.44036552546,-0.559234794484837,-0.559234794484837,3.0,0.0,0.5592341991082216,0.5592341991082216
3470,1,0.05815601298522862,0.05903455529893601,0.009423271298549016,1.3782460185416283,0.42732055171939004,7.169034006305534e-9,9.192661036320442e7,8.454030982753047e7,1.1317063192183987,0.5798992635717629,2.0820073364613134,0.11378510441871788,36.57440266037171,-5098.511429767282,7.0,1.0,0.7112965366105691,-5098.511429767282,5102.034784029964,0.40793931452662946,0.8285477048011671,3.0,0.0,0.5592341991082216,0.5592341991082216
3471,1,0.05779782876990572,0.058617662559638566,0.009452180247556903,1.3752948523540187,0.43496440829216854,7.1083786751677806e-9,9.180586960159297e7,8.490692535196151e7,1.1835673581608386,0.5830443344297329,2.033928439184085,0.12015699111756514,37.85838307957285,-5099.971498324547,7.0,1.0,0.6214852328138122,-5099.971498324547,5106.177685864678,0.6870064532422475,0.6939318408813051,3.0,0.0,0.5592341991082216,0.5592341991082216
3472,1,0.05793245131930137,0.060679315430920665,0.009345361639053147,1.3850125438728027,0.43109667284792685,7.121872291914241e-9,9.178083327280685e7,8.828649420000203e7,1.1644233994317343,0.5592286759799959,2.158652897282508,0.1215803961590403,37.84350589169676,-5097.069884488644,7.0,1.0,1.0,-5097.069884488644,5102.93502759432,-0.9905141842036755,-1.0021286334995239,3.0,0.0,0.5592341991082216,0.5592341991082216
3473,1,0.057915631267793165,0.06366313246049077,0.009421254937293788,1.3749065099434326,0.4309647758972272,7.1999907332841236e-9,9.89028675918322e7,9.128186013707392e7,1.003387685453361,0.554785669459294,2.275579704134163,0.11347588633411028,40.210448873140926,-5096.183991123884,7.0,1.0,0.8126232695316571,-5096.183991123884,5100.982979832375,-0.07126288592553465,1.3648551968426545,3.0,0.0,0.5592341991082216,0.5592341991082216
3474,1,0.05774326987932937,0.05776630778510398,0.009390479411050985,1.3537569978438853,0.42841419463444325,7.1391361121740636e-9,9.598493479787758e7,8.729941279333465e7,1.151606020121809,0.49814170026423366,2.323662294014264,0.12354604823771012,39.529456502708776,-5095.44821971923,7.0,1.0,0.9084366449877382,-5095.44821971923,5100.260515319184,-0.07691187511773023,-0.29058620016621717,3.0,0.0,0.5592341991082216,0.5592341991082216
3475,1,0.057691959665429594,0.06786784810821607,0.009041293840227217,1.331855081197687,0.43558330996349365,7.1979104639357895e-9,1.0662119960436809e8,8.977426172643176e7,0.9786289450634189,0.5571557797472055,1.9146375138842,0.12904165359120806,40.8875051918521,-5101.212629748526,7.0,1.0,0.5801206755778481,-5101.212629748526,5104.341204444368,0.806275618251675,1.1070188219937336,3.0,0.0,0.5592341991082216,0.5592341991082216
3476,1,0.057867094462079896,0.0605890073619866,0.00907255614564759,1.346243173107719,0.43119649148615113,7.115922328184974e-9,8.85832143037594e7,8.870525393831211e7,1.1922236306765406,0.5518680856730713,2.1863186669769608,0.11215434954176905,40.803194694755774,-5100.462677063921,7.0,1.0,0.6913269142866076,-5100.462677063921,5108.08505744521,1.0177734047165359,1.0964510266358047,3.0,0.0,0.5592341991082216,0.5592341991082216
3477,1,0.058054031729841665,0.06425694596778829,0.009310667277757114,1.3292515653544414,0.4316123186769379,7.189195697428013e-9,1.0199496459424026e8,9.204482993716887e7,0.9574227818528903,0.5118553080184493,2.1751165002119226,0.13722026756835132,39.527113174659526,-5097.257348050715,7.0,1.0,0.8842977436338727,-5097.257348050715,5104.905213232081,-1.825980462219377,-1.825980462219377,3.0,0.0,0.5592341991082216,0.5592341991082216
3478,1,0.05785776878759033,0.058315459942543384,0.009258544747079791,1.3613842259469076,0.4269982782909035,7.1133258224709e-9,8.776586600067703e7,8.57143982153766e7,1.0952277090765423,0.5629963446742033,2.2950467168900235,0.11209722615649474,36.55585083674609,-5099.188988560007,7.0,1.0,0.6014821271742069,-5099.188988560007,5104.360513389324,0.8375844790971314,0.8375844790971314,3.0,0.0,0.5592341991082216,0.5592341991082216
3479,1,0.0577902768996261,0.06257035901917332,0.009450572128432349,1.3485237007053592,0.43326032803852754,7.22013513960368e-9,1.1021210884270458e8,8.525230560507835e7,1.0709289747743347,0.5578769606499433,2.368363064341792,0.13213075128888904,40.341219811354584,-5098.14980355748,7.0,1.0,1.0,-5098.14980355748,5102.820550600304,-0.5774188371497075,-0.8974532182483017,3.0,0.0,0.5592341991082216,0.5592341991082216
3480,1,0.05797555514710044,0.06429789643983896,0.009348711822605743,1.3517341493315667,0.4345477638050767,7.170704626710541e-9,8.264779755798918e7,1.0320871726225577e8,0.9893582658118409,0.4747721665321966,2.00041600452891,0.11483234680111397,40.04655002935508,-5099.6030708295375,7.0,1.0,0.9373428416382313,-5099.6030708295375,5103.961036805719,-0.02969136327465094,-0.21910145712809026,3.0,0.0,0.5592341991082216,0.5592341991082216
3481,1,0.05767585317950545,0.057542215193896726,0.009318419417284882,1.3432064066223197,0.42549243129978165,7.16968253059474e-9,1.0869369019683339e8,7.860439898304763e7,1.1246746381643815,0.5966514173915863,2.3722663186185047,0.12770855167212591,39.172154239735384,-5102.012079061563,7.0,1.0,0.6966124538525292,-5102.012079061563,5107.0673126237325,0.8020605119772881,0.8630337221902664,3.0,0.0,0.5592341991082216,0.5592341991082216
3482,1,0.057781806707459124,0.06714166615669358,0.009125665563252394,1.3533206574756125,0.4371114160903881,7.1781638572544235e-9,1.006851137537939e8,1.0165926832771628e8,0.9825086119085015,0.5433972899582266,2.056469538570326,0.1215426578853647,42.13293557318056,-5098.466152554589,7.0,1.0,1.0,-5098.466152554589,5107.281466024427,-0.7536452868889683,-1.2092785808108601,3.0,0.0,0.5592341991082216,0.5592341991082216
3483,1,0.05766802707965471,0.0620726264220651,0.009116756046610254,1.3362089013213159,0.4297913444603469,7.156675628075663e-9,8.880242056621373e7,9.061905631537439e7,1.1412612344775404,0.5050476205115074,2.19783858104454,0.1386952854779253,38.63253928627253,-5098.4858330350735,7.0,1.0,0.7633002115411613,-5098.4858330350735,5106.001116744558,0.46717798589816084,0.7464289768231538,3.0,0.0,0.5592341991082216,0.5592341991082216
3484,1,0.05795679109903318,0.06372363085149813,0.009480295781354446,1.356953341066635,0.4302844296698134,7.187882127055315e-9,9.099579971885443e7,1.0034398705053134e8,1.0633896406741654,0.5123808506880196,2.28896916865892,0.11550709146617472,38.673477294586014,-5095.799824461907,6.0,1.0,0.8333333333333334,-5095.799824461907,5101.018079504756,-0.8634560342052282,66367.67264892162,2.0,1.0,0.5592341991082216,0.5592341991082216
3485,1,0.057859872999275544,0.06543524441145941,0.009407109395473675,1.3606295426832027,0.43271673591141685,7.168819110425744e-9,8.397075613960257e7,1.0333075588615805e8,1.078905522684854,0.5102297498513314,2.371963771898348,0.11272496142520506,39.76040092238166,-5099.554756402103,7.0,1.0,0.8287874725095623,-5099.554756402103,5102.691610431771,0.303569091157442,0.5473847704079162,2.0,0.0,0.5592341991082216,0.5592341991082216
3486,1,0.05774582128550538,0.05737489516534538,0.009421906417024423,1.3570322116238358,0.43498789241134966,7.188333378257036e-9,1.0747600512356398e8,8.715041455958559e7,0.9903953857421665,0.5256428656928582,1.9612727756679575,0.12788826326211916,39.23244654021501,-5096.742072842951,7.0,1.0,0.9733938870295284,-5096.742072842951,5103.574775508972,-0.4466012001103081,-0.4466012001103081,3.0,0.0,0.5592341991082216,0.5592341991082216
3487,1,0.058071259990634214,0.06419700666401101,0.009617637030692936,1.3441849555945835,0.43081333542767536,7.2269031718439545e-9,8.358384794287275e7,9.513598724728541e7,1.1131933985872484,0.5709718455007526,2.2978254178023856,0.12255250161946206,39.16122501690918,-5100.170868108696,7.0,1.0,0.49673900379334374,-5100.170868108696,5109.270010051085,0.7491133334751794,1.0421105118066407,3.0,0.0,0.5592341991082216,0.5592341991082216
3488,1,0.05800476274230671,0.06233816470833197,0.009321498283895103,1.3517276564501128,0.4281180669069603,7.1655403316123e-9,9.080986843150806e7,8.626957273578714e7,1.0448125709445364,0.5710261638086314,1.9412571961903975,0.13618810026813336,42.26013084521096,-5096.220079700616,7.0,1.0,1.0,-5096.220079700616,5104.711925604694,-0.6587097444380561,-0.6666339175189933,3.0,0.0,0.5592341991082216,0.5592341991082216
3489,1,0.05755412801065352,0.06085914072137306,0.00919723396406073,1.337143482411067,0.4332882493891916,7.115578311097631e-9,9.790648487066245e7,9.323793922267391e7,1.0521866089607883,0.5062647067319088,2.4696182695786586,0.1112378000367579,36.73995456334544,-5098.358553465056,7.0,1.0,0.8772055238659221,-5098.358553465056,5104.053207812955,-0.031503988735494204,0.4621844935691115,3.0,0.0,0.5592341991082216,0.5592341991082216
3490,1,0.057559267141189474,0.06398241633645071,0.009330693956384636,1.351385510959666,0.42579008909990385,7.143509262007041e-9,1.0760381181667884e8,8.181702843153419e7,1.1285569192854445,0.5040345999667928,2.7662626876596246,0.11902375661269798,39.09015247919781,-5103.442678840153,7.0,1.0,0.6720115305803851,-5103.442678840153,5108.763779178071,0.26687020750887314,0.8682126757321385,3.0,0.0,0.5592341991082216,0.5592341991082216
3491,1,0.0577853415271231,0.06408920129795087,0.009377559619289738,1.350963581720549,0.43387733961013086,7.2029765053106865e-9,8.56615201495722e7,9.93834414789827e7,0.9396857638586553,0.5693104303079645,2.069543385699431,0.1264112016200804,38.58167373627674,-5097.674388691061,7.0,1.0,0.9940418124315193,-5097.674388691061,5108.380325605035,-0.26100991556722875,-0.3010853822270292,3.0,0.0,0.5592341991082216,0.5592341991082216
3492,1,0.05757462200211207,0.060608643750890444,0.009422004186225904,1.358626588947007,0.4317196727873652,7.253676225937689e-9,9.548216597384948e7,9.173638119191031e7,1.0181617815089918,0.4975044672995117,2.0164148775830197,0.12582113476221,39.15534757124587,-5094.690681795253,7.0,1.0,0.8636645434214155,-5094.690681795253,5103.034586005889,-0.2925584888962476,-0.7278594171730219,3.0,0.0,0.5592341991082216,0.5592341991082216
3493,1,0.05839621169397873,0.06366033471563894,0.009405193612848115,1.3540788241485924,0.42528228083259556,7.1035072159499716e-9,9.446284412408586e7,9.69073109526749e7,1.1305022562933917,0.5487448113255093,2.158799181190235,0.11908949313183355,36.91848121913889,-5097.574211211732,7.0,1.0,0.6441300995861085,-5097.574211211732,5102.745226978662,0.42251368235247355,0.6754464232517421,3.0,0.0,0.5592341991082216,0.5592341991082216
3494,1,0.05760879028932388,0.05920911540140033,0.009462881138382534,1.3561332415598755,0.4261670384523406,7.306011711098421e-9,9.220568749958546e7,8.466590160418022e7,0.9964215543491542,0.5121544378725901,2.27381902843432,0.12862705008192626,43.16546051978356,-5097.787541398935,7.0,1.0,0.8226890781656618,-5097.787541398935,5104.218193345533,0.06906650365999667,0.5857486904978941,3.0,0.0,0.5592341991082216,0.5592341991082216
3495,1,0.05834031617781284,0.06018229359958355,0.009453729133457905,1.3381108395346526,0.43108920275968876,7.140084021478937e-9,9.384461164287205e7,9.272429877634129e7,1.1896149677018335,0.5393723273803112,1.9937747565009696,0.11975870406474902,36.564177648295505,-5096.784198677805,7.0,1.0,0.88522375588863,-5096.784198677805,5106.445266549491,-0.38196066642922233,0.41872213928672863,3.0,0.0,0.5592341991082216,0.5592341991082216
3496,1,0.05748443322516799,0.061857532122402435,0.009347739468423183,1.3507552459570566,0.42881650801819443,7.1602887246730725e-9,1.0058272254529004e8,8.374472885183257e7,1.0412680484734012,0.4870851302576417,2.012966366491452,0.1168160170481261,43.624060083297124,-5096.427281664925,7.0,1.0,0.8968079408836717,-5096.427281664925,5102.5394355678745,-0.006904158249199099,0.23328635412690346,3.0,0.0,0.5592341991082216,0.5592341991082216
3497,1,0.058153539080057486,0.06118093083948132,0.009378516911445936,1.3537584988184863,0.4306319746711295,7.233674604901877e-9,9.151478908295782e7,9.556552302804944e7,1.0685053827786286,0.5829285739533133,2.3297259439853515,0.13419452521655736,35.76824936546958,-5100.494438149405,7.0,1.0,0.4311190016511334,-5100.494438149405,5104.552035731336,1.5991046045455732,2.039977314989301,3.0,0.0,0.5592341991082216,0.5592341991082216
3498,1,0.05754244525603193,0.056111861346706704,0.009501314190541853,1.3594807779854603,0.424278941310633,7.12256294726897e-9,9.314293414199278e7,1.0114597211894257e8,1.0656524010215938,0.5274715008176406,1.9088506801149472,0.11121891108454156,45.72872592535128,-5101.720314478713,7.0,1.0,1.0,-5101.720314478713,5106.126036350631,-0.49441097890394303,-1.3762930449129271,3.0,0.0,0.5592341991082216,0.5592341991082216
3499,1,0.057541959117167335,0.06011448697329708,0.009531946681635841,1.3643533238632994,0.4192459190845106,7.237277404192306e-9,1.1220486089228411e8,9.107820449629359e7,1.060421910596349,0.5469949333850729,2.2895186965691914,0.1126805407650205,40.80363482081665,-5098.713734381306,7.0,1.0,0.8474041168510317,-5098.713734381306,5110.358221284379,-0.3989875569350261,0.7453762961122266,3.0,0.0,0.5592341991082216,0.5592341991082216
3500,1,0.05795068163622992,0.05977959975109694,0.009420473906012146,1.334811053936528,0.4340565950034487,7.0781224788696935e-9,8.199431489607161e7,8.842714155950646e7,1.0883727250743962,0.49678497125062115,1.9625933280223382,0.13558728997125907,37.656672020069124,-5100.047911985561,7.0,1.0,0.7635942921396397,-5100.047911985561,5104.605643560707,0.618385574111926,0.618385574111926,3.0,0.0,0.5592341991082216,0.5592341991082216
3501,1,0.057522320653220625,0.06268464318210645,0.009578453847514403,1.3652837930137487,0.42595075219307243,7.226799513446513e-9,1.0938790933560705e8,9.125534552235511e7,1.0531568504213684,0.5683374997904751,2.3175865843003844,0.10952105902596995,42.38032699030867,-5100.130264852886,7.0,1.0,1.0,-5100.130264852886,5102.3314853162165,-0.29362661632058007,-0.9379364263277239,3.0,0.0,0.5592341991082216,0.5592341991082216
3502,1,0.05794844163725724,0.05861024201513309,0.009500606697782615,1.3652341826803929,0.43111178602246936,7.179934358625555e-9,9.6385084351571e7,8.644962009723023e7,1.0303724226015423,0.46328098121691763,1.9961683710407563,0.10737439334761865,40.473622131294,-5097.5388987694305,7.0,1.0,0.9730930047429098,-5097.5388987694305,5105.401835478199,-0.4903261380195545,-0.4903261380195545,3.0,0.0,0.5592341991082216,0.5592341991082216
3503,1,0.058037775965084686,0.05923242017388451,0.009483052916672084,1.3361098876019664,0.4244899497375867,7.159243927679603e-9,9.38201149334178e7,8.307782997772451e7,0.9895413522041401,0.46945827414847574,2.143286083655813,0.10342864885697993,38.99592262369529,-5098.846363662309,7.0,1.0,0.926688213417335,-5098.846363662309,5102.9990121799965,0.06631523916621518,0.3343342380658214,3.0,0.0,0.5592341991082216,0.5592341991082216
3504,1,0.05763609229466388,0.056346873232878146,0.00951098536128114,1.3321643689193892,0.4301583293260679,7.229761664048623e-9,8.566017096186669e7,8.710278836833556e7,0.9950963216033746,0.5288476699922542,2.0781878867047965,0.12055153649421224,43.05591997960432,-5097.773226679265,7.0,1.0,0.9370371968203306,-5097.773226679265,5104.779774324561,0.02121695258665568,0.19497094172584184,3.0,0.0,0.5592341991082216,0.5592341991082216
3505,1,0.057748690631638254,0.06291021911637094,0.009352875365931608,1.3449369323148859,0.42797520264505945,7.174166624955391e-9,9.614294467515674e7,9.535089487073532e7,1.1299096325868994,0.5984089542069321,2.1457941245663044,0.11798528174863766,37.001796885805696,-5095.268456250795,7.0,1.0,0.9841632360078959,-5095.268456250795,5102.553671368213,-0.24592004267015,-0.24592004267015,3.0,0.0,0.5592341991082216,0.5592341991082216
3506,1,0.05807481126831613,0.061288402456355806,0.009280811305065494,1.3551845016172623,0.4301038912733008,7.145331814015771e-9,9.740953287207264e7,9.657036526675843e7,0.9712043032460134,0.4817091497603935,2.2550658297480775,0.12878718144065965,41.51348477447939,-5096.989265636547,7.0,1.0,0.5262519216880078,-5096.989265636547,5101.001518550286,0.5774999017212394,1.1506775440657293,3.0,0.0,0.5592341991082216,0.5592341991082216
3507,1,0.057512038998373885,0.060316691828110884,0.009321317368525671,1.3292325244055276,0.42450736810529544,7.127586637217974e-9,9.66215161781587e7,8.544058273446126e7,1.1431201003657139,0.598777435351184,1.9942462514947876,0.11938775084122867,40.10669355801153,-5098.3614026264495,7.0,1.0,0.7056826830326285,-5098.3614026264495,5108.406246643346,-0.1728694944513336,0.8563309955006844,3.0,0.0,0.5592341991082216,0.5592341991082216
3508,1,0.05783823823078245,0.06566509298930376,0.009221235213652649,1.3419363597978424,0.4263408357967609,7.079878614699252e-9,9.804131903929658e7,9.528631226224804e7,0.9944755500382582,0.5681581494397746,2.1133219224807958,0.13357203918670388,37.37877943708594,-5097.124426279734,7.0,1.0,0.9257778307148143,-5097.124426279734,5104.886290885,-0.20348789996842243,0.3227055990764711,3.0,0.0,0.5592341991082216,0.5592341991082216
3509,1,0.05817177539500928,0.05946866208554817,0.009443949473927397,1.355235074652305,0.42812081552229825,7.215976975948193e-9,9.594183746903624e7,8.793975658571862e7,1.078393152842471,0.5701538840015794,2.233086435122262,0.1127834872075143,44.050387308052834,-5097.198221680533,7.0,1.0,0.6024695101740296,-5097.198221680533,5104.171627722427,0.3929685785815309,0.9494640980747135,3.0,0.0,0.5592341991082216,0.5592341991082216
3510,1,0.057753695325114776,0.06196513751378433,0.009316853650634876,1.3660826474235863,0.4260685966030293,7.110569194526204e-9,9.629314389368649e7,8.778098380026281e7,1.0918261902009352,0.48804513522080356,2.184583423553288,0.14042435701436856,37.99857384006784,-5096.7697177768705,7.0,1.0,0.8592578321618368,-5096.7697177768705,5101.685059229744,-0.4845145880462951,0.5525254068224967,3.0,0.0,0.5592341991082216,0.5592341991082216
3511,1,0.057938689508004994,0.06186870718164648,0.00932409477264953,1.3312393346438811,0.43159121061874944,7.207625726846751e-9,9.173551356794356e7,8.906709823472928e7,1.1193536181592556,0.5797584770147103,2.1577999643249783,0.10589311431754501,40.87701642636645,-5097.200857933008,7.0,1.0,0.8101718420406024,-5097.200857933008,5102.281801228576,0.09852498812597332,0.48191182647587993,3.0,0.0,0.5592341991082216,0.5592341991082216
3512,1,0.057911421680607825,0.06001931690303467,0.009432116864821646,1.3664308663308822,0.42737068229659936,7.147209977136663e-9,9.67630050618763e7,9.22909067708687e7,0.9946286212408417,0.4875011434647841,2.109726935105674,0.1460887140068178,37.89145837625452,-5096.790197047299,7.0,1.0,0.8542743042013206,-5096.790197047299,5103.162542824002,-0.09453003955786698,0.3891208244886002,3.0,0.0,0.5592341991082216,0.5592341991082216
3513,1,0.05766867915108377,0.06185938036011476,0.009333162051757719,1.3341934574916723,0.43264250710738883,7.176117929564851e-9,9.548671013632123e7,8.619220718563206e7,1.1149750104207783,0.5768763624072122,2.044428135144725,0.10803092435097036,41.16148988491238,-5095.809424007439,7.0,1.0,0.9257341531224557,-5095.809424007439,5100.584158629766,-0.03792781486208696,0.2494604240391709,3.0,0.0,0.5592341991082216,0.5592341991082216
3514,1,0.05780286774009975,0.06346507123647416,0.009522201566169463,1.355996629051192,0.4148987686508402,7.120989672896305e-9,9.407030900413136e7,9.460059197055848e7,1.0690623913878037,0.6152633563238278,2.270312212591968,0.11155976423794454,40.19656323823668,-5101.12671610912,7.0,1.0,0.5215806267291698,-5101.12671610912,5106.593962167415,0.7155325825206091,0.803871612380135,3.0,0.0,0.5592341991082216,0.5592341991082216
3515,1,0.05777283035333935,0.06587015878061657,0.009312265913444133,1.3360985858792511,0.43256995172510354,7.134653135891907e-9,1.0741853275974111e8,9.374984496371299e7,1.1607587783761306,0.49155359084203126,2.1143612400633622,0.12773745119636648,40.04140915555517,-5097.329161075234,7.0,1.0,0.5427646894309633,-5097.329161075234,5111.154973374205,-0.34741708491947065,1.302364361976288,3.0,0.0,0.5592341991082216,0.5592341991082216
3516,1,0.05790348363611187,0.06678965920306754,0.009376105421762818,1.3561495468503932,0.432229154689968,7.113955429392977e-9,9.302096585248493e7,8.592321200195049e7,0.9449649206092524,0.5623775109479139,1.861405123168698,0.11531265196656743,41.5131466505231,-5099.898423088334,7.0,1.0,0.7252469309535853,-5099.898423088334,5104.678134911261,0.24421297602748382,0.8455765523049195,3.0,0.0,0.5592341991082216,0.5592341991082216
3517,1,0.05751628256683599,0.05622184983900918,0.009678811804284908,1.3531361801397976,0.4249339125530973,7.244153141785705e-9,1.0607668704344183e8,9.45314146898829e7,1.0734899989631366,0.49753890973949566,2.154146427778451,0.12058961290060809,37.743894652428494,-5097.820997732553,7.0,1.0,0.9208175563020037,-5097.820997732553,5108.083093706279,-0.2571242815347432,-0.6344614923427798,3.0,0.0,0.5592341991082216,0.5592341991082216
3518,1,0.05785431231766445,0.05829446289199359,0.009543400821869597,1.3583663351259547,0.42066677038576916,7.191665757112709e-9,9.208542946986203e7,8.69160589507678e7,1.0144033359238058,0.5319456345403958,2.0755683837539496,0.13785759613143017,35.692845016852985,-5095.497919442995,7.0,1.0,0.9342146078794541,-5095.497919442995,5102.033638958481,-0.43970735027869523,-0.43970735027869523,3.0,0.0,0.5592341991082216,0.5592341991082216
3519,1,0.057993485370888914,0.05788758454366558,0.009606209453359531,1.3489418327296865,0.42672760761228856,7.206645283065345e-9,1.0132030202587555e8,8.802048238577136e7,1.1601184456079316,0.5475619015649946,2.240171036983008,0.12118022683044395,45.54412577143415,-5096.885660834625,7.0,1.0,0.910318864607896,-5096.885660834625,5099.373299807671,0.11404765722727461,0.22458753009686916,3.0,0.0,0.5592341991082216,0.5592341991082216
3520,1,0.057505035633349424,0.06206038312188754,0.009369583119944878,1.3492522897709291,0.4270078710334766,7.2015179814351255e-9,9.14040648700466e7,8.699502461314088e7,1.117388778717889,0.5146323465044677,2.0447501526725076,0.12217307288634023,33.41138765336349,-5097.098965879875,7.0,1.0,0.9563781833178682,-5097.098965879875,5101.753721315752,0.02969521239901951,0.16330635804024496,3.0,0.0,0.5592341991082216,0.5592341991082216
3521,1,0.05835624788418342,0.0646311364969835,0.009222214740085149,1.3312743264592788,0.4331154509925056,7.033049576904961e-9,1.0142887803557567e8,9.554345944208305e7,1.0625551629755152,0.5203425192113801,2.39086176739665,0.12026662674283792,44.662646970280775,-5100.282578249741,7.0,1.0,0.3467307144339871,-5100.282578249741,5107.871900513054,0.5436492222452216,1.6582349366808558,3.0,0.0,0.5592341991082216,0.5592341991082216
3522,1,0.057883310712953856,0.06255221792257622,0.009331363882742527,1.3263592888745104,0.42696136125207784,7.130677502762793e-9,9.907350804598649e7,8.317558230846247e7,0.9626548712410004,0.5199994381146761,2.2313792166857453,0.12081217019463858,41.08118350579489,-5095.604968529295,7.0,1.0,0.7203877960768382,-5095.604968529295,5105.074236490206,-0.30972721947637183,0.8393667787822778,3.0,0.0,0.5592341991082216,0.5592341991082216
3523,1,0.05781112136337011,0.05881152726726166,0.009550251167546858,1.3570851376218518,0.43123877707755626,7.230786528966957e-9,9.046311523073666e7,9.516127535375138e7,1.1954244053939909,0.5499625236205897,2.0422735832212093,0.12362352164798933,38.117441743995876,-5095.623622353618,7.0,1.0,0.9815222261495088,-5095.623622353618,5098.84900689441,0.046970612163931946,-0.07100696996621991,3.0,0.0,0.5592341991082216,0.5592341991082216
3524,1,0.05799307354990247,0.061352707902350014,0.009418528079229282,1.3372325748853267,0.4249600022552313,7.09803779477889e-9,8.950942697128525e7,8.611308493711959e7,0.972284668061727,0.5034428984164496,2.1561394439795456,0.12269033327328237,39.77340496782514,-5094.9465715450115,7.0,1.0,0.9540006362764084,-5094.9465715450115,5098.080666751564,-0.11967120310328028,0.21082221744654817,3.0,0.0,0.5592341991082216,0.5592341991082216
3525,1,0.05784278276369562,0.06079998062290044,0.009549795621012006,1.360102361644433,0.4268512347083338,7.2271207486414555e-9,1.0372760665211941e8,9.953922001124492e7,1.0855186027120751,0.5742269723202288,1.9834837145167117,0.11974308266832615,38.23779243870096,-5096.146414193989,7.0,1.0,0.7779322150042243,-5096.146414193989,5100.775235870518,0.12301429797480523,0.3945931782573098,3.0,0.0,0.5592341991082216,0.5592341991082216
3526,1,0.057841503150620775,0.05672891332091804,0.009405020527750746,1.3724241955058991,0.42798955632972496,7.173510929307039e-9,9.187010500806111e7,9.181923263205248e7,1.2412001967983555,0.47227939496977217,2.2007507500922623,0.13132559792416496,38.69115209974927,-5099.127652259057,7.0,1.0,0.8113584400430286,-5099.127652259057,5102.296224980146,0.47581310420355294,0.47581310420355294,3.0,0.0,0.5592341991082216,0.5592341991082216
3527,1,0.057829415896686664,0.058607701142001256,0.009813129434384109,1.3439843619662695,0.41731360067161777,7.320626636524248e-9,9.367346546380872e7,8.54347632954343e7,1.0270335254603131,0.5709083214175404,1.9672786716115451,0.12074207320161744,36.98686527928907,-5100.438749280517,7.0,1.0,0.9848865287625318,-5100.438749280517,5105.067971980378,-0.17249133196582989,-0.6804071178876256,3.0,0.0,0.5592341991082216,0.5592341991082216
3528,1,0.05796543417369338,0.05827178560618724,0.009377204551295096,1.3736968140098071,0.43965643332460325,7.073633058151515e-9,9.771802827422236e7,9.242588339079691e7,1.129064884788609,0.496017031248657,2.316541718698224,0.13329999482783778,43.047993448041524,-5101.455012318489,7.0,1.0,0.450215799171975,-5101.455012318489,5110.3139915011,0.959657798301123,2.2079656174555566,3.0,0.0,0.5592341991082216,0.5592341991082216
3529,1,0.05788221732746455,0.064886930289228,0.00946107312933114,1.336247154252758,0.42734967858303413,7.164759969885533e-9,9.600418059162526e7,8.917897052849166e7,0.9402658248073151,0.5982136281185915,2.297750160035544,0.11548658006106875,36.683412058896806,-5098.578910950583,7.0,1.0,1.0,-5098.578910950583,5105.762295535144,-0.6631840083555289,-0.6631840083555289,3.0,0.0,0.5592341991082216,0.5592341991082216
3530,1,0.05771362785836904,0.06605492960074205,0.00931695000100204,1.356144804592625,0.42609006942348243,7.177533189517531e-9,9.173517593727133e7,8.584366575619783e7,1.046183033619812,0.5639513774481203,2.107736444313285,0.12129753442457877,34.46849819855893,-5097.192843361458,7.0,1.0,0.6950879847629498,-5097.192843361458,5111.097304731061,-0.20699355778651807,0.5738481214539206,3.0,0.0,0.5592341991082216,0.5592341991082216
3531,1,0.05806220272364135,0.055730167144547885,0.009251431684994416,1.333052154051246,0.42931736141259463,7.117601114463822e-9,9.51250647976931e7,9.407090569992886e7,1.0550448686729104,0.496197454676197,2.1980757323456306,0.12968206495291634,46.33480258708774,-5101.288344376035,7.0,1.0,0.4207774690401416,-5101.288344376035,5105.048275761423,1.5213483687730331,1.831209554366069,3.0,0.0,0.5592341991082216,0.5592341991082216
3532,1,0.05770578856641602,0.07102043005113678,0.009305193631522726,1.3637582095636356,0.42698776495872476,7.192436941586071e-9,9.401092158289959e7,9.642805301154214e7,1.0742905032864754,0.55180238136844,1.888832365256398,0.11231113700936207,41.428401527127846,-5101.6378014497095,7.0,1.0,0.9507249178697271,-5101.6378014497095,5108.86043763735,-0.7763234645135526,-0.8410238174565166,3.0,0.0,0.5592341991082216,0.5592341991082216
3533,1,0.057656548699250985,0.05773863653605944,0.009311819973489937,1.3481541284312843,0.4380793671529608,7.117857438728408e-9,9.822615564386013e7,9.904584072255218e7,1.0092228674972235,0.5440401163831134,2.2204209860407236,0.12212112961338707,45.263113952581584,-5098.932654682519,7.0,1.0,0.8094850595064967,-5098.932654682519,5107.367966117706,0.1445542380288316,0.38013508589938283,3.0,0.0,0.5592341991082216,0.5592341991082216
3534,1,0.057992865919826164,0.05999568629425671,0.00920670787727982,1.3289638253608866,0.44475009024246237,7.197930040196912e-9,1.0594430417477487e8,9.626655512192497e7,0.9228548865882436,0.49128028416664876,2.11742288581039,0.1365242928771194,39.173469185697066,-5102.416428618912,7.0,1.0,0.5950649950100672,-5102.416428618912,5109.224624151111,-0.08049067542833654,1.3887775708772097,3.0,0.0,0.5592341991082216,0.5592341991082216
3535,1,0.05796162413669372,0.0635594801336014,0.009617750354399622,1.3716882480943409,0.41809476002464707,7.168951660935278e-9,8.555673826916471e7,8.15537583873539e7,1.2191319084469259,0.5870061149969561,2.1447878206661737,0.11255315234800382,39.71051194240546,-5101.517249594079,7.0,1.0,0.9767499152824121,-5101.517249594079,5107.224420606942,-0.3125209989475479,-0.5328157277363061,3.0,0.0,0.5592341991082216,0.5592341991082216
3536,1,0.05764490366316404,0.060822323756793084,0.009618566759599781,1.3599658787058566,0.4177212924455198,7.223961689522398e-9,8.817768570068201e7,8.337881045409939e7,1.23683937410086,0.5268428476949709,2.2155165257877947,0.11812925418228201,41.05964260521049,-5097.797093156235,7.0,1.0,0.8630801722418455,-5097.797093156235,5105.243844187547,-0.4256936887786651,0.6847150737503398,3.0,0.0,0.5592341991082216,0.5592341991082216
3537,1,0.05782502739967125,0.058011928462087844,0.009381348337099835,1.331096649460807,0.43229519155365065,7.2090571511177405e-9,1.0530370786968449e8,9.949648212810224e7,1.0165158744584881,0.49367751175381114,2.3081674611029044,0.13681035569555672,40.00937601165073,-5098.594703583128,7.0,1.0,0.4682747316907529,-5098.594703583128,5108.364021819189,0.3020847726274951,1.1012372180621242,3.0,0.0,0.5592341991082216,0.5592341991082216
3538,1,0.05777053979459654,0.05748456135585163,0.00951286835253647,1.3324865645753885,0.4311227656707462,7.1912828170856e-9,1.11387379929e8,1.0084768141329233e8,0.9719127698860642,0.5209669804230866,2.295949160819954,0.1288151520627512,41.47224517676696,-5100.132607372423,3.0,1.0,0.7896898024807011,-5100.132607372423,5103.082315454422,0.24715554782142135,0.5309429449425807,2.0,0.0,0.5592341991082216,0.5592341991082216
3539,1,0.058229209600878865,0.06472965802527893,0.009363379194324953,1.3330589695387411,0.42557091726435975,7.069815812720062e-9,8.144091510817307e7,7.877791582500957e7,1.0876025015028536,0.534948392010252,2.2249627088690023,0.1219033130771486,38.6914336989925,-5100.720736632319,7.0,1.0,0.7475171262531918,-5100.720736632319,5108.159079593574,-0.25374417876628286,0.9056764570905216,3.0,0.0,0.5592341991082216,0.5592341991082216
3540,1,0.05800142200453791,0.060986793856493395,0.009287002858509141,1.3320589874892814,0.432045289152274,7.1139020445419706e-9,8.894574408595623e7,9.086882821922332e7,1.0093464323186832,0.5607054320337043,2.3787537353145654,0.12337925103133209,40.88051673135874,-5095.339919157884,7.0,1.0,0.6306212466021179,-5095.339919157884,5104.126479355522,-0.4326014652942831,1.0614969678399575,3.0,0.0,0.5592341991082216,0.5592341991082216
3541,1,0.057609167380197446,0.06062270439356599,0.009333406257277844,1.3565364574880039,0.4266745479183736,7.214882381212834e-9,1.0057763248170614e8,8.789650533331062e7,1.145404818684737,0.49941528920507383,2.0506880069661215,0.1245710799533882,37.85377805899525,-5095.265780459295,7.0,1.0,0.7572266682980386,-5095.265780459295,5101.770382778594,0.22605905336786236,0.7429717443392292,3.0,0.0,0.5592341991082216,0.5592341991082216
3542,1,0.057975871287131074,0.061548338708551247,0.009358281994317652,1.3390999609084984,0.4292773403658175,7.161130419090031e-9,9.190462906471239e7,8.748471749818896e7,1.1672074541287394,0.5478684687742958,2.1511239763406325,0.11828080222629025,39.943074935089385,-5093.735066754503,7.0,1.0,0.7723731977395675,-5093.735066754503,5099.628416365118,-0.3510743049600933,0.7157400563592091,3.0,0.0,0.5592341991082216,0.5592341991082216
3543,1,0.05768305233999351,0.05873143492010788,0.009566801351900453,1.3485220572877614,0.42673213721411335,7.144146470497397e-9,8.576737961367446e7,8.796928757237819e7,1.3303256514766495,0.5480419795272188,2.102269697738699,0.1294651951540635,43.89155663555365,-5101.306936279223,7.0,1.0,0.6254289222961001,-5101.306936279223,5103.486954855378,0.9532527116443816,0.9532527116443816,3.0,0.0,0.5592341991082216,0.5592341991082216
3544,1,0.05788526042008094,0.06143526824819574,0.009515179394099928,1.3702888291199926,0.42920936902764284,7.219043828547475e-9,1.0180544669547753e8,9.336413948167326e7,0.8902516556778738,0.49465857034841837,2.088527470406654,0.12650892949920825,39.06219161185787,-5098.360381273046,7.0,1.0,0.9798805433059314,-5098.360381273046,5104.788656230389,-0.6631457929343014,-0.7814734767252958,3.0,0.0,0.5592341991082216,0.5592341991082216
3545,1,0.05805292238504768,0.062089424433073005,0.009255897463125353,1.3390746065204702,0.4362605704739504,7.157102660030174e-9,8.594382351285087e7,1.0072039971787386e8,1.1703553847333361,0.5683511552045672,2.1701118915155195,0.12809175633189437,41.191916554699624,-5097.54953187456,7.0,1.0,0.9993853362949069,-5097.54953187456,5102.799460770082,-0.07021031096792285,-0.30995337845070026,3.0,0.0,0.5592341991082216,0.5592341991082216
3546,1,0.057735275434844795,0.06006853003632249,0.009410380226657598,1.3451700341068986,0.42292734205498944,7.180434200595585e-9,9.669921624718073e7,8.76322738070028e7,0.9057603501511756,0.4752029204444224,1.9626569758049772,0.11232358833382773,36.05154579436734,-5099.376455054663,7.0,1.0,0.9149940625614276,-5099.376455054663,5104.520790712765,0.19057148485717335,0.2262429640004484,3.0,0.0,0.5592341991082216,0.5592341991082216
3547,1,0.05797316502043211,0.05801068123737073,0.009618534471291362,1.3434914068719361,0.4212866049004457,7.153233489992464e-9,1.0390611673447526e8,9.259632406803843e7,0.9510045062605256,0.5347077644544471,1.8744569667162738,0.1050567913475135,38.95529099261557,-5100.640011463086,7.0,1.0,0.42298214094569736,-5100.640011463086,5108.510138734881,0.01132530593258707,2.5972885584160395,3.0,0.0,0.5592341991082216,0.5592341991082216
3548,1,0.05787321430121022,0.06235759394622597,0.009373729534669483,1.3588606436756299,0.4249673329332273,7.1100401325891245e-9,9.355213917979415e7,8.902210213488735e7,1.15357930892566,0.5150442358682168,2.0657031836184006,0.13544035727519155,45.65022976564602,-5097.110757153391,7.0,1.0,0.954772993412931,-5097.110757153391,5105.900287491848,-0.19979397042425262,-0.19979397042425262,3.0,0.0,0.5592341991082216,0.5592341991082216
3549,1,0.057647721122187745,0.059887518223370684,0.009202911397707726,1.322595629513644,0.43697078736046313,7.168668835371842e-9,9.410403197855477e7,9.478689397786073e7,0.9582368551954161,0.5343022672997659,2.1884193361128292,0.11402773232114093,35.65269206074591,-5097.705402857271,7.0,1.0,0.8639926580769517,-5097.705402857271,5102.915807986336,-0.14271997623654897,0.3526683443733418,3.0,0.0,0.5592341991082216,0.5592341991082216
3550,1,0.05769624055501561,0.057564879500923045,0.009323296965759491,1.3533563792769823,0.4373295436928833,7.17773932918185e-9,8.965061971888559e7,9.55411150411606e7,0.9769214774177069,0.46442005563521016,2.0603545021165472,0.13790087394323491,33.40380473505517,-5101.997717664975,7.0,1.0,0.7813494778903843,-5101.997717664975,5108.1496026891455,0.47930756032292265,0.47930756032292265,3.0,0.0,0.5592341991082216,0.5592341991082216
3551,1,0.05788850425232001,0.06091807946250201,0.009633939133557628,1.3522448032852656,0.4188146390160966,7.222109417446414e-9,1.053058022101977e8,8.57554128941154e7,1.1482430338413374,0.5740405708824451,2.321604443603349,0.11305380028364918,48.568895975235286,-5102.119157181572,7.0,1.0,0.9952052049969531,-5102.119157181572,5107.008543625577,-0.08811705593143415,-0.43726983724172896,3.0,0.0,0.5592341991082216,0.5592341991082216
3552,1,0.058032875629585916,0.05965687044024108,0.009382695536687795,1.356730586099267,0.43399253380029407,7.208584151786483e-9,8.364699644548883e7,9.27016757740574e7,1.022103928245971,0.49762235443066977,1.8639411184081964,0.13974755009171383,32.99842906233145,-5103.246291905122,7.0,1.0,0.93042939437968,-5103.246291905122,5108.486301600937,0.3801193129229432,0.3801193129229432,3.0,0.0,0.5592341991082216,0.5592341991082216
3553,1,0.057944162643027985,0.05964724607826779,0.009512336497134358,1.3577810500253995,0.4201146402174792,7.111441876778258e-9,1.0351577264952166e8,8.541064886126071e7,1.1223200524143642,0.5831278472830643,2.3037067476821154,0.1231103435314462,51.26860835674595,-5103.072334776958,7.0,1.0,0.8993074922802419,-5103.072334776958,5109.622857820094,-0.21371922404068755,0.7628399452487429,3.0,0.0,0.5592341991082216,0.5592341991082216
3554,1,0.057868956405103686,0.06277962558026082,0.009295534247902165,1.3765515482886947,0.4295681460572482,7.181375742089121e-9,9.38792443742991e7,9.431370433394729e7,1.0918704639425778,0.47774927458440664,2.157567789688109,0.12527350339346577,37.82583432051841,-5096.744603273814,7.0,1.0,0.8272047179517015,-5096.744603273814,5106.599427975962,-0.5823002318902581,0.6163208699108509,3.0,0.0,0.5592341991082216,0.5592341991082216
3555,1,0.05786114380551619,0.06406364642074382,0.009424171526642447,1.376392522071816,0.4255547778548576,7.1353752662975065e-9,9.642615881197894e7,8.966532698280439e7,1.083082043745352,0.48926572016372827,2.1928363889814206,0.13202370098450678,38.6430672145363,-5096.149873445228,7.0,1.0,0.9655552749964758,-5096.149873445228,5100.63120514302,-0.4012096945525627,-0.4640166697954555,3.0,0.0,0.5592341991082216,0.5592341991082216
3556,1,0.05790679024325601,0.061875861224501755,0.009319625117432635,1.392597891146825,0.435406546758568,7.1348787276667026e-9,8.781838210700926e7,9.297179878362192e7,1.152830471563136,0.5299488341349908,2.0747942709656226,0.11607790371559881,36.85634504811019,-5099.897359983493,7.0,1.0,0.5002244238837044,-5099.897359983493,5104.698962027577,0.22921986695473606,1.1509137246694081,3.0,0.0,0.5592341991082216,0.5592341991082216
3557,1,0.05779897745480055,0.05858945512480352,0.009525963127924968,1.3190264423643558,0.42037199020212673,7.228563977689413e-9,9.885934359643543e7,9.083270658872539e7,0.9763323226476223,0.5295240085847692,2.253535642833254,0.13080100457301794,42.347802312797896,-5098.18318379874,7.0,1.0,0.9929112334276328,-5098.18318379874,5102.787504300323,-0.11135793627363455,-0.5416754651041629,3.0,0.0,0.5592341991082216,0.5592341991082216
3558,1,0.05789965851431659,0.0642157810928834,0.009344468934550862,1.3706191687585656,0.43314600758010086,7.1494549323092325e-9,8.922337753122808e7,9.0184581372646e7,1.1552012452827811,0.5411272531664424,2.041356699216567,0.11436025870225677,36.34932014515561,-5096.621492406178,7.0,1.0,1.0,-5096.621492406178,5100.054129229615,-0.20659501244335843,-0.4201835626781758,3.0,0.0,0.5592341991082216,0.5592341991082216
3559,1,0.05774710880990216,0.06099031737793807,0.009319696819112704,1.3168197494589036,0.432198763518634,7.116092219793231e-9,1.0183122346349159e8,8.545725790145484e7,1.0274131921934728,0.5274278320524215,2.3308529885430844,0.13980867998881102,41.54498730746655,-5097.909741354306,7.0,1.0,0.7658257187109994,-5097.909741354306,5100.840255230535,0.22147224723084946,0.47403423064224626,3.0,0.0,0.5592341991082216,0.5592341991082216
3560,1,0.057877557457695385,0.06635537798242307,0.009264361816632111,1.3799833407958433,0.42735855438726733,7.1557402653514725e-9,8.91722610072013e7,8.182617696307684e7,1.1641844402735473,0.5011733504212847,2.1271192255216462,0.13445004826632917,44.704941516690944,-5102.27638060897,7.0,1.0,0.6272726282194458,-5102.27638060897,5110.463144757317,0.46153161646361696,0.7026267443434335,3.0,0.0,0.5592341991082216,0.5592341991082216
3561,1,0.057879454121850936,0.054160404156583984,0.00942196188367124,1.3361710278418044,0.43241297077528407,7.155809243115445e-9,9.839500202983369e7,9.841416883554932e7,0.9601882407044798,0.6065734333840185,2.1664723655775107,0.11261701603077456,40.117014963054835,-5100.643040195857,7.0,1.0,0.8117549136023721,-5100.643040195857,5111.171949544258,-0.34321052607992897,0.8074877430290144,3.0,0.0,0.5592341991082216,0.5592341991082216
3562,1,0.05766701267589588,0.05744805589393037,0.009393762585127991,1.3367477799730618,0.42843214645704836,7.154786103454507e-9,9.033199110447568e7,8.446548152691163e7,1.0182891833210859,0.5392155425360345,2.183948267552266,0.10399459098367062,39.62555552347525,-5097.4163053521115,7.0,1.0,0.9423013547052603,-5097.4163053521115,5105.973905997772,-0.32579599153541494,-0.4394022402702831,3.0,0.0,0.5592341991082216,0.5592341991082216
3563,1,0.05766501916893461,0.05955200964253179,0.009460649982275433,1.360507749438237,0.42608639774650264,7.180051958541112e-9,1.007056858001717e8,9.574798561821058e7,1.0815963773472315,0.49739258010063503,2.0676418092354045,0.1431187622536914,38.882481448882956,-5096.054548514424,7.0,1.0,1.0,-5096.054548514424,5099.937620186014,-0.20591682727535954,-0.35568964449612395,3.0,0.0,0.5592341991082216,0.5592341991082216
3564,1,0.05814426087964147,0.060352176973979696,0.009612815449736908,1.3508137004805423,0.4231783931853683,7.167192215888124e-9,8.939528430174802e7,8.386433330817355e7,1.0806382426910404,0.5396580858198189,2.0073757958358343,0.1332489524460673,39.64413788897238,-5094.989470884571,7.0,1.0,0.9727224825957433,-5094.989470884571,5099.896093598166,-0.07779456943990226,-0.21859751705687813,3.0,0.0,0.5592341991082216,0.5592341991082216
3565,1,0.05769334382689713,0.058588039402161986,0.009586685768675114,1.3588168488848797,0.42038765624501795,7.200496511647122e-9,9.400407106017187e7,9.418710496647745e7,1.0617255394339722,0.49587248137020734,2.2650745107225947,0.12892259224295366,40.070639999130094,-5094.609951413028,7.0,1.0,0.9729770066543841,-5094.609951413028,5098.103386401623,-0.0620823917852249,0.09627775431999908,3.0,0.0,0.5592341991082216,0.5592341991082216
3566,1,0.058003717362595575,0.055115618240987464,0.009601777824605261,1.363525446506378,0.4251453422822234,7.244096391336605e-9,8.709552883256246e7,9.931201149239466e7,1.058726156058171,0.5082883418916994,2.4170433878450575,0.12041044488797761,40.24557180061342,-5098.347620331517,3.0,1.0,0.7215526036889522,-5098.347620331517,5100.306825800584,0.36551821245029714,0.36551821245029714,2.0,0.0,0.5592341991082216,0.5592341991082216
3567,1,0.05788231427033151,0.05944802452756723,0.009483246307482932,1.3681327515901747,0.42406816927202723,7.177287334758576e-9,9.816158643430594e7,1.0674573119751732e8,1.0359388335849924,0.5281332293003896,1.9642876468236814,0.11806673457943231,41.50648189517455,-5097.053398456906,7.0,1.0,0.9726728568637755,-5097.053398456906,5102.787452456965,-0.08965348912079207,-0.24936446876381524,3.0,0.0,0.5592341991082216,0.5592341991082216
3568,1,0.057794412963909705,0.06183708515305747,0.0093319546437358,1.335143315853043,0.4299820423518092,7.1409004505498035e-9,8.999175929407619e7,7.900186396989545e7,1.1188902733363109,0.5273542160032568,2.28539021850387,0.1252993743341611,37.82719976866138,-5095.537843159973,7.0,1.0,0.9088928086421227,-5095.537843159973,5101.067169691933,-0.23157935332437773,0.2813686841982417,3.0,0.0,0.5592341991082216,0.5592341991082216
3569,1,0.05806066403265552,0.05995951095884931,0.009616992822493783,1.3563708769951743,0.42797682952048727,7.165793093126133e-9,9.855153071371506e7,1.0495829953335968e8,1.0082521862142975,0.5385776973228805,1.9293080301864913,0.12222344546802809,41.42419782629182,-5097.7788031543405,7.0,1.0,0.6835695735166505,-5097.7788031543405,5101.067284545598,0.5591680539691879,0.6229758663384928,3.0,0.0,0.5592341991082216,0.5592341991082216
3570,1,0.05779786178016522,0.06205647000622035,0.0093011974669273,1.345490269753695,0.4329248142677531,7.101776213894104e-9,8.420871247482464e7,8.280828066732205e7,1.1289307177221974,0.5553036136231776,2.396108376466336,0.1188892747579015,37.107759211969686,-5097.951773086559,7.0,1.0,0.8238562973868031,-5097.951773086559,5103.631946297845,-0.2688496609480353,0.6487387310344275,3.0,0.0,0.5592341991082216,0.5592341991082216
3571,1,0.05803588905926325,0.06031304531891211,0.009628748306944782,1.3603626667126425,0.4190359390196053,7.215164851567167e-9,1.030733387090556e8,9.354655405501907e7,1.1634112931739635,0.5118366301504517,2.3257572383463243,0.14797593878216742,42.318087142816935,-5099.879966179864,7.0,1.0,0.6850191940133075,-5099.879966179864,5107.860545472188,0.15117287890825537,0.7549038669931178,3.0,0.0,0.5592341991082216,0.5592341991082216
3572,1,0.05804578930236334,0.059923563074145314,0.00942247424404358,1.3456278411023337,0.42597054967461273,7.128733132584771e-9,8.608514052689043e7,8.926499630430342e7,1.092887274786299,0.5293087787462194,1.9620030350413622,0.13060605008495288,39.71952544862263,-5094.5032899111175,7.0,1.0,0.9547237399535871,-5094.5032899111175,5104.369162191056,-0.4194548918685541,-0.4194548918685541,3.0,0.0,0.5592341991082216,0.5592341991082216
3573,1,0.05790749626664948,0.058313844194858945,0.009639424613472232,1.3570654347621574,0.42161485547058225,7.221500470379168e-9,1.0307089856383532e8,8.826325636987819e7,1.1197626059901138,0.5162451360960889,2.083358930163223,0.11312100451535631,39.114631446244466,-5094.898995540365,7.0,1.0,0.834124499057585,-5094.898995540365,5099.225370390768,-0.024640090911816515,0.3370498332060379,3.0,0.0,0.5592341991082216,0.5592341991082216
3574,1,0.057791098628588895,0.0584238535316334,0.009752149456577416,1.3510178884050141,0.42667170673306376,7.194903491747408e-9,9.386305349057263e7,9.287406715633976e7,1.0636989703880888,0.5325430530246485,1.966061415189578,0.14255947329866703,45.5657896165338,-5100.862784746947,7.0,1.0,0.21899577710291362,-5100.862784746947,5103.862649173772,1.996273384594133,3.017639375586441,3.0,0.0,0.5592341991082216,0.5592341991082216
3575,1,0.0574937872065422,0.06414180166642246,0.009282759627419136,1.3520335488343467,0.4368282997351166,7.097233842197045e-9,9.886761832849544e7,8.641520698068172e7,1.0339994099783545,0.5247371712348656,2.2850738567473448,0.11491196769121398,35.440445480663335,-5100.118393168937,7.0,1.0,0.9930088108720873,-5100.118393168937,5107.9265043693,-0.009012214510221384,-1.0677969057705923,3.0,0.0,0.5592341991082216,0.5592341991082216
3576,1,0.05802312382303201,0.062167705964775145,0.009555887174343511,1.3480698815838412,0.4277545922958434,7.231005890209938e-9,9.455519315930556e7,9.47768606054308e7,1.1632977425430477,0.5434904089464196,2.048640945388672,0.13733637704787152,44.0875764886271,-5097.353887142028,7.0,1.0,0.82013630254298,-5097.353887142028,5108.515635899274,-1.3716526007037828,-1.3716526007037828,3.0,0.0,0.5592341991082216,0.5592341991082216
3577,1,0.05777780670777028,0.06139169090129122,0.00948939660248024,1.359250986747606,0.4277975678474156,7.179752527824407e-9,9.276076047343045e7,8.4701776753058e7,0.9740379739018504,0.5139899319660219,2.1867156653809547,0.11162901488622275,37.977824747887965,-5094.671486684794,7.0,1.0,0.8516539818519939,-5094.671486684794,5100.150274982458,-0.3405676095480885,0.3508717029972104,3.0,0.0,0.5592341991082216,0.5592341991082216
3578,1,0.05761939827980977,0.0588522202605342,0.009463420227864477,1.3468827026685293,0.42978421189010735,7.1960600616266915e-9,1.0273014582283242e8,9.157429778516021e7,1.2721464401240412,0.5601113755781233,2.111813618331777,0.14229239944579763,38.41825617375041,-5099.058993091571,7.0,1.0,0.7666250869221555,-5099.058993091571,5101.519303990884,0.3667099826361664,0.48823097894455714,3.0,0.0,0.5592341991082216,0.5592341991082216
3579,1,0.057967548231867824,0.06850223248375414,0.009207577238416555,1.342778448942587,0.4288465044166847,7.0839067988122414e-9,8.644389922574608e7,8.764745683282204e7,0.9274473913511978,0.5109536094824753,2.1200007106732066,0.10804362856087751,41.337485531577045,-5101.083899384674,7.0,1.0,0.9063403318446225,-5101.083899384674,5106.715482116224,0.1484012220535078,0.22881114577467088,3.0,0.0,0.5592341991082216,0.5592341991082216
3580,1,0.05756535634954353,0.054613283803822466,0.009424861527560256,1.3439248620488138,0.4297460239337237,7.167142934351307e-9,1.0625933079372421e8,9.727048202851978e7,1.233006040496219,0.5584943312318211,2.1236414679107023,0.14480067953284795,38.518859453923746,-5103.044162013044,7.0,1.0,0.7971984102685907,-5103.044162013044,5107.529244428484,0.3427100135731962,0.6330518338236288,3.0,0.0,0.5592341991082216,0.5592341991082216
3581,1,0.0581537944699591,0.06407254427235241,0.009550362652371764,1.3654741259200351,0.42251008627481856,7.211753947349306e-9,8.337663917278671e7,8.606101830711439e7,0.9198079366206421,0.4994318296251297,2.1281299204472055,0.1044733618589359,42.64632599608933,-5103.676718371322,7.0,1.0,0.9296542603060816,-5103.676718371322,5110.531045694128,0.04580632224406145,-0.5662527634276557,3.0,0.0,0.5592341991082216,0.5592341991082216
3582,1,0.057629294454552484,0.06046862694579876,0.009375765390446166,1.3640087970004757,0.4339446123010889,7.1634412973597034e-9,9.92300651214504e7,8.950370384565659e7,1.1012830181087545,0.536737171294631,2.2168801096254973,0.14407521392891948,37.691197438207965,-5096.529806608155,7.0,1.0,1.0,-5096.529806608155,5106.595615772067,-0.600987854615596,-0.8381376721135894,3.0,0.0,0.5592341991082216,0.5592341991082216
3583,1,0.05796315277768527,0.05770595922603133,0.009522970476858059,1.349422307199158,0.4281003625276679,7.133180246976329e-9,1.028491428383549e8,9.411036302340597e7,1.1276870588367183,0.4890541248901346,2.0463187591871237,0.1295579410546343,40.58251221013725,-5095.861342498888,23.0,1.0,0.964542386803859,-5095.861342498888,5102.116441635948,-0.07735065556607879,-0.2539563453919982,4.0,0.0,0.5592341991082216,0.5592341991082216
3584,1,0.05770456535867888,0.05984214752285497,0.009699250873547994,1.364771691180888,0.41999583321043266,7.277377742865692e-9,9.262144702088305e7,8.292998376294747e7,1.1462966913494725,0.5590220731056688,2.0626248049895755,0.12226791451152164,38.19890177256563,-5096.155265327268,7.0,1.0,0.898005578309966,-5096.155265327268,5100.376306223868,-0.200213962178168,0.41697053130428685,3.0,0.0,0.5592341991082216,0.5592341991082216
3585,1,0.057872417793760095,0.056236847166012245,0.009647523937554421,1.3730612306911885,0.4212058593475806,7.2044273579312055e-9,9.705544385436973e7,9.914773119754802e7,0.9653607978882066,0.514816249889567,2.051037702862618,0.12135932803478035,38.44087570296081,-5096.471560048679,7.0,1.0,0.7788689122843243,-5096.471560048679,5101.906990094044,0.018433935686516634,0.5169895880289914,3.0,0.0,0.5592341991082216,0.5592341991082216
3586,1,0.05818659295194853,0.06747045894529619,0.009168696857432924,1.3327247290101463,0.44062487381972626,7.1898938347386e-9,9.456219617978746e7,8.042278759943053e7,1.1567606995620079,0.5454207299641363,2.2011494844549384,0.12423071952300078,41.3546609436867,-5101.8249219073805,7.0,1.0,0.51576961292797,-5101.8249219073805,5105.218774219322,0.9906367898720418,0.9906367898720418,3.0,0.0,0.5592341991082216,0.5592341991082216
3587,1,0.057688263575515715,0.06260477045535022,0.009305901971039015,1.3542473437181284,0.42868451370889704,7.0228035809612956e-9,9.590122784424728e7,9.374752503423564e7,1.0443114952592014,0.5018585549953326,1.9203619877533296,0.12572582769198024,43.42223010922335,-5099.847934091543,7.0,1.0,1.0,-5099.847934091543,5105.195924030011,-0.12386836288351333,-0.7805953890674573,3.0,0.0,0.5592341991082216,0.5592341991082216
3588,1,0.05817290828288701,0.06004259586529207,0.00967130952885108,1.3348949006343915,0.4315271352144675,7.243731955998522e-9,9.781111093787186e7,8.584952811285171e7,1.1186683910189696,0.5529213984443839,2.5364476061985775,0.11617109094554501,40.528373310448515,-5101.921219947863,7.0,1.0,0.9163313308391298,-5101.921219947863,5106.063374699001,0.4389114544419499,-0.5988936715548334,3.0,0.0,0.5592341991082216,0.5592341991082216
3589,1,0.05800246852141641,0.06715027667621892,0.00920527150815469,1.344651605835752,0.44146917177902567,7.219747122555104e-9,9.036023794463105e7,1.0701859676936321e8,1.0611703742858438,0.58644145146178,1.8316473571944807,0.1330379169195624,42.274090044483074,-5104.8602638567545,7.0,1.0,1.0,-5104.8602638567545,5109.078686758707,-0.013022693828133924,-0.7924181377475179,3.0,0.0,0.5592341991082216,0.5592341991082216
3590,1,0.05779227244096138,0.05524941017041638,0.009557975880365648,1.3493130115836314,0.4284376513258907,7.1702599808086314e-9,9.590431392433459e7,7.871567601757476e7,1.0561169212587718,0.49445547325776107,2.470167130842557,0.12061432924721238,37.04599674143017,-5100.194825545972,7.0,1.0,1.0,-5100.194825545972,5109.922577744922,-0.4644634939486423,-0.5517744669059539,3.0,0.0,0.5592341991082216,0.5592341991082216
3591,1,0.058149405843814186,0.05808873591283296,0.009510004781318322,1.3473901154832473,0.4271609686483662,7.1930249399151736e-9,8.71956359761393e7,8.02864494525748e7,1.0907114509298887,0.5028181436220873,2.4037898871674837,0.1196983074687265,36.90231830231549,-5098.081208122935,7.0,1.0,0.9589541257812277,-5098.081208122935,5106.35053851047,-0.2862930019118721,-0.2862930019118721,3.0,0.0,0.5592341991082216,0.5592341991082216
3592,1,0.057607920263701345,0.05792727146516694,0.009574398645686946,1.3459509939792962,0.42452901493979384,7.231759575461677e-9,8.744160840765987e7,9.438894745173144e7,1.1278638294808538,0.5187619434805836,2.086706542567153,0.12449854580182645,43.68218525485713,-5096.029391884257,7.0,1.0,0.8571428577366953,-5096.029391884257,5101.578258074365,-0.30558265164654586,19.298504240097827,3.0,0.0,0.5592341991082216,0.5592341991082216
3593,1,0.05773260123830103,0.060380975447551236,0.009526470494528157,1.3680513031748758,0.42476017174216557,7.262104551742648e-9,1.0108832658188349e8,7.95303633593826e7,0.9849354360482088,0.5472463116483801,2.0854418938363994,0.13567738079229577,39.10714626126757,-5097.391673837519,7.0,1.0,0.9695602476520188,-5097.391673837519,5100.1444675477305,0.1286529175895339,-0.1405006392933501,3.0,0.0,0.5592341991082216,0.5592341991082216
3594,1,0.05803288540332332,0.05924225312112396,0.009618583210108191,1.3509775563982824,0.4197476023959507,7.184012976318115e-9,9.709543150382923e7,9.687892521934071e7,1.0920385370866181,0.5588802298751738,2.44869965534941,0.1248276464078044,41.59510318979823,-5096.7937226815175,7.0,1.0,0.9446791414973819,-5096.7937226815175,5101.997708771865,-0.10361210348310124,0.14747952162815636,3.0,0.0,0.5592341991082216,0.5592341991082216
3595,1,0.05803727838959405,0.061602039297276596,0.00957467077989051,1.3708303014098517,0.42460160190173174,7.197974936631266e-9,9.541944666137728e7,8.904551894381995e7,1.0629711619531927,0.5565911502527746,2.362329159768689,0.11788754990693073,41.93957312040248,-5095.662074572304,7.0,1.0,0.9921708832138424,-5095.662074572304,5098.937744997096,-0.042290078742553305,-0.1813686068098832,3.0,0.0,0.5592341991082216,0.5592341991082216
3596,1,0.058127409552929186,0.057954635196599394,0.00967529604104624,1.3704229299227728,0.42396022330010963,7.205058946680229e-9,9.18562681920276e7,8.706149952578373e7,1.1079586235093637,0.5559052039344392,1.9703060930114258,0.13158921811485733,39.7796718086783,-5095.493411183436,7.0,1.0,0.905595866983583,-5095.493411183436,5100.8021249769,-0.09181861448087147,0.252897155743085,3.0,0.0,0.5592341991082216,0.5592341991082216
3597,1,0.057531082940833665,0.063182317222876,0.009222697642250723,1.3382890535585268,0.4304627801554418,7.173098380930765e-9,9.42864404742013e7,9.099597697258921e7,1.087651535439869,0.49709794018666503,2.0679335894578252,0.1268801475129761,36.99068488881097,-5094.906134786084,7.0,1.0,0.8377445450250035,-5094.906134786084,5100.8679096010455,-0.015151536627854512,0.3299612634391451,3.0,0.0,0.5592341991082216,0.5592341991082216
3598,1,0.0583790293269168,0.06060658558158235,0.009394414711636073,1.3450735760186734,0.4305246366183069,7.091687543255929e-9,9.282960993816397e7,8.924458396365345e7,1.1412994522345166,0.5634151758985584,2.1472506327651195,0.1204815657190269,44.249663003014355,-5096.990775646504,7.0,1.0,0.6771268254480712,-5096.990775646504,5104.543826726185,0.22194743080672197,0.6829201238651876,3.0,0.0,0.5592341991082216,0.5592341991082216
3599,1,0.05789461748897754,0.06191487579207288,0.009465584628298447,1.3672949329314625,0.41879994153009753,7.158639133462557e-9,9.701709815844084e7,9.296099401617523e7,0.971708866519309,0.4768091135253989,2.1450490908824524,0.13730152078599794,38.176267179545945,-5097.617493096835,7.0,1.0,0.7962305380718604,-5097.617493096835,5105.30842525332,0.0832783599898903,0.49689479887001653,3.0,0.0,0.5592341991082216,0.5592341991082216
3600,1,0.05777541173705218,0.06242477165043829,0.00951333766931594,1.3571630623737716,0.41826797108794744,7.13249310221484e-9,9.899296010851495e7,9.337949019715908e7,0.9375331319828816,0.525859386417426,2.074712121097206,0.14447412032432688,39.8896945997191,-5098.746993091395,7.0,1.0,0.895342635900151,-5098.746993091395,5104.057002583232,0.08076133943814057,0.2469264443279826,3.0,0.0,0.5592341991082216,0.5592341991082216
3601,1,0.05775192646124942,0.05834426798834438,0.009482579029096092,1.3477460293301897,0.4376919721653793,7.216981310655225e-9,8.855079477928528e7,8.431542552862833e7,1.189855042182707,0.5810156449932409,2.129077376885581,0.11260927753158353,36.60731790197798,-5099.8194198322135,7.0,1.0,0.90843805345322,-5099.8194198322135,5103.181513225151,0.24367837607314868,0.42596839199450187,3.0,0.0,0.5592341991082216,0.5592341991082216
3602,1,0.057998458750995685,0.06142670202560527,0.009339869546562959,1.3395092743545247,0.4251695441435802,7.116999102435087e-9,8.565725157897896e7,8.698367356561697e7,1.0029656084937761,0.6036298059236426,2.2100349247130606,0.11278572599433323,41.945394096508146,-5097.680898014322,7.0,1.0,0.994026948942776,-5097.680898014322,5105.555838791368,-0.5074473390050116,-0.5824166530373986,3.0,0.0,0.5592341991082216,0.5592341991082216
3603,1,0.0578839404249174,0.06189637489142887,0.009258981242384987,1.3514290005045257,0.4372472750356155,7.169635937942529e-9,1.0195286217502417e8,9.358448880044195e7,1.1126083899811738,0.5158013722860724,2.0164034499193506,0.13038116923802204,37.31354911120021,-5095.129779743413,7.0,1.0,0.8515245529173665,-5095.129779743413,5099.458044461326,-0.3391014202079532,0.46135806683469127,3.0,0.0,0.5592341991082216,0.5592341991082216
3604,1,0.05807824384584385,0.05884329830743697,0.00960260108203697,1.3523001848607965,0.4267280508726476,7.242511689603396e-9,8.957173911765039e7,8.3588355991002e7,0.999484943000868,0.5408031888118209,2.2212454584003125,0.11591598984984257,45.18857798399593,-5097.268474874125,7.0,1.0,0.7184789343248509,-5097.268474874125,5100.578846447999,0.31165065779714496,0.6247936102454332,3.0,0.0,0.5592341991082216,0.5592341991082216
3605,1,0.057759807402737846,0.05735173490329012,0.009678311002340373,1.3584481594963207,0.42081094779028155,7.1825559713649656e-9,9.447519670712417e7,8.813755318668923e7,1.075193676149937,0.5152763994313156,2.0906724369712912,0.12270660710906428,35.72860097609524,-5095.337795023741,7.0,1.0,0.9812749827595076,-5095.337795023741,5099.153283303431,-0.08516774303916463,-0.44589086259202304,3.0,0.0,0.5592341991082216,0.5592341991082216
3606,1,0.0578873168723166,0.06012454732958209,0.009471365431769161,1.3480708950063744,0.4301623843022726,7.124813774005176e-9,9.012888434941916e7,9.249607087089963e7,1.0467891805797978,0.5406004943167236,2.12957121400945,0.12838858018409247,45.571771409056616,-5095.436462991086,7.0,1.0,0.8689794786490044,-5095.436462991086,5102.639853483793,0.021095670713293657,0.44647485655696073,3.0,0.0,0.5592341991082216,0.5592341991082216
3607,1,0.05771120474065045,0.06556159844230251,0.00923478538206966,1.3415846736635846,0.4395171950752348,7.191703872082566e-9,1.0220025503987783e8,8.604289036721821e7,1.0484999429404698,0.5205318431448654,2.1098399014461537,0.11609408039477044,34.42264169310287,-5098.043650348475,7.0,1.0,0.9587322910659591,-5098.043650348475,5101.184186772445,0.07460609232748538,0.1944221004132487,3.0,0.0,0.5592341991082216,0.5592341991082216
3608,1,0.05778758024139307,0.06127543124471039,0.009290280578611865,1.325721841017495,0.43234969115651606,7.046898193872385e-9,9.543114992240283e7,9.04613147203353e7,1.019514298513676,0.5585262397047678,2.4506313773928574,0.12335305291152081,44.709847414606024,-5099.376000705873,7.0,1.0,0.5926269250481615,-5099.376000705873,5103.786687104394,0.49728990174662613,1.0039543051461806,3.0,0.0,0.5592341991082216,0.5592341991082216
3609,1,0.0576488524546233,0.06004720491891719,0.009468416760637144,1.3639385641259136,0.42669361341735723,7.199671129880792e-9,9.254015917517199e7,8.789206000324258e7,1.087797884125614,0.5448366259508113,1.8440867921799193,0.12127949335339207,34.8303888088352,-5096.626957844197,7.0,1.0,1.0,-5096.626957844197,5102.0380184456035,-0.5815023984596337,-0.5815023984596337,3.0,0.0,0.5592341991082216,0.5592341991082216
3610,1,0.05791147774692739,0.06355719318238834,0.00911588279382368,1.3287973238262811,0.4399063653888237,7.080241929002626e-9,1.0305684794439834e8,8.536000063459152e7,1.1293413931738707,0.506818056215071,2.433422379375155,0.1233126158596542,44.84736303520732,-5099.549144262021,7.0,1.0,0.4309953377830321,-5099.549144262021,5108.081833966578,0.3932952868708526,1.418773140245321,3.0,0.0,0.5592341991082216,0.5592341991082216
3611,1,0.05797070457495342,0.063886309405778,0.009247779555905427,1.3179215892763774,0.4239396047766369,7.123891762605089e-9,8.240272440976338e7,9.1740230653885e7,0.8957265197079285,0.5202915048970628,2.2385642576380036,0.11113581788454976,37.975955080877924,-5103.543939130628,7.0,1.0,0.6636149040694812,-5103.543939130628,5109.057323214877,1.0884551429526255,1.0884551429526255,3.0,0.0,0.5592341991082216,0.5592341991082216
3612,1,0.05794609066137122,0.06650808640216187,0.009280164439012022,1.326678588506977,0.42764234348663377,7.127673836459489e-9,8.357772063406393e7,8.998551991732283e7,0.9998814260686651,0.4979676272614052,2.2533939330459,0.11414653374142034,35.214664661060596,-5099.576076870125,7.0,1.0,1.0,-5099.576076870125,5109.299981190236,-1.0985872333876614,-1.0985872333876614,3.0,0.0,0.5592341991082216,0.5592341991082216
3613,1,0.05782134761468005,0.058951859737223444,0.009327476130209383,1.3621588079028166,0.4373250321990863,7.197396751902015e-9,1.0779742122886287e8,9.191118027110201e7,1.1080189020611844,0.5640140897249788,1.9701872965876734,0.13097936873121835,44.47655198766005,-5098.742950951973,7.0,1.0,1.0,-5098.742950951973,5101.351378249242,-0.12086227561030682,-0.5655092386787146,3.0,0.0,0.5592341991082216,0.5592341991082216
3614,1,0.0577523112323415,0.06459805788057929,0.009371903135826549,1.3283055662213779,0.4212894630437237,7.112490230692137e-9,8.286752345452791e7,8.703768878248334e7,1.0332085061711096,0.4972300699509012,2.212475692415247,0.1151860290854361,35.082448785259714,-5100.621580505137,7.0,1.0,0.91889512494764,-5100.621580505137,5105.956167501811,0.27509398010352015,0.27509398010352015,3.0,0.0,0.5592341991082216,0.5592341991082216
3615,1,0.057761170058241246,0.060006971883043686,0.009352430920174331,1.3685584893546985,0.4331491356922039,7.1624329956281335e-9,1.0662347038419256e8,9.343526627871937e7,1.0680076609114597,0.5570152549197248,2.030095415426782,0.13438859485664506,50.11074748829708,-5101.295872457391,7.0,1.0,0.8717661179366646,-5101.295872457391,5106.865993116405,0.14008742905662075,0.6171867244511304,3.0,0.0,0.5592341991082216,0.5592341991082216
3616,1,0.05795611950453448,0.061096587929555884,0.009390695417235497,1.318879874887272,0.42870398197442594,7.156725385297204e-9,1.0133846289606372e8,8.689294057656692e7,1.037830692937973,0.5296934224748118,2.095005485774598,0.11236512853910728,32.500712331790325,-5099.686906525409,7.0,1.0,1.0,-5099.686906525409,5106.983950377121,-0.1241582063421447,-0.29352286382254533,3.0,0.0,0.5592341991082216,0.5592341991082216
3617,1,0.05784962747749161,0.060770614495847364,0.00955187878424928,1.371636590456254,0.4216465843882887,7.157213027130641e-9,9.140483029855634e7,9.267391361951576e7,1.1605637512682407,0.5494578454292858,2.277104438961638,0.1311116859538778,44.93296888988101,-5097.165545397252,7.0,1.0,0.91895144818694,-5097.165545397252,5103.997949546011,-0.13672680409672466,-0.2815483914937431,3.0,0.0,0.5592341991082216,0.5592341991082216
3618,1,0.058274917587594836,0.05962810592477468,0.009449721973810644,1.3195756728257841,0.4324497602274607,7.118510694931061e-9,9.316746821833766e7,8.543296392275403e7,1.0017546853342636,0.5176365396285476,2.169317588945301,0.12534022302917056,37.20360834290525,-5096.82916148207,7.0,1.0,0.9820609345525965,-5096.82916148207,5101.819213028119,-0.026182106327723886,-0.12749780976992042,3.0,0.0,0.5592341991082216,0.5592341991082216
3619,1,0.057488310216305995,0.0609378820323278,0.009474685772656564,1.3458530491282001,0.4230834689769613,7.251247606674022e-9,9.524932974860747e7,8.801375929477353e7,1.022213156052896,0.5836888016804055,2.196538893728155,0.12992653326398407,38.777336818542075,-5095.857390487147,7.0,1.0,0.7695716287612212,-5095.857390487147,5104.16239606216,0.022618953455094015,0.5218668635834547,3.0,0.0,0.5592341991082216,0.5592341991082216
3620,1,0.057912562235416847,0.05841715322682254,0.009513840098374533,1.363001280631924,0.4281256520278112,7.188417857209638e-9,9.484085944024687e7,8.58823869842912e7,1.0686376255561518,0.48235569697167396,2.0891290721934737,0.11872654279224748,40.94900711397066,-5093.871169217146,7.0,1.0,0.9865967782949535,-5093.871169217146,5097.63991413081,-0.1680565069827935,-0.1680565069827935,3.0,0.0,0.5592341991082216,0.5592341991082216
3621,1,0.05787821458691229,0.06097891154410149,0.009609814203017264,1.3456629239448947,0.4200764502860827,7.164080372253805e-9,9.195984455747513e7,9.437503417721923e7,1.1665763854120907,0.5786726550524209,2.1244526876043217,0.13564272126132212,38.550978059195955,-5096.5253999086735,7.0,1.0,0.5595949992229536,-5096.5253999086735,5102.397387006253,0.4545415996972224,0.7665371956172748,3.0,0.0,0.5592341991082216,0.5592341991082216
3622,1,0.05817521491378816,0.06063649965617158,0.009460483669327287,1.339861615737072,0.4299819544648207,7.1944370015479975e-9,9.323694745721845e7,9.177109399703544e7,1.0495681095734157,0.5495132621301886,2.100279280124741,0.14004393311971938,41.823205922550905,-5095.669680222626,7.0,1.0,0.9836221817656918,-5095.669680222626,5099.851864833427,-0.041459339073298906,-0.3716689852799391,3.0,0.0,0.5592341991082216,0.5592341991082216
3623,1,0.05760095254406321,0.05957203469053457,0.009399215258016968,1.3641595913140245,0.4266848146931541,7.153897498665861e-9,9.539967135712597e7,8.786430442700943e7,1.2221262207494508,0.544218472045041,1.977309797325977,0.11552580051979544,37.21878516771412,-5096.5918650438325,7.0,1.0,0.8570537228438989,-5096.5918650438325,5100.462688365092,-0.13022589791216888,0.4771916700519796,3.0,0.0,0.5592341991082216,0.5592341991082216
3624,1,0.05785343178869686,0.05943664387022662,0.009625927626780353,1.3494060921673758,0.4251532371690933,7.201450306073093e-9,9.250198976518182e7,9.116816274191952e7,0.9300620436055415,0.5287610977460109,2.215062773663364,0.13077852785253363,43.71956028753941,-5096.856693346707,7.0,1.0,0.6740937341733491,-5096.856693346707,5104.693008143907,0.26426398518469796,1.0079785866910242,3.0,0.0,0.5592341991082216,0.5592341991082216
3625,1,0.05747540883128787,0.060626062312815684,0.009456775304813824,1.3629997657993767,0.43156411626201674,7.180630433246626e-9,9.212158429076181e7,8.588221777620314e7,1.1530774374479411,0.5314691044891546,2.0290799061833567,0.11685335451488425,34.43915595703051,-5098.100547597054,7.0,1.0,0.6565103589681426,-5098.100547597054,5103.803296336442,-0.33867152045877447,1.062572710200584,3.0,0.0,0.5592341991082216,0.5592341991082216
3626,1,0.05798098695227005,0.059656928301715095,0.009799472063578452,1.3576668733799917,0.42421533065276074,7.232758569655296e-9,9.899646499767861e7,9.286594739128257e7,0.9868554589144152,0.5252657421358125,2.2214791531797675,0.12956482696717245,46.07216479308439,-5099.929486239212,7.0,1.0,0.8735024256276723,-5099.929486239212,5102.838269805616,0.4578221871970527,0.4770630316470488,3.0,0.0,0.5592341991082216,0.5592341991082216
3627,1,0.05785141955802694,0.05982125453055461,0.009605790506190304,1.3640227955078876,0.4305787439773105,7.2032015287697724e-9,9.515433682122755e7,9.619934492348346e7,0.9756579142540392,0.5137888942263723,2.170943876001194,0.13557498074824925,43.4310284256792,-5097.224623003699,7.0,1.0,0.921224033723448,-5097.224623003699,5106.223650308217,-0.46126806357460737,-1.1682362231367733,3.0,0.0,0.5592341991082216,0.5592341991082216
3628,1,0.05739845186587932,0.0611690664447994,0.009595754766514926,1.3514084255950007,0.4234172640698684,7.203220306827316e-9,9.510352902254844e7,8.985184648759359e7,0.9526584523578432,0.49501805918332786,1.9561086968453643,0.10774996190025399,37.56360383068279,-5100.816795764854,7.0,1.0,0.7884301528952379,-5100.816795764854,5106.23318841129,-0.042020010811938846,0.8705852688581217,3.0,0.0,0.5592341991082216,0.5592341991082216
3629,1,0.05798198238192499,0.05394199977165932,0.009757277230812277,1.3416387802673224,0.42019127178478644,7.2367052770004524e-9,9.659184138501188e7,9.980963735565327e7,1.1351625506437164,0.5136088370163295,2.1545858544940186,0.12520463313450703,37.74902979350413,-5098.149937533095,7.0,1.0,1.0,-5098.149937533095,5106.88880060602,-1.011630281213911,-1.2310624084257142,3.0,0.0,0.5592341991082216,0.5592341991082216
3630,1,0.05794176075637621,0.06100949381956095,0.009565592856832186,1.3893041806668924,0.4248144744454723,7.180462821506992e-9,9.134647996394557e7,9.42132875739681e7,1.0605755020031122,0.5395395450184173,2.358282750553731,0.14848039836765875,42.87727527635507,-5099.9963103486125,7.0,1.0,0.8734694883286499,-5099.9963103486125,5106.144339425828,0.17230773864412186,0.28453702431670536,3.0,0.0,0.5592341991082216,0.5592341991082216
3631,1,0.05774791170274575,0.06059910506919587,0.009571009538837327,1.3407901216558418,0.4204665987754375,7.220989057109377e-9,9.824140744339411e7,8.899200240194722e7,1.0982704840000939,0.5051347938038983,1.9264542624044694,0.10605363428385717,37.65435243453274,-5097.757470528281,7.0,1.0,0.9419742679494895,-5097.757470528281,5104.533355788492,-0.17109345306562318,-0.3079288774570159,3.0,0.0,0.5592341991082216,0.5592341991082216
3632,1,0.05792299931239993,0.05719849303897696,0.009601745823631772,1.3312714346333376,0.42625328520599093,7.201049264487933e-9,9.433109185243924e7,9.05428318516578e7,1.0840749768360796,0.5149085212538659,1.9006837471284912,0.10752019201793454,38.817948287931706,-5097.786491516312,7.0,1.0,0.9152727153700254,-5097.786491516312,5103.277734486073,0.09223153785842442,0.1920590198251375,3.0,0.0,0.5592341991082216,0.5592341991082216
3633,1,0.05747674747741907,0.06787360062212867,0.009288911436608233,1.392360636422619,0.4320827246288288,7.143340139275347e-9,1.0379855527108076e8,9.257204580197634e7,1.019934650194906,0.5354896720067234,2.3132864473591397,0.12585224367103817,39.473557584198595,-5101.768375704541,7.0,1.0,0.6072027011993952,-5101.768375704541,5107.7484464077925,0.5535514456087185,0.848313415784105,3.0,0.0,0.5592341991082216,0.5592341991082216
3634,1,0.05767537475091082,0.06036034674091034,0.009287294062514138,1.3165036220256727,0.4396091063942061,7.189509951223116e-9,9.329810690055875e7,8.974987992765799e7,1.0337059912766497,0.5353602971467206,1.906292855123721,0.11184731159416662,39.96084341757564,-5098.864228883645,7.0,1.0,0.9887289128009272,-5098.864228883645,5107.253433133717,-0.12924265300534898,-0.651133097831007,3.0,0.0,0.5592341991082216,0.5592341991082216
3635,1,0.057736818607421005,0.05987318420254532,0.009093511040272062,1.3252964436374464,0.43662352657758136,7.126769595084337e-9,9.367272131632783e7,9.709639296462967e7,1.0220235875271513,0.54015762151788,2.0797689370854706,0.12556233775044442,45.30629972472408,-5098.306695097221,7.0,1.0,1.0,-5098.306695097221,5103.513157744869,-0.180400474833732,-0.57492878721132,3.0,0.0,0.5592341991082216,0.5592341991082216
3636,1,0.057439422998498885,0.056975996651372644,0.009540074928115046,1.3435949780892755,0.4247129660238618,7.216268081317687e-9,8.940686647749384e7,9.07590657405708e7,1.1533886165063256,0.567945599972114,2.152219960320815,0.12275884198607882,36.73259956276376,-5097.150297936365,7.0,1.0,0.9580256661660738,-5097.150297936365,5103.658615986111,-0.2132644045741472,-0.38064558533369564,3.0,0.0,0.5592341991082216,0.5592341991082216
3637,1,0.057705635720275684,0.06373832400151008,0.009375586823401054,1.3605001520213467,0.4278999076453673,7.176669359007618e-9,9.182224917921412e7,9.724383732358135e7,1.0702183988944844,0.5141022349693858,2.0927760061927256,0.1303711613052449,42.76167943714225,-5094.912651577174,7.0,1.0,0.9718762221619986,-5094.912651577174,5100.588390853636,-0.264359216160301,-0.264359216160301,3.0,0.0,0.5592341991082216,0.5592341991082216
3638,1,0.05747261949553171,0.06400938063983766,0.009210808692802504,1.3429804002259949,0.43578583594046794,7.228692171323845e-9,8.282812237932283e7,9.790422646718165e7,1.110727718689899,0.5420235871808904,2.1239468272478392,0.13042941015383958,44.783763284090305,-5100.4814853309235,7.0,1.0,0.7287293194633058,-5100.4814853309235,5102.3611387887295,0.4710707374597405,0.5730799561906679,2.0,0.0,0.5592341991082216,0.5592341991082216
3639,1,0.05818399653070439,0.061982669593732144,0.00943315925361863,1.3323519290432504,0.4241511151227082,7.05515396522755e-9,9.816467143977815e7,8.566343894915149e7,1.0638593818794577,0.5655203526730196,2.109660806243864,0.11500947727903171,40.41363111026432,-5097.133033929326,7.0,1.0,0.9941384891516959,-5097.133033929326,5104.030496061787,-0.28297631782152166,-0.4470415331725235,3.0,0.0,0.5592341991082216,0.5592341991082216
3640,1,0.05759693617658707,0.058031132410865355,0.009350121316490864,1.383059775652755,0.4284457904171219,7.204047783910104e-9,9.430528410578458e7,8.791012526216173e7,1.0445648564580023,0.5256596000845392,2.1067255749791864,0.1272242125389698,41.254745124412,-5096.412617380462,7.0,1.0,0.9092068803959751,-5096.412617380462,5099.908598122935,0.17602361259469035,-0.2972734615668742,3.0,0.0,0.5592341991082216,0.5592341991082216
3641,1,0.05801586685531548,0.061304679989027035,0.009434258634583026,1.3235464115422222,0.42468358231833575,7.143682330131703e-9,9.556108638356526e7,9.142751722656249e7,1.0875953542797785,0.532719245912862,2.106320756501741,0.13577782994866078,37.73087508997957,-5095.107432251212,7.0,1.0,0.8891485333556,-5095.107432251212,5103.925559671927,-0.45263325026189705,-0.45263325026189705,3.0,0.0,0.5592341991082216,0.5592341991082216
3642,1,0.058057420167198566,0.06175644474192433,0.009385230954238072,1.3388869087082467,0.432815774169709,7.1476239861781e-9,8.45407076814151e7,7.715043213520968e7,1.1133618658561968,0.5487027022933634,2.3555391915056205,0.12025388588963185,40.55027848754165,-5098.282946765357,7.0,1.0,0.8012260932019017,-5098.282946765357,5102.80894192745,0.26440461409401905,0.4202504560853413,3.0,0.0,0.5592341991082216,0.5592341991082216
3643,1,0.05806263778886591,0.06285960377756716,0.00941557474502503,1.3399550124655553,0.42424783220613915,7.149703101158854e-9,1.0567573186905919e8,1.0077421000720754e8,1.0655126587862185,0.5234313181213016,1.9507326686424857,0.1169727304892445,36.46877791682887,-5097.59957081796,7.0,1.0,0.8262546390077476,-5097.59957081796,5103.671129014371,0.09845037652576138,0.3827980941587157,3.0,0.0,0.5592341991082216,0.5592341991082216
3644,1,0.05770879935709697,0.056073940427179315,0.009375458947945978,1.35291291024763,0.4351079407154142,7.131403108576284e-9,9.894555177486336e7,8.369912109604992e7,1.1846991595084488,0.5083183679689063,2.3078111955444034,0.13204231304555553,41.501183215458575,-5099.560680877717,7.0,1.0,0.8123414280310397,-5099.560680877717,5105.927065777294,0.27879672053586546,0.34209480664412695,3.0,0.0,0.5592341991082216,0.5592341991082216
3645,1,0.05780956266447784,0.06269411940957163,0.009457713322020476,1.3604918106921913,0.4168456093280275,7.171089384950486e-9,8.996786463386297e7,9.786200078296305e7,0.9538484827975034,0.5459684941745684,1.953494355232674,0.11359877328393643,39.66207846336897,-5099.2275691046125,7.0,1.0,0.9881690728313866,-5099.2275691046125,5107.330156046199,0.039945269655618176,-0.6554225934169153,3.0,0.0,0.5592341991082216,0.5592341991082216
3646,1,0.05779692938268054,0.0630232686346083,0.009243128012766024,1.3447883669936178,0.43041846424818275,7.126480681712379e-9,9.507873650075623e7,8.482625067175074e7,1.1290808380711768,0.47300751802199165,2.281628577336623,0.14074169459826627,40.40823556189928,-5097.279130264664,7.0,1.0,0.7710070390293592,-5097.279130264664,5103.2682042090855,-0.6010644812213286,0.852900544969998,3.0,0.0,0.5592341991082216,0.5592341991082216
3647,1,0.05776208972606473,0.059715296266787905,0.009387235113518022,1.3492689562893885,0.42951939837233566,7.165712419790841e-9,9.388257990460104e7,9.524596773984756e7,0.9987380658798202,0.5964079038414188,1.9840672538967064,0.11077204240395633,39.067371857481895,-5095.518061536818,7.0,1.0,0.9435760928078396,-5095.518061536818,5098.9645371577335,-0.2088187873350762,0.3040865417024179,3.0,0.0,0.5592341991082216,0.5592341991082216
3648,1,0.05780962795957875,0.05789497978249419,0.009568006037151279,1.3557141654369198,0.42406633429150276,7.176474884820687e-9,8.596144975176898e7,8.121404173147306e7,1.1645970271944857,0.507139167900912,2.4535995819868988,0.11433742340681417,37.2594458604332,-5098.586121215878,7.0,1.0,0.658830703400059,-5098.586121215878,5105.080117386969,0.1613879935002842,0.7079607069754275,3.0,0.0,0.5592341991082216,0.5592341991082216
3649,1,0.05780962795957875,0.05789497978249419,0.009568006037151279,1.3557141654369198,0.42406633429150276,7.176474884820687e-9,8.596144975176898e7,8.121404173147306e7,1.1645970271944857,0.507139167900912,2.4535995819868988,0.11433742340681417,37.2594458604332,-5098.586121215878,7.0,1.0,0.3188219368657158,-5098.586121215878,5105.660895262139,0.0,3.351129324698377,3.0,0.0,0.5592341991082216,0.5592341991082216
3650,1,0.05770055810908791,0.05894837563320367,0.009786430508485568,1.3789380118261079,0.41797828752142185,7.337690304671792e-9,1.0188397826473315e8,9.494196960252579e7,1.0136216494882317,0.5161057653306207,1.8491963178297985,0.11924344556963888,42.49680832455795,-5101.4582520537315,7.0,1.0,0.7618748649951806,-5101.4582520537315,5108.375017818831,0.24607353846658953,0.49956141685834154,3.0,0.0,0.5592341991082216,0.5592341991082216
3651,1,0.057756053685614483,0.05592751213027815,0.009772176711561786,1.3904331136258126,0.4164656729400596,7.3141502157708346e-9,9.601872921733461e7,8.29124762067476e7,1.0251225604484198,0.4835316226230885,1.9413227179355053,0.12370736441007163,43.027867391744884,-5100.967929086164,7.0,1.0,0.7882543985520429,-5100.967929086164,5111.951159111692,-0.17524819076243148,0.635787641836032,3.0,0.0,0.5592341991082216,0.5592341991082216
3652,1,0.057704417821082196,0.06339755147295187,0.00927904241013917,1.3451193192726791,0.43211372523450425,7.148848367277618e-9,9.397040965749823e7,9.925955055258445e7,1.080504428607513,0.5695005520784101,2.0910759973657234,0.11497922778171854,38.992356981577544,-5094.560774624011,7.0,1.0,0.4759643731401881,-5094.560774624011,5109.459705502842,-0.5599071484994056,1.8254202813041047,3.0,0.0,0.5592341991082216,0.5592341991082216
3653,1,0.057673344169300395,0.0573140770231496,0.009351505190183178,1.3594339498288133,0.43315319323220636,7.203398435306937e-9,9.711374486989675e7,1.0321020471980001e8,1.1649265345185988,0.5575356314493243,2.233443894654281,0.11334418105564215,42.18321292372338,-5098.333287495424,7.0,1.0,0.678475108264122,-5098.333287495424,5101.070186006886,0.3274486346545018,9.749868650025746,3.0,0.0,0.5592341991082216,0.5592341991082216
3654,1,0.057954633828681816,0.06083527282005835,0.009439800580649024,1.3396685550079783,0.42094581582277246,7.156732660691666e-9,9.159887694231164e7,7.824820111536042e7,1.0158083939780784,0.5272186817567005,2.007136532557773,0.1374906537575356,37.64493891492108,-5097.277342500613,7.0,1.0,0.7999727005672348,-5097.277342500613,5103.208905113938,-0.11207093188932049,0.4996918818897029,3.0,0.0,0.5592341991082216,0.5592341991082216
3655,1,0.05789548536095364,0.059924821754179174,0.009431776520494085,1.3617915411889554,0.4330699713744433,7.190751070785421e-9,9.833104948232509e7,1.0417360183009413e8,1.1170380911689208,0.5313330337428315,2.1248395415268306,0.11741972271624963,41.60231673863669,-5095.97581495875,7.0,1.0,0.8787733489933733,-5095.97581495875,5102.3574895840175,-0.07327715861629258,0.3503078544672462,3.0,0.0,0.5592341991082216,0.5592341991082216
3656,1,0.05769300929130815,0.061213158723154124,0.009388794602433359,1.3398363794928918,0.4254098439398831,7.169759439252092e-9,8.837050562152593e7,9.46841703381062e7,1.0205420652866921,0.5369120334161767,2.022385779820082,0.13117215691780956,37.205896075045494,-5094.659901182426,7.0,1.0,0.9242475092991099,-5094.659901182426,5099.6422525830585,-0.12315834785113111,0.26943028565438,3.0,0.0,0.5592341991082216,0.5592341991082216
3657,1,0.05766020458011,0.06008610734938551,0.009547088726017536,1.3450009939746153,0.41756378541425543,7.187575351562027e-9,9.79778423466812e7,8.857131895202155e7,1.147441430085097,0.5579623754149634,2.0192787297958903,0.12837188994268106,37.21421623197815,-5095.925803043154,7.0,1.0,0.9037529176866057,-5095.925803043154,5099.3356300256255,0.11882107365272532,0.18690987579611829,3.0,0.0,0.5592341991082216,0.5592341991082216
3658,1,0.05775692371700238,0.058913731789618146,0.009497712549555996,1.3672208556979428,0.4289835195849755,7.1088326302895695e-9,9.126373649213669e7,8.749887974235553e7,0.9952105560704574,0.5259349660583171,2.2315360175454404,0.11804282640586991,42.56410411012615,-5096.405773443577,7.0,1.0,0.6440395670137036,-5096.405773443577,5103.267602386899,0.4849527298929388,0.7285083468777884,3.0,0.0,0.5592341991082216,0.5592341991082216
3659,1,0.05781523336454697,0.06296495305617181,0.009432817203160051,1.3318003510431713,0.41878220064116134,7.2042105819742535e-9,8.67317102714183e7,9.448905113511576e7,1.07759895888476,0.5484343913970336,2.2934776175722025,0.11744601500477736,39.82190745797948,-5097.944236609757,7.0,1.0,0.7931437720455949,-5097.944236609757,5102.913969957494,0.11971815332890401,0.6065096259881102,3.0,0.0,0.5592341991082216,0.5592341991082216
3660,1,0.05800660765261163,0.060399636375446465,0.009217317583524044,1.3553963324873994,0.43583551859152664,7.098685278626977e-9,1.0073688153003618e8,8.649248841993484e7,1.08141480465819,0.5141944856011468,1.9938667060274524,0.12887699026146826,39.569815749660386,-5095.474552848272,7.0,1.0,1.0,-5095.474552848272,5100.977271732456,-0.6885417912826597,-0.714077319318676,3.0,0.0,0.5592341991082216,0.5592341991082216
3661,1,0.05776410117647773,0.057690029754015555,0.009670388686921064,1.3512277827584795,0.41487456933348327,7.237269705940375e-9,8.62830566895366e7,9.446124498831701e7,1.0532350093447729,0.5600623670841107,2.2826687575671243,0.12029488509065635,40.25080804456933,-5096.895513598806,7.0,1.0,0.9331219847664967,-5096.895513598806,5101.303196670478,-0.07371281630184967,0.16736930486422352,3.0,0.0,0.5592341991082216,0.5592341991082216
3662,1,0.05775341376298067,0.06006190447723682,0.009186263693499699,1.3574086346326932,0.44049376243451904,7.053855833584877e-9,1.0367365520709325e8,8.716280560564515e7,1.0760515494070015,0.5271523664247368,1.981701488867836,0.125780508354838,38.41302741132612,-5098.943748591508,7.0,1.0,0.8009216208690043,-5098.943748591508,5102.402011542231,0.5884459706066991,-0.6365184216010675,3.0,0.0,0.5592341991082216,0.5592341991082216
3663,1,0.05795836708850569,0.06181264539440008,0.009211308929059893,1.368272195957845,0.4353865533851579,7.094790392643229e-9,1.0707522986779742e8,9.047314140836437e7,1.1524451945345644,0.5434129504097057,1.985230767447272,0.12161191335676362,37.773990158076224,-5097.985265209776,7.0,1.0,0.973948618282569,-5097.985265209776,5104.465276095812,-0.45430116842271673,-0.45430116842271673,3.0,0.0,0.5592341991082216,0.5592341991082216
3664,1,0.05757386647859208,0.05971638722527323,0.009536205560376269,1.329092253075768,0.425243092670658,7.239465664787e-9,8.520028092073429e7,8.816232067631292e7,0.9959156055401205,0.5296779885979903,2.2880294093971116,0.12471948983895889,41.770427600322925,-5097.27675436111,7.0,1.0,0.8946208316655031,-5097.27675436111,5102.041662649906,-0.03686872875732661,0.38399408000441326,3.0,0.0,0.5592341991082216,0.5592341991082216
3665,1,0.05800344413365945,0.061060173198682136,0.009410997864822714,1.3599731663701167,0.42430824606491735,7.111329359355864e-9,9.990649655126897e7,7.85606328094772e7,1.0848238542893252,0.4967666297279868,1.9970904209321598,0.12913656690837888,35.26528342356093,-5098.295501717808,7.0,1.0,0.8491986516632234,-5098.295501717808,5105.514394529078,0.047342244815808954,0.3153270532448005,3.0,0.0,0.5592341991082216,0.5592341991082216
3666,1,0.05765698764714348,0.06213686947245521,0.00940096924431923,1.333963863833371,0.42988769035205193,7.244344040082386e-9,9.104453325406395e7,1.0371000025361085e8,1.040402546943232,0.536333466419336,2.2146859594971695,0.11553259333883441,42.1024373656837,-5097.2113010066605,7.0,1.0,0.6412183085858393,-5097.2113010066605,5102.619376775595,0.16099108148864616,0.8834290642980704,3.0,0.0,0.5592341991082216,0.5592341991082216
3667,1,0.0578485625340123,0.05818434346595862,0.009495529335989732,1.3718620775862285,0.42634508117447983,7.1181889486252915e-9,9.050098991166878e7,9.489832889882825e7,0.959728824494879,0.5147778243344149,1.905785017014822,0.12175532221373783,40.898857793372805,-5097.434516038281,7.0,1.0,0.9695968507742864,-5097.434516038281,5102.1322297893985,0.0759102748843361,-0.11903277488909225,3.0,0.0,0.5592341991082216,0.5592341991082216
3668,1,0.05789647378219359,0.06151878967913768,0.009520420571396293,1.3191119880693618,0.4291152430322757,7.212725728243516e-9,1.0369981239111364e8,8.21061069759521e7,1.0605352894900577,0.5413582867560085,2.2113749275234356,0.11811859474218935,37.68389422942318,-5097.619768182536,7.0,1.0,0.9201712719571901,-5097.619768182536,5103.500036062016,0.11471313950823969,0.22297884816543956,3.0,0.0,0.5592341991082216,0.5592341991082216
3669,1,0.057462550820958296,0.0614286464551823,0.009154850658545568,1.3791353237041641,0.4372300752545922,7.106481779460921e-9,9.980603339147033e7,9.865656710228725e7,1.02567272902868,0.5049031149791553,2.3663984141957104,0.11821420991314285,39.71142836904327,-5100.598468006973,7.0,1.0,0.9246563026070923,-5100.598468006973,5105.314069508861,0.23519489305272145,0.23519489305272145,3.0,0.0,0.5592341991082216,0.5592341991082216
3670,1,0.05785474115425532,0.06594475600014003,0.009522426602792615,1.3801717103677058,0.4224516214925618,7.206699083081854e-9,9.536607687909067e7,8.81020257261165e7,1.058632377518632,0.536841078145934,2.303637696100507,0.12287811679394506,37.05842495968678,-5097.932054145173,7.0,1.0,0.9978507774846085,-5097.932054145173,5105.08458714531,-0.3005626570611639,-0.3411935534713848,3.0,0.0,0.5592341991082216,0.5592341991082216
3671,1,0.05813104839805285,0.05435670612014941,0.009417175352596216,1.328507513620662,0.4303806114061899,7.124761372402163e-9,8.668601756556086e7,1.0044362304471631e8,0.995426557548311,0.5026943646128225,1.9436152633237789,0.1251814104403628,40.39282315038005,-5100.183285939488,7.0,1.0,0.9000281971116371,-5100.183285939488,5103.535700759482,0.17515071716752573,0.2630517838315427,3.0,0.0,0.5592341991082216,0.5592341991082216
3672,1,0.05772786490698103,0.06734083483460052,0.009269858971957867,1.3662201335375161,0.42656344839836263,7.19122449162106e-9,1.003013654936995e8,8.270131768966573e7,1.1248365038265056,0.5552609918002758,2.3426182656093424,0.12399241582300681,38.894485252818285,-5098.619794939031,7.0,1.0,0.9976658014022792,-5098.619794939031,5102.008565944301,-0.5656863701569819,-0.5656863701569819,3.0,0.0,0.5592341991082216,0.5592341991082216
3673,1,0.05798680326835194,0.05637574063003383,0.009445967159762036,1.3508535086488047,0.42614649440111046,7.155953271424375e-9,9.173221566434026e7,9.413157670735219e7,1.0294564874757715,0.5713754742395915,1.9895530312478196,0.11974451164860056,37.84012811130825,-5095.232609088459,7.0,1.0,0.49577090980948135,-5095.232609088459,5104.951739286703,0.1985688931754339,1.3097481200793482,3.0,0.0,0.5592341991082216,0.5592341991082216
3674,1,0.05750119228232504,0.05998745748406471,0.009488531407039556,1.3503002116753755,0.43206336894260394,7.184108391523668e-9,9.590080169537494e7,9.373316724619475e7,1.1084885147190167,0.5235790317259119,2.2529127878568382,0.1274179574231443,40.39831198508773,-5095.8230577958075,7.0,1.0,0.7412055012391533,-5095.8230577958075,5102.702206513391,0.5129101322563656,0.7144560623737561,3.0,0.0,0.5592341991082216,0.5592341991082216
3675,1,0.0577253444938788,0.05598700425057241,0.009756746827509835,1.3522775827422535,0.4192408052262276,7.282352384478902e-9,9.932944977585818e7,9.184410683341964e7,1.0562642067812111,0.5198133585625435,2.352803734060518,0.13150031563380263,39.33063322531632,-5097.2669942288385,7.0,1.0,0.859734917101609,-5097.2669942288385,5100.965905059054,-0.7143458609025402,-0.9288575025002501,3.0,0.0,0.5592341991082216,0.5592341991082216
3676,1,0.05766116879241698,0.062217210850648956,0.009471234239052065,1.3686460082474887,0.428546842122949,7.161240015071215e-9,1.0080409547244993e8,8.789469873601744e7,1.1244420167974747,0.5361452946683885,1.8861741826288765,0.1146823661775524,42.01885623558851,-5096.842998776665,7.0,1.0,0.7179706188050134,-5096.842998776665,5101.807844746229,0.3165815750562615,0.6798894751964326,3.0,0.0,0.5592341991082216,0.5592341991082216
3677,1,0.05797833940840866,0.05905108972671669,0.00961296707952047,1.3275239275095538,0.43055460921723976,7.175556488110219e-9,8.348264068499164e7,9.368382323344688e7,1.0826296366509687,0.5442141816285068,2.192959500278797,0.13193457509127568,39.55715196893155,-5097.90387943953,7.0,1.0,0.5756262554336677,-5097.90387943953,5102.787444284113,0.6840570360373022,1.215898418308825,3.0,0.0,0.5592341991082216,0.5592341991082216
3678,1,0.05754932978677378,0.06356902816338768,0.009259367069573681,1.3618244657789664,0.43481456652536604,7.203783772061527e-9,9.803900638670455e7,9.374686593861732e7,1.0581998308505998,0.5199088337407611,1.9157045177134109,0.11434997604463935,47.962696317816096,-5099.598131891389,7.0,1.0,0.8715094838025509,-5099.598131891389,5105.28476782831,-0.3503444880616371,0.439965180418767,3.0,0.0,0.5592341991082216,0.5592341991082216
3679,1,0.05790412308538501,0.05957959342387041,0.009521708946372665,1.3590363849263993,0.42924194413867334,7.229943889388589e-9,8.962824431134316e7,8.14546767727039e7,0.9592860808887856,0.5188709123480617,2.090265435414326,0.13299628975056418,47.3466444814531,-5098.719712282473,7.0,1.0,0.9496046284846381,-5098.719712282473,5107.252901001602,-0.038926713319597184,0.17966290635013138,3.0,0.0,0.5592341991082216,0.5592341991082216
3680,1,0.05795622317356032,0.06165373509488327,0.009329129675338249,1.346665970295683,0.44028128157477014,7.113308167805718e-9,9.670864754776576e7,9.156160102498016e7,1.0918811014911463,0.5373393479029733,2.0882147113885536,0.11386253834674435,44.03997822334267,-5096.964566749401,7.0,1.0,0.7715307624951004,-5096.964566749401,5108.259667172052,0.15819385870963742,0.7876575040891112,3.0,0.0,0.5592341991082216,0.5592341991082216
3681,1,0.057880411648191625,0.06261955179414799,0.009283492173662478,1.3466633503631824,0.4292410543507962,7.200763600152738e-9,1.0352529640086895e8,8.463288051031114e7,1.065083455708307,0.6039348902401735,2.1128794574219687,0.1304627040905316,44.482971869328765,-5098.074094664142,7.0,1.0,0.970865015336721,-5098.074094664142,5102.069903633257,-0.031543056526061264,-0.6996187167214885,3.0,0.0,0.5592341991082216,0.5592341991082216
3682,1,0.0576886740090213,0.06287901066441114,0.00933750121370256,1.3455977813437192,0.43285495954113157,7.18121816689423e-9,1.0554524730078684e8,9.057255277897099e7,1.015560535514882,0.5403118948027085,2.116068937348615,0.13595404942982053,44.29916131106989,-5096.284563753076,7.0,1.0,0.9487663819892597,-5096.284563753076,5103.772069312283,-0.44539360100952763,-0.44539360100952763,3.0,0.0,0.5592341991082216,0.5592341991082216
3683,1,0.05763561678507077,0.06041858170942983,0.009241722602540057,1.323901260544683,0.4321447145173085,7.188671887091292e-9,1.0364529891633275e8,9.353473500158384e7,1.0057175879379394,0.5331558966161789,2.337507344055103,0.13313725435133983,40.057075851397975,-5097.035012985831,7.0,1.0,0.956272270915808,-5097.035012985831,5100.21171563401,0.11873681555516669,-0.13585058204262168,3.0,0.0,0.5592341991082216,0.5592341991082216
3684,1,0.05763561678507077,0.06041858170942983,0.009241722602540057,1.323901260544683,0.4321447145173085,7.188671887091292e-9,1.0364529891633275e8,9.353473500158384e7,1.0057175879379394,0.5331558966161789,2.337507344055103,0.13313725435133983,40.057075851397975,-5097.035012985831,3.0,1.0,0.48196930395773535,-5097.035012985831,5107.228352715717,0.0,0.8854611162869332,2.0,0.0,0.5592341991082216,0.5592341991082216
3685,1,0.05771858433489751,0.05869422093600262,0.009381481503743402,1.3273582164504594,0.42861687330099446,7.175251519624375e-9,1.0275870222009878e8,8.615859762728956e7,1.0414114328283315,0.5746780880263254,2.4263560331395495,0.12463083913720334,41.82123663380681,-5097.087660073789,7.0,1.0,0.855443623492412,-5097.087660073789,5105.366957399177,-0.06736179017389077,0.2739152464791914,3.0,0.0,0.5592341991082216,0.5592341991082216
3686,1,0.05799450116608113,0.0586048750316492,0.009487755259739807,1.383730570881239,0.42580056619723405,7.223748821953562e-9,8.905473250217876e7,8.519529836533667e7,1.1337818673619169,0.4895433953660405,2.3136555040663653,0.13292047509013277,40.85163884130795,-5098.313260543421,7.0,1.0,0.6770871611323829,-5098.313260543421,5103.54790492346,0.41906451976774406,0.8810724871655111,3.0,0.0,0.5592341991082216,0.5592341991082216
3687,1,0.05759374640653803,0.061086969288472834,0.009544296657017025,1.356650658045652,0.425318672929297,7.159844362761306e-9,1.0902567604079683e8,8.798337416685061e7,1.0434796676909583,0.5743370214004868,1.9635170688731949,0.13689320836366525,37.67454436824147,-5098.940365231494,7.0,1.0,0.8792667968007345,-5098.940365231494,5103.605695757779,0.20371271295607585,0.4727531054368228,3.0,0.0,0.5592341991082216,0.5592341991082216
3688,1,0.057680846220017,0.060409601255627804,0.009286578445594981,1.366740085419984,0.434702450145723,7.211287642457215e-9,9.019540577477463e7,8.846370091403055e7,1.1987406544545196,0.6007559377078788,1.931629330865634,0.10514476410081171,39.52733734723089,-5100.703461287437,7.0,1.0,0.9297433752146436,-5100.703461287437,5106.218595264412,-0.425468204110075,-0.7426254737620184,3.0,0.0,0.5592341991082216,0.5592341991082216
3689,1,0.05777194822997302,0.06381577510110546,0.009318074282630255,1.3473300507874089,0.42719274097607896,7.180332083328119e-9,1.0343278385734162e8,9.265510230637425e7,0.9964298062998822,0.44470527904367124,2.479501228796267,0.1373728152084987,37.017232370004756,-5101.812538814036,7.0,1.0,0.8297645401161665,-5101.812538814036,5109.285286375789,0.08963406942984875,0.5429032583942899,3.0,0.0,0.5592341991082216,0.5592341991082216
3690,1,0.05787477596066023,0.06421544520707459,0.009434215509876897,1.3518123157635942,0.4312602956174316,7.129324041247252e-9,9.74025752322607e7,9.659067487948368e7,1.0095245671977793,0.49514021591038243,2.5433000322449617,0.12785724878052948,37.995703991448856,-5098.780515432341,7.0,1.0,0.5736412025446354,-5098.780515432341,5106.22155090695,-0.014443137994931021,1.3269357716726518,3.0,0.0,0.5592341991082216,0.5592341991082216
3691,1,0.05784143704375959,0.05970991785747585,0.00940239775115699,1.3445751904962833,0.4355419477147,7.123402512837341e-9,9.194755620887001e7,8.284187073428656e7,1.0874441652983837,0.5560662617961887,2.054609421005022,0.11331367759657475,37.415070757048476,-5096.0807461176455,7.0,1.0,0.9779810703832591,-5096.0807461176455,5102.668255093502,-0.1032448632249725,-0.6188505770624033,3.0,0.0,0.5592341991082216,0.5592341991082216
3692,1,0.057811183277976345,0.06475431579986378,0.009364037882229677,1.3435256853137887,0.4289374501597587,7.1844150443103945e-9,8.77547709885479e7,8.913375134575161e7,1.1013250390757419,0.4627722749005369,2.2413049826537037,0.12444540537369705,38.78515766231092,-5096.334286470095,7.0,1.0,0.9856907610638082,-5096.334286470095,5099.474582545418,-0.5322707182913291,-0.7858597491385808,3.0,0.0,0.5592341991082216,0.5592341991082216
3693,1,0.05797405507064373,0.05347719709436515,0.009679459558458683,1.3720744806057439,0.4215196623451296,7.194215737119933e-9,1.0953794896651304e8,8.948770426179305e7,0.9647397115292781,0.5960365945826384,2.2574115093147653,0.12418624193693542,39.087647645610474,-5101.506265794613,7.0,1.0,0.8023819889834984,-5101.506265794613,5104.487568401853,0.3840755480241569,0.3840755480241569,3.0,0.0,0.5592341991082216,0.5592341991082216
3694,1,0.0575761348938449,0.06428165180175464,0.009216639467862487,1.3330803874942228,0.4316649302136479,7.223904947775805e-9,9.68477185829541e7,9.972557163090001e7,1.1240833126240188,0.474202255610234,1.9126079794121669,0.11561894150256709,41.66716893949098,-5099.9376143431255,7.0,1.0,0.961880804406072,-5099.9376143431255,5108.973888124614,0.015207672311589704,-0.22804118029489473,3.0,0.0,0.5592341991082216,0.5592341991082216
3695,1,0.05764328261323421,0.06827652791359733,0.009122154857655544,1.329127034131097,0.43121071217118745,7.104496453036619e-9,9.83653197402626e7,8.221268525644907e7,1.0700065886117982,0.5984928534609364,2.129272663620611,0.13604119334873832,35.32879571440525,-5100.613404281008,7.0,1.0,0.9533459900863382,-5100.613404281008,5107.481666548169,-0.2964174343178456,-0.2964174343178456,3.0,0.0,0.5592341991082216,0.5592341991082216
3696,1,0.057641437971517724,0.05987555314428652,0.009310211697193437,1.3512430434210985,0.4400735783159627,7.173853425700168e-9,9.611151422801091e7,9.105611785639364e7,0.9413754794254321,0.5036600561927433,1.8874504634184814,0.1242305443872933,43.06223272167642,-5098.571520209417,7.0,1.0,0.5483232403857412,-5098.571520209417,5110.1130004433735,0.14699175527312036,1.1945674674989277,3.0,0.0,0.5592341991082216,0.5592341991082216
3697,1,0.05801290405212146,0.05988461098672329,0.009794264289419565,1.367499384078512,0.416331926101208,7.2055397237821985e-9,9.318279790522443e7,8.975585248472136e7,1.2796331758000739,0.5216589918788054,2.2880755315961334,0.12170405864790051,35.42851157486407,-5100.264663770715,7.0,1.0,0.8962909713494158,-5100.264663770715,5106.5854264583895,0.020325677035543777,0.34796886329604604,3.0,0.0,0.5592341991082216,0.5592341991082216
3698,1,0.05778846558864893,0.05810758184659928,0.00932650719952002,1.350303230867995,0.43439870164861333,7.210865107508428e-9,9.844661368508765e7,9.268605869808097e7,0.8951435814640136,0.5331030270983529,2.0057637746956747,0.12614181851369893,44.502808313730874,-5098.890060596871,7.0,1.0,0.8489572430462401,-5098.890060596871,5105.611680964729,0.07153402479889337,0.440198474263525,3.0,0.0,0.5592341991082216,0.5592341991082216
3699,1,0.057493378448721925,0.059281513942509946,0.009490652453983523,1.3692803990977707,0.4325898154737959,7.200620299822896e-9,9.857962807178393e7,9.930117256445463e7,0.9035357735166722,0.5601214528156581,2.0142302184843115,0.12633257708281145,41.919359541720944,-5100.481412444304,7.0,1.0,0.6613718454957765,-5100.481412444304,5108.219118832043,0.5470979754190921,0.7689269697020791,3.0,0.0,0.5592341991082216,0.5592341991082216
3700,1,0.05771495079186714,0.06647187901152168,0.009482989231877355,1.3565819292893844,0.4302085814528895,7.216890614723287e-9,9.301628629758354e7,9.202670327922286e7,1.1403860271094004,0.5112272799979326,2.126543856814626,0.1133725266925182,39.286175323538096,-5097.125193968082,7.0,1.0,0.8681495101221616,-5097.125193968082,5104.614451274671,-0.6977328034345192,-0.8265253817380653,3.0,0.0,0.5592341991082216,0.5592341991082216
3701,1,0.057767060642342626,0.05368612653310007,0.00947414308131126,1.3526764890994671,0.42733418022097386,7.136179715569741e-9,9.530386688862413e7,8.733544889708018e7,0.9793448472157709,0.5492577053648308,2.1929754114102114,0.13146528932981755,41.90070694532434,-5099.016910951187,7.0,1.0,0.8070065957619941,-5099.016910951187,5104.60031089908,0.42314447603257577,0.42314447603257577,3.0,0.0,0.5592341991082216,0.5592341991082216
3702,1,0.057709445224550716,0.06629365592857456,0.009327260393489786,1.371640019116328,0.42855572231793115,7.207947340065456e-9,9.083550187471996e7,8.377370412912889e7,1.129787382835537,0.5739719135751528,2.321243090431313,0.11379477183139816,37.35583837753148,-5099.128916853897,7.0,1.0,0.9882378574110547,-5099.128916853897,5104.407831067095,-0.173728305709119,-0.5520144635283941,3.0,0.0,0.5592341991082216,0.5592341991082216
3703,1,0.05788810314614894,0.0631323603254119,0.00940128048682616,1.3612959410078869,0.43159107051392764,7.2492113092008e-9,9.002613594239645e7,8.692441669282652e7,1.0393047010016718,0.5516150510132841,2.312141170090126,0.11868189770898514,39.12060112945827,-5096.092041992671,7.0,1.0,0.8384626347868785,-5096.092041992671,5105.989152338954,-0.10672996837365645,0.4922064157553905,3.0,0.0,0.5592341991082216,0.5592341991082216
3704,1,0.05810842756764867,0.05984100365900903,0.00938003076812964,1.3346143119645473,0.42990228436563066,7.125526614589842e-9,1.0207279542236155e8,9.30095631573847e7,1.0620518880006047,0.5094549506582258,1.9249910650380793,0.12556370211582094,40.89722710949818,-5095.17030385586,7.0,1.0,0.8637288244500534,-5095.17030385586,5101.001219801396,-0.228041734969338,0.462576698409066,3.0,0.0,0.5592341991082216,0.5592341991082216
3705,1,0.05771786368926741,0.06300129762016733,0.009359531043154689,1.358003219694371,0.43060008603076105,7.244702009075107e-9,8.813371770899887e7,8.821528825157186e7,1.0369425141746176,0.5508937695688655,2.446088444992491,0.11873701981503593,39.899329301499435,-5096.81064098738,7.0,1.0,0.6293658750450497,-5096.81064098738,5101.502416943225,0.3217879291287318,0.7310115413883977,3.0,0.0,0.5592341991082216,0.5592341991082216
3706,1,0.05766356051372446,0.06405914411605272,0.009477025064400162,1.3642927390850375,0.43440885112443367,7.266634684620312e-9,8.906728636315444e7,9.015978418235393e7,0.9922718557910329,0.5496468447350276,2.4463903592864336,0.12117098618065598,40.8770936219792,-5099.522997337558,3.0,1.0,0.7986669254311768,-5099.522997337558,5101.100154794416,0.43587339187706675,0.43587339187706675,2.0,0.0,0.5592341991082216,0.5592341991082216
3707,1,0.057663272386959855,0.06894668428123525,0.009066400960789377,1.3438994608038155,0.4305135312082908,7.008688034076761e-9,1.0556047418278024e8,8.409168696890022e7,1.0100567739645905,0.4987474154112587,2.376522640995271,0.11272751892031845,37.3106853818313,-5104.85045475125,7.0,1.0,0.9365746678080292,-5104.85045475125,5111.196897372109,0.1444087659156139,-0.4837142013320772,3.0,0.0,0.5592341991082216,0.5592341991082216
3708,1,0.058213304587872175,0.07230650587181729,0.009227953360336147,1.3415842974249401,0.44318921689202084,7.202596778623686e-9,9.858865658481044e7,1.0685684846762753e8,1.0412515485978968,0.5262941136093439,2.3883862679965797,0.13370518191720898,39.23556905003122,-5107.612271777836,7.0,1.0,0.940144931854557,-5107.612271777836,5113.639537667803,0.20489623690809822,-0.5960634089933592,3.0,0.0,0.5592341991082216,0.5592341991082216
3709,1,0.05777573257450456,0.05659426041899977,0.009558321108435332,1.3428605854161129,0.4325062382756921,7.164475139543505e-9,9.097719366076988e7,7.885405973864917e7,1.0696656575711745,0.5638413639825803,2.0080068795400474,0.11657129737062549,40.871778201453616,-5098.684407977702,7.0,1.0,1.0,-5098.684407977702,5112.163613440163,-0.76650250941384,-0.76650250941384,3.0,0.0,0.5592341991082216,0.5592341991082216
3710,1,0.057897598464104444,0.0660461830427989,0.009521311751463774,1.3613619565542463,0.42582984439257976,7.206542146512746e-9,9.730203893780401e7,1.0451379884553207e8,1.0384649709809177,0.49998856175834133,2.3333448924670526,0.12781569816896768,38.01630477830448,-5098.747180746137,7.0,1.0,1.0,-5098.747180746137,5101.906904803841,-0.4017546509658132,-0.7506103939585955,3.0,0.0,0.5592341991082216,0.5592341991082216
3711,1,0.05785268900866284,0.06091370826183185,0.00942335341022402,1.3398223023836495,0.43205645491320366,7.212718585449048e-9,8.907684560925576e7,8.227761864140664e7,1.092721229262469,0.5690801659563809,1.966129217694834,0.12235375386729391,40.71506053231779,-5095.175463265325,7.0,1.0,0.7842661233671718,-5095.175463265325,5106.402423245478,-0.6459730673786908,-0.6459730673786908,3.0,0.0,0.5592341991082216,0.5592341991082216
3712,1,0.057749533253217654,0.06291118057036671,0.009356260468066487,1.3537685515478488,0.4236263805295126,7.126236279865371e-9,1.0327435611378455e8,9.77670647430552e7,0.9593365278527622,0.46187758392144784,2.2800466419515306,0.11833523771147174,38.86958543346314,-5098.988347768031,7.0,1.0,0.3098757406772072,-5098.988347768031,5105.869481397663,0.5013470093936121,2.2318000020295585,3.0,0.0,0.5592341991082216,0.5592341991082216
3713,1,0.05790344092340102,0.06418857584532411,0.009368566884002168,1.340553542001108,0.4390039891158229,7.253103969982045e-9,8.974285566300558e7,8.897986463363437e7,1.256896888332664,0.5107772840874466,2.2275304883929303,0.14613457970188606,47.00544937569156,-5104.884713211357,7.0,1.0,0.6381840422323342,-5104.884713211357,5110.738356673502,0.6412824212602573,0.6565640206772514,3.0,0.0,0.5592341991082216,0.5592341991082216
3714,1,0.057807007699872244,0.062105077788208375,0.009341020457592261,1.340532584230191,0.42859403350396547,7.068560391277997e-9,9.234766439691903e7,9.933238338225064e7,0.9036388991954211,0.5391247328581861,1.9635550529985635,0.10717362929218513,42.33301715135719,-5100.9245700122965,7.0,1.0,0.9771353714804236,-5100.9245700122965,5111.0502030118005,-0.548218956081655,-0.6281080284334166,3.0,0.0,0.5592341991082216,0.5592341991082216
3715,1,0.05804096531722719,0.061689396039255474,0.00955867470493042,1.3520106457682577,0.4229131224342293,7.249182226158672e-9,7.995759794094056e7,8.23069200205805e7,1.0576284357939871,0.49647065094004,2.2240136287524765,0.12287578470168334,46.611098606526966,-5101.2519962396545,7.0,1.0,0.9906998029340243,-5101.2519962396545,5110.351869761654,-0.0028724552075800602,-0.2907977903551,3.0,0.0,0.5592341991082216,0.5592341991082216
3716,1,0.057744773049796944,0.05661235603162133,0.009390884445899975,1.3651552771040654,0.4307227923217377,7.1791942029524235e-9,1.1108973115331833e8,1.0016396075795634e8,1.098796596962197,0.552767022880614,2.0237250779311116,0.12519410311427678,35.701030311428376,-5099.257352543183,7.0,1.0,0.857893150451748,-5099.257352543183,5105.8577439116325,-0.3953946894398541,0.7085545014269883,3.0,0.0,0.5592341991082216,0.5592341991082216
3717,1,0.057727650959810854,0.06344524981004061,0.009374015426028833,1.3604390971396518,0.4287043000029449,7.211681506180907e-9,9.424086410877131e7,8.251362924705102e7,1.2033385008524304,0.5015959756124331,2.1328397949221483,0.12068268437357663,42.378047441459046,-5096.374016947353,7.0,1.0,0.8842146657660622,-5096.374016947353,5107.379621042031,-0.2240453411195631,0.470686258272508,3.0,0.0,0.5592341991082216,0.5592341991082216
3718,1,0.05791646393262302,0.05832700938643814,0.009549985775504644,1.343296337985701,0.42568650000351854,7.195987614732398e-9,9.24265905734022e7,1.0091304316881953e8,0.9758783393518387,0.5553058257759619,2.1272346645185194,0.12609631258289478,38.94265337085721,-5095.143767168721,7.0,1.0,0.9665271314402037,-5095.143767168721,5100.626400841146,-0.17943306809775095,-0.17943306809775095,3.0,0.0,0.5592341991082216,0.5592341991082216
3719,1,0.05803543947363114,0.062184934129831185,0.009507992630537053,1.3349065007922145,0.4239255916153301,7.175751461711081e-9,8.713830049665727e7,8.774730689813422e7,0.945596671018099,0.5552148186446493,2.2210605403312043,0.13165019286279356,38.974235158971545,-5096.410637596261,7.0,1.0,0.915954612517899,-5096.410637596261,5099.425999344058,0.09843083879877668,0.178785147230883,3.0,0.0,0.5592341991082216,0.5592341991082216
3720,1,0.057964250917750336,0.05848235301685414,0.009327716190786331,1.3562208498912494,0.43201154794655117,7.12173811512345e-9,1.0061064763115072e8,9.353462326981643e7,1.2178308567996319,0.5025723383029121,2.059283035578076,0.11791166374462224,41.32842674231031,-5096.647045633291,7.0,1.0,0.893578730591868,-5096.647045633291,5101.590028712074,0.08378067976445891,0.1629124879846131,3.0,0.0,0.5592341991082216,0.5592341991082216
3721,1,0.05770953313256829,0.06371805029417028,0.00948896916570581,1.3242529001458405,0.425291995553357,7.202445240663034e-9,9.234394668210167e7,8.480784143706971e7,1.0270018264844345,0.47286412791032384,2.2479703273004437,0.12711864378129806,37.11830110039544,-5097.82209816865,7.0,1.0,0.9182961084129813,-5097.82209816865,5101.689778697599,0.18868373020177387,0.22573273092621093,3.0,0.0,0.5592341991082216,0.5592341991082216
3722,1,0.05815092116568681,0.05829083265733749,0.009465224064667023,1.3675275166931042,0.4284132031031934,7.108602853339791e-9,9.757303951170492e7,9.178073195016387e7,1.0357183003310033,0.5997416020016975,2.2496297848560713,0.12279721437009332,41.98090943351896,-5096.82912468655,7.0,1.0,0.6857927748924091,-5096.82912468655,5103.030227692709,-0.17610043743025017,0.9152669694431097,3.0,0.0,0.5592341991082216,0.5592341991082216
3723,1,0.057998508742918564,0.060028845749164575,0.009292338907727873,1.3324280331798244,0.43527488137574116,7.160143294679031e-9,9.604828526160881e7,9.148737545742497e7,1.0469182512704045,0.5467860287455357,2.2370477541903253,0.11518044765409917,38.51225724770008,-5094.262498585138,7.0,1.0,0.868550278500827,-5094.262498585138,5100.614395224585,-0.21546401628347667,0.4166185744188624,3.0,0.0,0.5592341991082216,0.5592341991082216
3724,1,0.05785203670184661,0.06275889889493269,0.009392383437957438,1.3637142132041093,0.4271180564837921,7.230584401471806e-9,9.40290558300213e7,8.675666718833558e7,1.063563151231938,0.5165517591295262,2.113060376098794,0.1263619538982977,40.968452180802146,-5094.405068030413,7.0,1.0,0.8030278489984541,-5094.405068030413,5099.222516014207,0.19999219947385427,0.46124610642073094,3.0,0.0,0.5592341991082216,0.5592341991082216
3725,1,0.05789069237549546,0.06034729686894539,0.009408342146963851,1.3351706521043947,0.43154933405016704,7.121095505564168e-9,9.426998291994822e7,9.267735594434209e7,1.036914089775035,0.540967371826509,2.037526978485465,0.11670446714111453,37.85268314156286,-5093.903098392991,7.0,1.0,0.8844260396737889,-5093.903098392991,5099.895591593368,-0.152414449540629,0.2592308896000759,3.0,0.0,0.5592341991082216,0.5592341991082216
3726,1,0.05777113505924928,0.06129757963202483,0.009437395866686432,1.3544578148943398,0.4319419156347711,7.147802491638364e-9,9.215447423793788e7,8.832087819665231e7,1.0719848984097824,0.5156727137006503,2.1811616271778265,0.1299027257104937,41.044113669072935,-5093.652713034367,7.0,1.0,0.8681378092121539,-5093.652713034367,5100.015718006487,0.058326174018475285,0.4202361514799122,3.0,0.0,0.5592341991082216,0.5592341991082216
3727,1,0.05779402008923549,0.06233062599400375,0.009584778220595797,1.3579433942055021,0.42330913372422346,7.228570150432357e-9,9.696549986572182e7,9.195465097843286e7,1.035939242569546,0.5417736378827963,2.119352641141258,0.11495165246575868,38.38178173607263,-5094.3026894832565,7.0,1.0,0.8844992759122005,-5094.3026894832565,5099.694555314853,-0.17821688699405058,0.5986773841068498,3.0,0.0,0.5592341991082216,0.5592341991082216
3728,1,0.05768523075730385,0.05864730984609533,0.009491440839685637,1.3535113052060113,0.4282381544581065,7.169133810436448e-9,9.899272067616309e7,8.99779579563939e7,1.1740051765680277,0.5788468801092858,2.1807878921123005,0.12334049104534132,38.1138043253015,-5095.0989362917635,7.0,1.0,0.8902565403739171,-5095.0989362917635,5097.068753073151,0.19856964556129242,0.2451910702702662,3.0,0.0,0.5592341991082216,0.5592341991082216
3729,1,0.0577381731209478,0.0599126279028939,0.009360189331861654,1.367808961753409,0.4272578809725229,7.18574154091397e-9,9.557217893164986e7,8.502483672067547e7,1.1686311309265793,0.5815662933433273,2.1448132520213266,0.12369528783887,37.786247420891286,-5095.558483588406,7.0,1.0,0.8687283164461393,-5095.558483588406,5098.789035726439,0.08789599356077815,0.339272409419209,3.0,0.0,0.5592341991082216,0.5592341991082216
3730,1,0.05779587718165905,0.06212835312018058,0.009398147741540165,1.3524747197003895,0.4322458975464952,7.232134118146579e-9,9.280493521259776e7,9.0820900516903e7,1.1034211794010194,0.5885356648183019,2.1150484229929702,0.12245685764989439,35.97463354902357,-5095.568384425951,7.0,1.0,0.8222001133142971,-5095.568384425951,5102.283100810097,-0.05413653895629977,0.5398648131913433,3.0,0.0,0.5592341991082216,0.5592341991082216
3731,1,0.05795037848470111,0.06086807529177985,0.009201939023141061,1.3586429664966426,0.43567941132865634,7.050506727422353e-9,9.351497167759287e7,8.455067296547258e7,1.1896008370172275,0.5420176700203001,2.027142220530936,0.1236879126809028,36.78825423535598,-5098.387348323524,7.0,1.0,0.8351630154688923,-5098.387348323524,5102.603732866146,0.23464843295732862,0.3704634667319624,3.0,0.0,0.5592341991082216,0.5592341991082216
3732,1,0.05839910500532137,0.06051405829071302,0.009425206632736164,1.3550911809166317,0.42722479683359227,7.078826009730917e-9,9.364435082874766e7,9.479511064450842e7,0.986686178810188,0.4854760797523987,1.999097905913464,0.1341669334048622,38.7938394447739,-5098.24667631657,7.0,1.0,0.962336889890696,-5098.24667631657,5106.1283781186185,-0.17287162073535,0.2464491282671588,3.0,0.0,0.5592341991082216,0.5592341991082216
3733,1,0.05726695928031149,0.06011593897783378,0.009504862187403665,1.340540792948098,0.43345485619325774,7.278132656615816e-9,9.421420798891588e7,8.366995459592499e7,1.1252281822165502,0.580269187939739,2.247417378928123,0.11558966617086994,40.42824619101846,-5100.467188331062,7.0,1.0,0.6173257728699441,-5100.467188331062,5102.805518438494,0.8049984432964266,1.143654469777175,3.0,0.0,0.5592341991082216,0.5592341991082216
3734,1,0.058297852727637114,0.05980318939844271,0.009802302981542263,1.3509609846011381,0.41825324424020816,7.09468132772838e-9,8.64617836988716e7,9.063748282497069e7,0.9950791623782367,0.48778159093202206,2.1522434444074143,0.14388767100792318,38.94737449856307,-5103.182013674672,7.0,1.0,0.5379199867398156,-5103.182013674672,5109.7760615861225,0.7332802274067944,1.3623810826784393,3.0,0.0,0.5592341991082216,0.5592341991082216
3735,1,0.057522062546811956,0.06150822740131333,0.009373626174497118,1.3454922102071483,0.4408291425356617,7.1816289331570445e-9,1.038567841924622e8,9.050483937282363e7,1.0632472729955367,0.5315853409286487,1.919514381689643,0.10920571994820649,40.22415436550267,-5100.639225256594,7.0,1.0,0.9406217042922075,-5100.639225256594,5108.2093827247645,0.0693232820412959,-1.744913931717747,3.0,0.0,0.5592341991082216,0.5592341991082216
3736,1,0.05781257453744651,0.06417810718966795,0.009369180736979791,1.342966165206489,0.43102845329173617,7.0704649901045475e-9,8.989333328002098e7,8.81288106241259e7,1.0422433284949502,0.5408807395504484,2.294599829828286,0.14247629797811598,40.00765906878145,-5098.425564741981,7.0,1.0,1.0,-5098.425564741981,5104.812959293015,-0.781323358039117,-1.844458412637323,3.0,0.0,0.5592341991082216,0.5592341991082216
3737,1,0.05751958580542487,0.06434507866186007,0.009180548515851407,1.3390185109378836,0.4392067954242249,7.224012683150884e-9,1.0245944106967537e8,9.742894040500559e7,1.0456267112989244,0.5451081848348824,2.1414580212822627,0.1124864824608416,39.947070829436846,-5097.551922807435,7.0,1.0,0.553251693014582,-5097.551922807435,5104.005031919755,-0.9233350054146285,1.701362980526028,3.0,0.0,0.5592341991082216,0.5592341991082216
3738,1,0.0582090136569151,0.0622219011019342,0.009274437968846288,1.3347518066741653,0.43007930547098805,7.000396912320594e-9,9.028521285920283e7,8.63069554217196e7,1.0653872685109156,0.5377079129599656,2.0340491724225984,0.14583449252686953,39.368958223139146,-5100.265161379573,7.0,1.0,0.6580226514260533,-5100.265161379573,5108.13458535661,0.386216796269764,0.5645506025530267,3.0,0.0,0.5592341991082216,0.5592341991082216
3739,1,0.05789692493045329,0.06316715182245367,0.009460895520131008,1.3841731811723108,0.432755330524317,7.293806682405109e-9,9.469230555026303e7,1.0392518282598631e8,0.9803716805873782,0.5576885156794609,2.0799661945122963,0.13033023191167525,42.514147851579125,-5102.342199833481,7.0,1.0,0.7801651270919746,-5102.342199833481,5109.9530986942,0.5193943170197599,0.6618945369145877,3.0,0.0,0.5592341991082216,0.5592341991082216
3740,1,0.05788851358472802,0.06134843460581975,0.009149606388580454,1.3105558227315044,0.42907983350979145,7.0605621306455334e-9,1.0026315751121596e8,7.880566206912525e7,1.1271355108322656,0.5021911294560135,2.037041487214968,0.12122872892987593,37.04881363479358,-5100.997436864792,7.0,1.0,0.9980391730315944,-5100.997436864792,5109.361447676668,-0.29067253058838105,-0.5699787748599192,3.0,0.0,0.5592341991082216,0.5592341991082216
3741,1,0.05768119145457941,0.0557650577706051,0.009751947167580339,1.3892137867292702,0.4200190625086682,7.220327629584931e-9,9.94919771873637e7,1.0715350994780272e8,0.9969994005916192,0.5332643557994818,2.1820499466002756,0.11739036651149373,40.108020350775284,-5100.80724326346,7.0,1.0,1.0,-5100.80724326346,5106.063254681457,-0.142533280317366,-0.44770794329724595,3.0,0.0,0.5592341991082216,0.5592341991082216
3742,1,0.05784735206846893,0.06382125938125412,0.00931328358807976,1.3355392779527964,0.4374610337766818,7.1307975077807945e-9,8.689516093149556e7,8.263363067826775e7,1.0616085716927237,0.5345686157887771,1.9823452523693696,0.12201528339323038,39.017495481874164,-5095.978458504529,7.0,1.0,0.8911978482086104,-5095.978458504529,5106.666847127202,-0.19345088895988738,0.38651262842540746,3.0,0.0,0.5592341991082216,0.5592341991082216
3743,1,0.057977549867806344,0.06117895473901641,0.009418873494732971,1.3537959710623588,0.43173413866328286,7.098408887655658e-9,9.49747232891101e7,9.971256198985142e7,1.1574589387881027,0.5054138565958936,2.166334167572966,0.12978891100796955,39.84347649735118,-5096.073815444462,7.0,1.0,0.9427658917856895,-5096.073815444462,5100.605212161984,-0.0682160368478435,-0.5156851774354436,3.0,0.0,0.5592341991082216,0.5592341991082216
3744,1,0.05785450986010415,0.06489287596139533,0.009271348876857974,1.323686263980888,0.43431807054365024,7.255894291652859e-9,9.611687348818563e7,7.952147083829728e7,0.960362142997719,0.5631930491160355,2.1187451622732247,0.11836484912506265,40.5330098142034,-5100.714111405024,7.0,1.0,0.81289063730323,-5100.714111405024,5104.788384424193,0.4435961060125919,0.8071304427512587,3.0,0.0,0.5592341991082216,0.5592341991082216
3745,1,0.05758526139651448,0.0626969053422723,0.009431499128024053,1.3593350193475178,0.43056364768293626,7.212011817375991e-9,9.60655187930438e7,9.227374636952159e7,1.0681245405999025,0.535882699151374,2.0755960962711613,0.135868209660086,38.51206382984765,-5094.558257108337,7.0,1.0,0.8580745826008647,-5094.558257108337,5105.171405188129,-0.8032099545562232,-0.8032099545562232,3.0,0.0,0.5592341991082216,0.5592341991082216
3746,1,0.05777170631078886,0.06009211799249554,0.009462681019080044,1.3614427034290661,0.4238338193777676,7.170813258823785e-9,9.831777079034954e7,8.552823634831832e7,1.024352312945857,0.5729904254367039,1.9413031873739985,0.11957650022039149,37.04812795978279,-5094.84567529263,7.0,1.0,0.4424566038690322,-5094.84567529263,5100.172922131784,-0.33939830532654014,2.273664496174206,3.0,0.0,0.5592341991082216,0.5592341991082216
3747,1,0.05777170631078886,0.06009211799249554,0.009462681019080044,1.3614427034290661,0.4238338193777676,7.170813258823785e-9,9.831777079034954e7,8.552823634831832e7,1.024352312945857,0.5729904254367039,1.9413031873739985,0.11957650022039149,37.04812795978279,-5094.84567529263,7.0,1.0,0.2526727842940015,-5094.84567529263,5110.746693868476,0.0,2.3644492593130053,3.0,0.0,0.5592341991082216,0.5592341991082216
3748,1,0.05801873218798376,0.06400466047995676,0.009441729926633825,1.346935161317785,0.4295941374732274,7.163994274626321e-9,9.018762218650216e7,9.37335604239945e7,1.0776707110610224,0.533754456999192,2.343797870921635,0.12742013930849228,42.81560102772699,-5095.406107351155,7.0,1.0,0.765040710475973,-5095.406107351155,5102.989013985113,0.13798102840610227,0.49421772309688095,3.0,0.0,0.5592341991082216,0.5592341991082216
3749,1,0.05752406765223532,0.062678773176034,0.009418126608095424,1.3517099592369965,0.4209817771265129,7.20884763941509e-9,8.880950962075156e7,9.341564346272431e7,1.2335728678704296,0.5577969294768822,2.1104541096492566,0.1425634839594708,36.128329576638706,-5100.087732538574,7.0,1.0,0.6656158172682419,-5100.087732538574,5105.3140240066605,0.37704151831803756,0.6836586059916954,3.0,0.0,0.5592341991082216,0.5592341991082216
3750,1,0.057959447212110604,0.05861816872083858,0.009451397149651222,1.335327434300213,0.4293825874544678,7.063644475212859e-9,1.0337076099359404e8,8.637315077628557e7,0.9393067571829938,0.551797942862289,2.061127656637855,0.11828144113074364,43.67249922367776,-5099.3439514592255,7.0,1.0,0.991617780702078,-5099.3439514592255,5106.264085341311,0.01188011711656145,-0.19901824885255337,3.0,0.0,0.5592341991082216,0.5592341991082216
3751,1,0.05770051603452589,0.06416815895059677,0.009424967298296626,1.3622331091810589,0.43529730289785673,7.2062599802641426e-9,9.356651694799145e7,1.0359133016188018e8,1.1713947946743246,0.5073788542645404,2.1137173202471895,0.11698163584751889,36.48549207560355,-5098.802658570145,7.0,1.0,1.0,-5098.802658570145,5103.345880165467,-0.17800366147184832,-0.5635341236775275,3.0,0.0,0.5592341991082216,0.5592341991082216
3752,1,0.05787332140641172,0.06267462217096671,0.009527579288438032,1.348224056361056,0.42593865280240484,7.17243588923794e-9,9.82473510212319e7,9.254077572542672e7,0.9741310363321366,0.5410765624599124,2.042745839645185,0.11410836920750399,41.928113637917626,-5095.122975453617,7.0,1.0,0.8994306422594865,-5095.122975453617,5102.3135006895445,-0.2246632210271855,0.4085813635883824,3.0,0.0,0.5592341991082216,0.5592341991082216
3753,1,0.057655115162097204,0.05809246879743902,0.00937353255940013,1.338846888528291,0.4357726633801927,7.178735830913529e-9,9.340680653770855e7,9.194760886794072e7,1.110386803015849,0.5443881438923958,2.1472797724664603,0.1239721569552568,39.057378066501606,-5094.5604669011345,7.0,1.0,0.9876892240999278,-5094.5604669011345,5098.340668221578,-0.06649851422935171,-0.2044014997964041,3.0,0.0,0.5592341991082216,0.5592341991082216
3754,1,0.057597482049246015,0.0592253848616312,0.009479497576356691,1.362886643506213,0.4220254187916117,7.214153214248737e-9,9.369641173937073e7,8.521648586120203e7,1.045697733573244,0.5038529413464805,2.0295867933152567,0.1331952544756193,40.626167256705166,-5094.7469786221,7.0,1.0,0.910555653568461,-5094.7469786221,5098.985247812701,-0.05145362211987958,0.5151140236357605,3.0,0.0,0.5592341991082216,0.5592341991082216
3755,1,0.057818622755998875,0.05603260176969039,0.009717235731911238,1.3642908412873844,0.4264163665703859,7.255940362983313e-9,9.267603536012715e7,8.824580737703618e7,0.9341483728312394,0.5006438822551267,2.028512403651451,0.12297976801684099,34.12746735305948,-5100.014686752932,3.0,1.0,0.37903983027529886,-5100.014686752932,5105.310383592231,-0.06405953561534261,3.41654281087267,2.0,0.0,0.5592341991082216,0.5592341991082216
3756,1,0.05779455012654191,0.06556193043676566,0.00939607125519299,1.3441177897317012,0.427235971548672,7.133771741188794e-9,9.564179205405794e7,9.049280843358284e7,1.2099655058473624,0.5603651243637098,2.106746202009208,0.1255686843489415,45.98873867620947,-5098.346606373278,7.0,1.0,0.9684290601554076,-5098.346606373278,5105.784273224892,0.015512748123001074,-0.2807365884018509,3.0,0.0,0.5592341991082216,0.5592341991082216
3757,1,0.058039914590791074,0.06113231875358446,0.009513616746732526,1.3470053344841406,0.440520176213465,7.17223156331701e-9,9.346195643811978e7,9.010275015515402e7,0.9260603218808751,0.5051599827233121,2.241379074512498,0.1290442569035324,36.02831876912787,-5101.080333548696,7.0,1.0,0.38284304341634584,-5101.080333548696,5109.410541123454,0.5604521835794003,1.9307166161725036,3.0,0.0,0.5592341991082216,0.5592341991082216
3758,1,0.05745707995741761,0.06024755573854296,0.009653149342156102,1.3681739816854985,0.4219071286755113,7.181868093777509e-9,9.555220697321865e7,8.880306744254966e7,1.175632394355398,0.554535812398651,2.0540928589933594,0.12017599747453914,44.072719600023994,-5098.770068067298,7.0,1.0,1.0,-5098.770068067298,5105.807974067105,-0.634504879861197,-1.5464150483521735,3.0,0.0,0.5592341991082216,0.5592341991082216
3759,1,0.05793773805155294,0.061255746694522974,0.009440168127470283,1.3662691454308975,0.42488560662798175,7.1566085753446925e-9,9.012407188478225e7,9.018682972810808e7,1.1410755709308733,0.5573468192984061,1.9653807513346793,0.14452917160226114,39.14393668480865,-5096.790023529761,7.0,1.0,0.9441793219793951,-5096.790023529761,5103.692183021128,-0.6112471298656601,-0.6112471298656601,3.0,0.0,0.5592341991082216,0.5592341991082216
3760,1,0.057916855942663666,0.060970604806633806,0.009543323470633618,1.3379607746046311,0.42617966019168885,7.2037655806145145e-9,8.961436541685982e7,8.594400371990356e7,1.1066956171731352,0.5431568408026511,2.0204610973108212,0.13001311830217469,35.51641072972966,-5095.473418279798,7.0,1.0,0.9725512113041608,-5095.473418279798,5100.202353341933,-0.052713756118464516,-0.30475114295677486,3.0,0.0,0.5592341991082216,0.5592341991082216
3761,1,0.05801353363071182,0.05987275953311665,0.00951302827408258,1.3446268452542272,0.4266543557460277,7.187008662936333e-9,9.237331573410897e7,8.906758430538924e7,1.0867614639360992,0.5332103375833942,1.9618947987588558,0.13340936267593115,36.19909668732839,-5094.549692453758,3.0,1.0,0.5316401580387305,-5094.549692453758,5098.318082223128,-0.10148987461525394,1.460371389305692,2.0,0.0,0.5592341991082216,0.5592341991082216
3762,1,0.05766973987124373,0.05750806052628622,0.009571587897199491,1.3648043517976876,0.4209928410439982,7.183889037587376e-9,8.504950292766082e7,9.057051042566864e7,1.0210638720310254,0.5566847582107184,1.9725845839158624,0.1342350392427023,38.686739792801376,-5096.579625459967,7.0,1.0,0.7491254922373456,-5096.579625459967,5099.269131297657,0.20573374047671678,0.5000030408409657,3.0,0.0,0.5592341991082216,0.5592341991082216
3763,1,0.05810585940219877,0.0594891870816103,0.009520731738296265,1.3520465760218119,0.42739044688130334,7.216621827285111e-9,9.176581793811497e7,9.10823534614978e7,1.0771372631318825,0.4723841975728353,2.1854396461310635,0.10693579405079973,41.47141919539358,-5097.084450827026,7.0,1.0,0.5915562679853129,-5097.084450827026,5105.644590432614,0.0028587021051862394,1.2856553694400645,3.0,0.0,0.5592341991082216,0.5592341991082216
3764,1,0.05755033857952596,0.05937003656929586,0.009455250259638233,1.3602555605076556,0.43288361357105215,7.165332439833866e-9,9.892198994270964e7,1.001308689982755e8,1.1076730338127252,0.5769294355778926,2.160614569714283,0.1508901160776784,39.14658175631996,-5100.488194846009,7.0,1.0,0.2732814880338417,-5100.488194846009,5109.198915775671,0.9360097476455849,3.1436573061764648,3.0,0.0,0.5592341991082216,0.5592341991082216
3765,1,0.05758701640917917,0.062364775684399625,0.009175626700441749,1.354669394175889,0.44051480137707033,7.180431096353335e-9,9.977155718240902e7,8.587214679262382e7,0.9494135165584727,0.4646964772064065,1.859458252012534,0.11900115940963585,39.185541390519184,-5099.423106518997,7.0,1.0,0.9323512762134804,-5099.423106518997,5107.129686501505,-1.4029657544615475,-1.4029657544615475,3.0,0.0,0.5592341991082216,0.5592341991082216
3766,1,0.05797831369871024,0.060730963802360115,0.00943188920109651,1.3302407188283532,0.4250698389224399,7.1362913347662775e-9,9.352857500600502e7,9.668304775174971e7,1.2009672760649537,0.5750786887643511,2.2360963195883623,0.13806794679575696,37.13325311100804,-5097.783656284271,7.0,1.0,0.5401447280061467,-5097.783656284271,5104.290051116717,0.6468892665843669,0.73969927566759,3.0,0.0,0.5592341991082216,0.5592341991082216
3767,1,0.05814939895770137,0.06488271933648586,0.00947124428090828,1.3524485279284715,0.41870863920242196,7.0900205110324445e-9,9.192700840539022e7,8.319016959272937e7,1.083690123402159,0.5525898443716226,2.348590569426115,0.13476082397047526,37.86066068251149,-5099.628135001794,7.0,1.0,0.8765135407037355,-5099.628135001794,5104.35877279155,0.1628986187361079,0.2991400284699921,3.0,0.0,0.5592341991082216,0.5592341991082216
3768,1,0.05780931626236487,0.06242253804204871,0.009403527184723145,1.32651371979902,0.43305412799209225,7.157795811657164e-9,9.443352726355119e7,9.505183898791367e7,1.2375980547593433,0.48550326910971164,2.13480637519112,0.12735826465041325,44.03648665376764,-5098.70307967341,7.0,1.0,0.8222882981348208,-5098.70307967341,5105.144763656832,0.08609855152917589,0.43380733537742344,3.0,0.0,0.5592341991082216,0.5592341991082216
3769,1,0.057727717494463766,0.06002875126187814,0.009336476483912223,1.3214776131993837,0.4289762632117433,7.186296887411835e-9,9.282241379180492e7,8.471909557921045e7,1.0344993519731298,0.5394390329318208,2.1136513098402863,0.12122487691582792,43.253951370895486,-5095.321927647441,7.0,1.0,0.7903585761459304,-5095.321927647441,5102.49047357751,-0.5648692602535448,0.7681748127761239,3.0,0.0,0.5592341991082216,0.5592341991082216
3770,1,0.05780097999057456,0.06268207949324936,0.009363305864804671,1.3332071371459477,0.43299531361316773,7.198797448598065e-9,9.723637749856992e7,9.244482231478766e7,1.082805062441251,0.48658287747607365,2.3116061884279944,0.11848217937411114,38.58325994627245,-5095.056771131897,7.0,1.0,0.8593669254134405,-5095.056771131897,5099.080169897272,-0.08217773743763246,0.335979092323214,3.0,0.0,0.5592341991082216,0.5592341991082216
3771,1,0.057757291072588736,0.06254888286276228,0.009359027766476055,1.3231332013585337,0.43179901418725886,7.195961298496716e-9,9.379331312069191e7,8.915574669343102e7,1.040902069428199,0.47413399766027214,2.233043596050167,0.11459847265977989,38.915863248553485,-5095.791109275064,7.0,1.0,0.9712136726701817,-5095.791109275064,5098.364888824086,0.05180293826288107,0.09808032551609358,3.0,0.0,0.5592341991082216,0.5592341991082216
3772,1,0.058021944911591405,0.06429206787155195,0.009151822468277004,1.353044704905771,0.4387677590985059,7.078057046258032e-9,9.560424282267222e7,8.99390214411522e7,1.09262208629086,0.5960058032557752,2.096393632361792,0.13815459660832535,39.90311069511402,-5097.452586027044,7.0,1.0,0.9246654804915775,-5097.452586027044,5101.556060909295,0.07784697296028753,0.15662598823109875,3.0,0.0,0.5592341991082216,0.5592341991082216
3773,1,0.05770001274527013,0.059033903902389516,0.009393774895529412,1.3254194275625517,0.43182371356053484,7.168232732655199e-9,9.964294682782257e7,8.939375361027952e7,1.055701080786417,0.512347555708151,1.9708488329352725,0.1156372331051744,36.91776689096274,-5095.82854456061,7.0,1.0,0.5642543347835479,-5095.82854456061,5105.839176622366,-0.4005196868274652,1.326323365121425,3.0,0.0,0.5592341991082216,0.5592341991082216
3774,1,0.05792622250940071,0.06376387002338406,0.009482687470094928,1.3355229081157554,0.4234784024883876,7.22143395877582e-9,1.0527830149277991e8,8.77233986074679e7,1.0923118623353594,0.5918475694077664,2.1961427587801476,0.1224367349485975,35.27378612638155,-5099.104334100218,7.0,1.0,0.6096761419163739,-5099.104334100218,5103.983910884104,0.3259584984225512,0.7452055210278559,3.0,0.0,0.5592341991082216,0.5592341991082216
3775,1,0.05758679556161964,0.05472475774695111,0.009326449795803916,1.3365264646908221,0.4358555591078507,7.1420047909214366e-9,9.487357284261946e7,9.33254852121237e7,0.903458232846702,0.5659101870596056,2.309274352964078,0.1296877572625053,37.800998584733286,-5102.466843978914,7.0,1.0,0.8114943908474873,-5102.466843978914,5109.817600467991,0.27780748785062315,0.6295196499213489,3.0,0.0,0.5592341991082216,0.5592341991082216
3776,1,0.0579226067335207,0.06120099884493383,0.009479925244343611,1.3367446018987477,0.42709970027158095,7.201256987647348e-9,1.0572034694117296e8,9.486555892956261e7,0.9941487379150165,0.5297717172255311,2.213244577532081,0.13678625950524004,39.40102388820995,-5096.17975202226,7.0,1.0,0.8552742827466907,-5096.17975202226,5106.285885967514,-0.6830704175963547,-0.6830704175963547,3.0,0.0,0.5592341991082216,0.5592341991082216
3777,1,0.05773713774136886,0.062447422827780784,0.009477555919674637,1.3443128539184874,0.42545607463910023,7.19267417607723e-9,9.488994121893914e7,8.676366359408496e7,1.0751565211264233,0.5448835785203061,2.2462383951997866,0.12255968161236058,42.08089261813738,-5093.771813357146,7.0,1.0,0.9103245236252049,-5093.771813357146,5098.666157782374,-0.1887298909641686,0.2766926005060668,3.0,0.0,0.5592341991082216,0.5592341991082216
3778,1,0.05810063174251993,0.06089728205916175,0.00938939309286748,1.3562934150827173,0.43517354481750964,7.213625761085545e-9,1.0641600067154773e8,9.362540878325194e7,1.0339018158786728,0.5169081367875028,2.039386131378177,0.12172215390083756,38.09397185235231,-5096.663043729251,7.0,1.0,0.6043853837115422,-5096.663043729251,5103.027756261098,0.34350975207235024,0.9007217005764687,3.0,0.0,0.5592341991082216,0.5592341991082216
3779,1,0.05783999697884499,0.061031251846671804,0.009416954536270606,1.354085361842381,0.43063344138686555,7.203583992580589e-9,9.980981844407356e7,9.478401948878579e7,0.9833012240068304,0.4963107506183336,2.468045674346876,0.11492440449049098,43.42900227440844,-5097.52284748529,7.0,1.0,0.6662093070159393,-5097.52284748529,5104.536076485647,-0.04802757026118343,0.724979562266526,3.0,0.0,0.5592341991082216,0.5592341991082216
3780,1,0.057948620466602256,0.06363188332446454,0.009599917461634268,1.3462384404602765,0.42724034673884415,7.206173035609797e-9,8.966894159469448e7,8.858347760202242e7,1.1436304187400672,0.5829080963697229,1.9840270591995124,0.1335602636348733,36.27201774285556,-5098.062262014603,7.0,1.0,0.49706144372409433,-5098.062262014603,5106.279867553878,0.20052282505548646,1.3327832072964156,3.0,0.0,0.5592341991082216,0.5592341991082216
3781,1,0.057818631351615274,0.05804862710649501,0.00938778606036388,1.3534679809662726,0.4289078336176768,7.0986491923566686e-9,9.342731496889274e7,9.355712683988899e7,0.9785220260707153,0.47652548205910356,2.2999932721497016,0.1259087306348862,40.718593948809,-5096.928079707361,7.0,1.0,0.9004579658458043,-5096.928079707361,5101.39851246299,0.10847184404610744,0.3727512037139604,3.0,0.0,0.5592341991082216,0.5592341991082216
3782,1,0.05785984882543839,0.06209070054464746,0.009504107427700165,1.3516005121154915,0.4284817756837853,7.261699863949027e-9,9.640955279890056e7,8.792313002022292e7,1.1159665009723545,0.5748298586066476,1.9462607554284752,0.13228211584040037,44.234952573034136,-5097.390119575915,7.0,1.0,0.9742664449801032,-5097.390119575915,5101.383572423526,-0.03505634300836391,-0.32636649121923256,3.0,0.0,0.5592341991082216,0.5592341991082216
3783,1,0.05806844903020883,0.0605406727850101,0.0096275190145672,1.3683213545180397,0.41973687578800467,7.190634926852209e-9,9.459685750066856e7,9.755165775872289e7,1.0266931263875283,0.49716445004209564,2.321551345108859,0.11416180304532163,35.8113748003124,-5097.715763038991,7.0,1.0,0.9868934310703759,-5097.715763038991,5103.110994068862,-0.0066644904982240405,-0.1808190465071675,3.0,0.0,0.5592341991082216,0.5592341991082216
3784,1,0.05808235657558892,0.0602434594671066,0.009285995553243952,1.3314882970704565,0.43127551766267896,7.114496707094666e-9,1.0689574526976012e8,8.650242556202641e7,1.0869805060121576,0.6242205924700238,2.0909346480027176,0.12893826953524773,44.10387135665891,-5099.282124284228,7.0,1.0,0.6825873671666017,-5099.282124284228,5106.399595414287,0.3577811413042582,0.5988947743671815,3.0,0.0,0.5592341991082216,0.5592341991082216
3785,1,0.05750555605324256,0.06185221088906881,0.00929253961858318,1.361602539695531,0.42706750986949515,7.14207940823889e-9,8.474222156335817e7,9.55074045270355e7,1.0451881311171376,0.4731423829966764,2.236633157116998,0.12540086551179805,36.53266840349429,-5098.794783628403,7.0,1.0,0.7701655583036084,-5098.794783628403,5106.609129898615,-0.05110855125622038,0.9050574390230395,3.0,0.0,0.5592341991082216,0.5592341991082216
3786,1,0.05809849063922201,0.0632213335445442,0.009142892469406208,1.3452516254985367,0.43530615838591963,7.116164505037902e-9,9.85905156731346e7,9.811244471175836e7,1.0284390033888242,0.5379935004817419,2.061343381008743,0.13356341159015628,37.12092652186668,-5096.713524284061,7.0,1.0,0.8171697213266452,-5096.713524284061,5105.866583768476,0.025723187887706445,0.9452063233256922,3.0,0.0,0.5592341991082216,0.5592341991082216
3787,1,0.057734362108532854,0.05895728402108872,0.00957182635495214,1.3520018220605985,0.4250253355167023,7.273086935934297e-9,8.961795317908758e7,8.112779510732615e7,1.078276312007751,0.5320569165725982,2.174965955650745,0.11223894289907148,43.71223147389006,-5096.648029414103,7.0,1.0,0.7716560037942257,-5096.648029414103,5100.627135500688,-0.29178810326084204,0.7103241162049017,3.0,0.0,0.5592341991082216,0.5592341991082216
3788,1,0.05822560305399521,0.06818068785225614,0.009298995443973269,1.3375641642200635,0.4378454135657268,7.130338757993552e-9,1.0163345273841406e8,9.806311794162892e7,1.0456453804890857,0.5176017832437769,2.0686808039880575,0.132720602682532,35.959058816234766,-5099.710453757235,7.0,1.0,0.7021167947792445,-5099.710453757235,5103.899144196926,0.3980866684614739,0.5981666061579745,3.0,0.0,0.5592341991082216,0.5592341991082216
3789,1,0.05778581794975163,0.055974686652543355,0.009574118832534815,1.3585628676122687,0.43270034991875544,7.230940666652712e-9,9.24543508122098e7,8.33140291206981e7,1.0583998219649213,0.5424149405721873,2.2268629652033516,0.11582689006604807,42.43924618897757,-5096.892005068374,7.0,1.0,0.9691562450486526,-5096.892005068374,5104.05684909824,-0.2615295594823692,-0.2615295594823692,3.0,0.0,0.5592341991082216,0.5592341991082216
3790,1,0.05797006191978323,0.06216352875095617,0.009273372916167508,1.3578955615153987,0.4291207001654738,7.151170671479404e-9,9.481459885632174e7,9.784934587843212e7,1.070985356378364,0.5115031705208797,2.0159860810278114,0.13855757323583182,37.107940923640655,-5096.391324882578,7.0,1.0,0.9964381096220851,-5096.391324882578,5100.481485268187,0.02524933099084592,-0.4536784309811992,3.0,0.0,0.5592341991082216,0.5592341991082216
3791,1,0.05777897247593478,0.05860604525031296,0.009467026740045657,1.3391705454017222,0.42720856346310254,7.184211710393399e-9,9.888333641129838e7,8.781936791959153e7,0.9930362421613251,0.5208248121957306,2.090862026885594,0.10919777749256109,43.98290540715799,-5095.7985650630035,7.0,1.0,0.6444137609442668,-5095.7985650630035,5100.5713567194,-0.4849737033537167,1.1434330354732083,3.0,0.0,0.5592341991082216,0.5592341991082216
3792,1,0.05787452665203716,0.061911896973157146,0.00932520615599582,1.3376489437532768,0.42701278597195846,7.186590147047474e-9,9.079282777853371e7,7.483345714000514e7,1.028781531466264,0.5101919500686724,2.076569506483237,0.12662441735954957,38.081357970908876,-5097.673320338217,7.0,1.0,0.7327733719358849,-5097.673320338217,5102.408970181173,0.5152442927565062,0.5152442927565062,3.0,0.0,0.5592341991082216,0.5592341991082216
3793,1,0.05797572350991908,0.06207800138548467,0.009205031509275614,1.3519646517538422,0.4341434541720062,7.170236523922196e-9,9.894085578887227e7,1.0853067085499188e8,1.0888220549010008,0.555038976335311,2.0828859933331465,0.12137281630945045,41.00531762241565,-5098.128996169573,7.0,1.0,0.9737685966604742,-5098.128996169573,5101.55556011584,0.14095570032714022,-0.4234619947783358,3.0,0.0,0.5592341991082216,0.5592341991082216
3794,1,0.05778799406969516,0.0651606207228201,0.009182599977334543,1.316340983004722,0.43559274697381684,7.108265179645364e-9,9.047571001200691e7,7.851038032786523e7,1.02084737509022,0.5195976246592228,2.2670489535281115,0.12709123915533202,40.06442810935068,-5097.763951316888,7.0,1.0,0.7987606190290458,-5097.763951316888,5106.847088435887,-0.46356724772431335,0.8240182875015307,3.0,0.0,0.5592341991082216,0.5592341991082216
3795,1,0.057793607087334935,0.062466655688859556,0.009261568230660794,1.3575619132121113,0.43709445768653654,7.116723400072345e-9,1.0160200110078879e8,1.0296429036721224e8,1.0818275551546854,0.5462155944405092,2.0315606272234814,0.12056435997304088,40.084784138714184,-5096.423017808595,7.0,1.0,0.7816598440284318,-5096.423017808595,5104.919770327569,0.05293716497908463,0.45144459163111605,3.0,0.0,0.5592341991082216,0.5592341991082216
3796,1,0.05771707275904121,0.06261345049623686,0.009445377562860353,1.3290780355962322,0.42435730705167923,7.175137726151683e-9,8.90440852138328e7,7.903356889874159e7,1.016892795247677,0.5129893099500906,2.1446032700263933,0.1337183517207458,39.17355356713691,-5096.819013301274,7.0,1.0,0.6987381142187322,-5096.819013301274,5108.074860412731,-0.11931191234180005,0.8620729193935404,3.0,0.0,0.5592341991082216,0.5592341991082216
3797,1,0.057878680933882015,0.06364056001858423,0.009450803849910771,1.3424074025127508,0.4190494454795882,7.156789721757487e-9,9.077331784965172e7,8.388530990486336e7,1.0173560075339547,0.5294675751438738,1.8596465184067617,0.11828721447052085,36.145058425754264,-5098.267166197598,7.0,1.0,0.8806257130874222,-5098.267166197598,5103.357630562651,0.1174841316014863,0.3410966467254184,3.0,0.0,0.5592341991082216,0.5592341991082216
3798,1,0.057892043563936305,0.05671868894099738,0.009453507615440133,1.3561018714913418,0.43486603242580485,7.209761068200713e-9,9.018347264973307e7,1.0257594374971512e8,1.214417055483348,0.5184959238566911,2.1946748471631574,0.13470660613554175,43.1778042152655,-5099.498482164644,7.0,1.0,0.8516078323448394,-5099.498482164644,5104.937983687282,0.1309544476289375,0.3299368653742931,3.0,0.0,0.5592341991082216,0.5592341991082216
3799,1,0.05765537092194911,0.059159790390653694,0.009753590698342376,1.3715868556679147,0.41057333154866904,7.176720175352223e-9,9.642943647108965e7,8.021004475185226e7,0.9823373117346142,0.5385290976005626,2.149064456826343,0.1186352173096427,36.60730230857156,-5101.120477272618,7.0,1.0,0.8672667947737003,-5101.120477272618,5106.053649799578,0.34145132934736466,0.4480192777400589,3.0,0.0,0.5592341991082216,0.5592341991082216
3800,1,0.05793384134474626,0.05838494517862504,0.009469757542057724,1.3540185274461387,0.4430681758751287,7.242750462154853e-9,9.515098193668804e7,9.804524881073856e7,1.12517670789913,0.5029052495253176,2.3955905070238233,0.13605530922692974,45.57274025445369,-5103.2738931119675,7.0,1.0,0.8441385455527227,-5103.2738931119675,5107.990746384979,0.4421756852607359,0.6032543189166972,3.0,0.0,0.5592341991082216,0.5592341991082216
3801,1,0.05768997519983411,0.05927383702540657,0.009367889276831833,1.3508452837236065,0.4328714602362205,7.148396854227372e-9,1.0749468267181894e8,1.0318302499809612e8,1.0625752342701997,0.5579059418113057,1.9856076746041453,0.12721612712968502,44.862365983633346,-5098.8798578338465,7.0,1.0,0.4664191848091927,-5098.8798578338465,5112.83666572271,-0.6661053665038708,1.7435597630910706,3.0,0.0,0.5592341991082216,0.5592341991082216
3802,1,0.05759023674301954,0.061109918056450795,0.009313728075847613,1.3593609782036116,0.426734084581474,7.1526809576195466e-9,1.03866544887804e8,8.802473114880057e7,1.0815901502767808,0.532031904153347,1.9872949429115423,0.11115480080765008,44.26214063787718,-5096.986715574095,7.0,1.0,1.0,-5096.986715574095,5102.5156876076235,-0.13084032602819207,-0.38770111448229727,3.0,0.0,0.5592341991082216,0.5592341991082216
3803,1,0.05824828641990597,0.05708427089793008,0.009410194224153807,1.3433540191396267,0.4224016288481216,7.082425349501441e-9,8.506242068420075e7,8.396321190222202e7,1.136911730611708,0.5054556083047893,2.30485017616297,0.13221752576958953,39.342744225727365,-5100.516143219252,7.0,1.0,0.72941873349796,-5100.516143219252,5104.707977604794,0.514828623620815,0.722457600348207,3.0,0.0,0.5592341991082216,0.5592341991082216
3804,1,0.05762523690821974,0.06461533719767076,0.009291501747151668,1.349756008874045,0.4355449956413129,7.232627882299215e-9,1.0912411160627526e8,9.633595159835586e7,0.9934659499322313,0.5539943970832458,1.8551475987359674,0.12245492398395755,41.72550761337032,-5099.670544687706,7.0,1.0,0.8147337377841682,-5099.670544687706,5107.133444457651,-0.6036025479452292,0.9218390923688276,3.0,0.0,0.5592341991082216,0.5592341991082216
3805,1,0.058222450343797645,0.06346710181747466,0.009439471396913007,1.3416396071122851,0.43149341770746297,7.140893259962933e-9,8.543942525167763e7,8.414262550539128e7,1.1502608343881104,0.5339365054400114,1.9753588597156313,0.15362554154438068,41.59993652153291,-5101.023268706013,7.0,1.0,0.7847121262671407,-5101.023268706013,5110.222836109903,0.089956700091534,0.5999933537041215,3.0,0.0,0.5592341991082216,0.5592341991082216
3806,1,0.057722646713328586,0.06338916900334012,0.009397331726609167,1.3385952759598179,0.4234246080680304,7.150078959930427e-9,9.744473956414635e7,8.985162392559798e7,1.1372431209599532,0.5299519800780238,1.9245003264599199,0.1283466735388014,40.28198640008795,-5095.416200603187,7.0,1.0,0.7623593809926127,-5095.416200603187,5104.99875672533,-0.5060055847970943,0.9327374875911119,3.0,0.0,0.5592341991082216,0.5592341991082216
3807,1,0.0580918510337431,0.06312689896524756,0.009335714137699375,1.3413576646379868,0.4223833037189947,7.160082641513644e-9,9.540751036870354e7,8.89732691648594e7,1.1230368332082334,0.5206040492326536,1.9993015711159845,0.1285484579832713,37.275272019534725,-5096.636713411803,7.0,1.0,0.6564136126021027,-5096.636713411803,5101.561732463352,0.7271168185607166,1.034277089812349,3.0,0.0,0.5592341991082216,0.5592341991082216
3808,1,0.05804074721099677,0.05528103165360338,0.009532374189229052,1.35288095630946,0.42554293686129546,7.198764570263221e-9,9.189417632802735e7,8.865919728294276e7,1.0436105097916712,0.5269979548008953,2.1319632990602186,0.12681053050139482,39.840069817684814,-5094.73700539287,7.0,1.0,0.6651107052764001,-5094.73700539287,5102.094692937857,-0.3389635001331044,1.2088688954827376,3.0,0.0,0.5592341991082216,0.5592341991082216
3809,1,0.05782520058238517,0.06377818752008414,0.009352160536732455,1.3497913062495954,0.428515259926457,7.147597843094866e-9,9.318300031429884e7,9.135682005546415e7,1.0979939475706355,0.5346761197912061,2.1345125018297737,0.1174751985566015,39.436950726573365,-5092.908416723522,7.0,1.0,0.9234243060165441,-5092.908416723522,5099.647860309076,-0.3728645635419525,-0.3728645635419525,3.0,0.0,0.5592341991082216,0.5592341991082216
3810,1,0.057795711820124024,0.06118514952524063,0.009419394422590422,1.3381848601400377,0.4236099507156228,7.164223382243726e-9,8.937023487043087e7,8.08192678113986e7,1.0663918693913454,0.5437386678914284,2.053985227911862,0.1140427696471234,37.39905231051003,-5095.2432120606145,7.0,1.0,0.6457568400744184,-5095.2432120606145,5103.3753227619845,0.1494861637129361,0.7538507896697411,2.0,0.0,0.5592341991082216,0.5592341991082216
3811,1,0.05803673394274916,0.06157786933498251,0.009606439238678648,1.3652300500086176,0.4241761892730539,7.228186218913177e-9,9.707192401666461e7,1.0268632872645544e8,1.0867372603183652,0.5220038535571279,2.316141653270299,0.13198338111640762,42.01608711961226,-5097.472475174674,7.0,1.0,0.7252366298469981,-5097.472475174674,5104.454480440856,0.23995326066869893,0.7226166105865559,3.0,0.0,0.5592341991082216,0.5592341991082216
3812,1,0.05760048499156612,0.05777931225595255,0.009482779633640654,1.333517466639727,0.4264834162603158,7.177129752663542e-9,9.224281404894383e7,7.832217279284249e7,1.0606240508485316,0.5469070431695812,2.12049098800912,0.11320025726736224,37.30538596653931,-5097.589835285868,7.0,1.0,0.9314884049815053,-5097.589835285868,5101.578001943065,0.26562779057076114,0.26562779057076114,3.0,0.0,0.5592341991082216,0.5592341991082216
3813,1,0.057990563510074866,0.0645624364949145,0.009242594578094884,1.3633628396640394,0.43944010213753903,7.0836745825968565e-9,9.672317224258979e7,1.0240678383126885e8,1.0421378016442413,0.5302665531519175,2.2341335179938433,0.13417907750045127,41.68903121585262,-5098.646096094539,7.0,1.0,0.6482680031234626,-5098.646096094539,5106.028999438138,-0.0199493266927675,2.3000385669320167,3.0,0.0,0.5592341991082216,0.5592341991082216
3814,1,0.058068613760598076,0.0625235136236294,0.00936284263667356,1.3331713507668665,0.4283180436465652,7.170979715068329e-9,9.458686024442649e7,9.292936938840109e7,0.9978590994965135,0.5139633792751146,2.1960209025211315,0.12407621435821221,41.26218618305012,-5094.337201104071,7.0,1.0,1.0,-5094.337201104071,5101.002344423192,-0.3202256614486032,-0.4600314460358277,3.0,0.0,0.5592341991082216,0.5592341991082216
3815,1,0.05766270290719262,0.05657123827158053,0.009560542886832321,1.3472501965260364,0.4211892756793231,7.226780965833857e-9,8.958224730993499e7,8.828677490757538e7,1.1606877815860055,0.49908116152403065,2.2051181245257783,0.13166199106103804,38.07199173371836,-5096.221333807558,7.0,1.0,0.8150870234799356,-5096.221333807558,5101.79813410792,0.06416997695487225,0.41937006635089347,3.0,0.0,0.5592341991082216,0.5592341991082216
3816,1,0.058431184928399486,0.05972353274347114,0.009744851763369568,1.3533011660946959,0.4195126068162388,7.086311205694849e-9,1.1120057040054284e8,9.818857012132362e7,1.0309285117213063,0.5128447804975663,2.313271845227919,0.12218123275898497,37.856840920432326,-5103.952715896645,7.0,1.0,0.5585507373193136,-5103.952715896645,5107.602690304963,1.0748873216261927,1.0748873216261927,3.0,0.0,0.5592341991082216,0.5592341991082216
3817,1,0.057834173471042936,0.058687211549632676,0.009734959590469099,1.354334790516822,0.4247218208019823,7.22744542497303e-9,7.838045036313403e7,8.434465197933422e7,1.0854688244371602,0.5015555651927919,1.9894385639199932,0.11315025591314372,42.03850675591854,-5100.725579050433,7.0,1.0,0.8957724247266994,-5100.725579050433,5110.803926198677,-0.30526588268821797,0.4445690279817427,3.0,0.0,0.5592341991082216,0.5592341991082216
3818,1,0.057786166233755286,0.062135120737551154,0.009460251865726996,1.3679940799150498,0.42726209267175946,7.142141617747185e-9,1.0026009802662015e8,9.043430892056242e7,0.998909752389604,0.5301870333917976,2.1984936556830315,0.14286855921422084,40.11773038892181,-5096.323626516353,7.0,1.0,0.9297812163914398,-5096.323626516353,5109.030811002765,-0.45293644842786307,-0.6950582844265227,3.0,0.0,0.5592341991082216,0.5592341991082216
3819,1,0.05789526469973353,0.06044480469111524,0.009496309694209112,1.3606175196138113,0.41707150612488963,7.138164703220553e-9,1.015798832283977e8,7.898773767636503e7,1.043808971266466,0.5055156370137159,2.4158921259444184,0.15041974574057237,40.04048263943947,-5101.643411739277,7.0,1.0,0.7749138128121034,-5101.643411739277,5104.418280096323,0.1890136298716243,0.7217196434130528,3.0,0.0,0.5592341991082216,0.5592341991082216
3820,1,0.05761869905379592,0.06295957865020237,0.009397386579751386,1.342904435068574,0.4318034312415399,7.165876809404239e-9,8.679413108270028e7,1.0575881529312775e8,1.0761244030465957,0.5561006159036922,1.8677127183780682,0.102578212746809,39.12973834934863,-5102.20221116653,7.0,1.0,0.7385598247686145,-5102.20221116653,5106.2878103927615,0.5133766168437432,0.7538496062979902,3.0,0.0,0.5592341991082216,0.5592341991082216
3821,1,0.05794044672369689,0.060403378889627136,0.00960664879732133,1.3670063146853395,0.42595113126433987,7.1801540154348435e-9,9.847581078516868e7,8.502346473660031e7,1.0555715182287613,0.5127628974396641,2.302534066295968,0.14191066201559013,40.64131661702539,-5096.479745464319,7.0,1.0,1.0,-5096.479745464319,5103.398400666855,-0.6239892754083485,-0.8802654111786978,3.0,0.0,0.5592341991082216,0.5592341991082216
3822,1,0.05779527163350997,0.06230665451518473,0.009310573620236781,1.3368280687426102,0.4301855625838316,7.144969514587996e-9,9.435487503884067e7,1.0612393355157548e8,1.0469820597127466,0.5449116032353051,1.954342495736462,0.10699495789212445,38.3677377725678,-5097.7502491354,7.0,1.0,0.6989589364572352,-5097.7502491354,5103.537808438937,-0.09628248200442613,0.9073224758758442,3.0,0.0,0.5592341991082216,0.5592341991082216
3823,1,0.057592381159424264,0.06109332739899421,0.009521114300055918,1.377503028614732,0.43212364636122447,7.256896181055521e-9,9.611019061845155e7,8.389718255957945e7,1.1055852028595001,0.4999270053842843,2.161837607987582,0.1537257823762994,35.37899545758906,-5101.822443361347,7.0,1.0,0.7007220805400894,-5101.822443361347,5108.261513058563,0.5356249991455115,0.6470953877360444,3.0,0.0,0.5592341991082216,0.5592341991082216
3824,1,0.058130762624857606,0.0587577367908156,0.00941149573138866,1.3234552680289078,0.42746111065236936,7.134360483176039e-9,9.51323797209339e7,9.678657824415578e7,1.0252157745339574,0.5553109089188474,2.08205726886677,0.10689942460658577,45.23214739636778,-5098.952215274585,7.0,1.0,0.9653755370468166,-5098.952215274585,5106.689692483882,-0.3319617970901163,-0.6433531154452794,3.0,0.0,0.5592341991082216,0.5592341991082216
3825,1,0.057570704459696004,0.0646759086335965,0.009104581824672265,1.3503443918528637,0.4382004090633444,7.158049294464972e-9,9.674427160996702e7,8.289537901238133e7,1.0410992520216453,0.5124982871500063,2.542396286761421,0.13234614727042648,35.459575403446095,-5100.19059924504,7.0,1.0,0.9679464614837876,-5100.19059924504,5104.686256016216,-0.06709852002768457,0.25408582598993235,3.0,0.0,0.5592341991082216,0.5592341991082216
3826,1,0.057455748234963494,0.06551421346273956,0.00930312531130973,1.3384650124361819,0.4341881454710116,7.161587450937284e-9,9.523295600317581e7,8.906183668367068e7,0.9468593478836179,0.5615523191223065,2.194101617575924,0.12926430342569123,40.82181419882944,-5097.68171053784,7.0,1.0,0.7780177124541533,-5097.68171053784,5104.832528403554,0.4312427946315438,0.7484435220076193,3.0,0.0,0.5592341991082216,0.5592341991082216
3827,1,0.05822689903574669,0.05737621174954126,0.009497169607198031,1.346986585814467,0.4236310219217448,7.144621268897039e-9,9.857908419015796e7,8.904583242558832e7,1.1860655404854241,0.5087760761286203,2.116589172239304,0.11695721965060342,39.18611766496469,-5096.375209262925,7.0,1.0,0.9511937309434462,-5096.375209262925,5105.791439316938,-0.23078330730641028,-0.5066233938414371,3.0,0.0,0.5592341991082216,0.5592341991082216
3828,1,0.057764335562213,0.05758783527493831,0.009487977092214807,1.354860172360984,0.42594276221761823,7.150820993168285e-9,9.070456191926481e7,8.478013311735283e7,1.0989626312852763,0.5600506583757298,2.0612158715921725,0.14442447360495111,48.55828716643965,-5100.277869710145,7.0,1.0,0.4683352937992102,-5100.277869710145,5106.398508848465,0.4838434443472579,1.068212957688047,3.0,0.0,0.5592341991082216,0.5592341991082216
3829,1,0.05793284401403261,0.057583233897616506,0.009574070372578562,1.3549247804015636,0.42197071938636105,7.15079542760936e-9,9.412285160051955e7,8.919765851368709e7,1.1758593074973627,0.5494334700838239,2.108967664951245,0.13814138040682705,43.45514645762901,-5096.406187702471,7.0,1.0,0.9166265532181617,-5096.406187702471,5106.596736675795,-0.32785687583054823,-0.5384755621562363,3.0,0.0,0.5592341991082216,0.5592341991082216
3830,1,0.05827454996862706,0.057192457428405716,0.009798937388702397,1.3635259923611716,0.4146376249630066,7.2353592343565955e-9,9.535677322886692e7,8.475099195792972e7,1.0914593877790464,0.4734490913129007,2.1449642963776565,0.1251465852587545,37.31253342172234,-5099.120717004523,7.0,1.0,0.9270699491549023,-5099.120717004523,5101.8377315102325,0.270106193128413,0.270106193128413,3.0,0.0,0.5592341991082216,0.5592341991082216
3831,1,0.057972625482855145,0.05622300885365853,0.009912573873691832,1.3703141048214116,0.41159370993536143,7.251717480886406e-9,9.077347741227168e7,8.648875720717442e7,1.07201966806583,0.488687364262118,2.1610339089049466,0.12356180788827906,38.80494237373051,-5097.610629716232,7.0,1.0,0.9992532450018782,-5097.610629716232,5103.213325222651,-0.6588606168652404,-0.6588606168652404,3.0,0.0,0.5592341991082216,0.5592341991082216
3832,1,0.05743330694772183,0.06079573332293733,0.009176112654051684,1.3564195534415462,0.4380380912947997,7.176257458852125e-9,1.0138796172717874e8,9.311072673018451e7,1.0829699133078825,0.5813015203313785,2.080843275044457,0.12070040991091951,40.781884197250214,-5096.597421606952,7.0,1.0,0.7130475296737094,-5096.597421606952,5102.857505584403,0.32723312934285786,0.379411481923853,3.0,0.0,0.5592341991082216,0.5592341991082216
3833,1,0.05838411021638419,0.06374554550089631,0.009537164251749941,1.3326077915509182,0.4285624866362633,7.1636462185649945e-9,8.841331453441085e7,8.851961262424457e7,1.1237889754979113,0.4927685546627282,2.0812313647118508,0.12185178673255904,38.026565174678346,-5098.104106620003,7.0,1.0,0.8187334843257259,-5098.104106620003,5104.001805236535,0.25927061200036405,-0.5511355654125509,3.0,0.0,0.5592341991082216,0.5592341991082216
3834,1,0.05761355488220572,0.06122211580219942,0.009037811185007322,1.3354149170567529,0.42852240303955197,7.119199844649844e-9,9.184623799571837e7,8.453833875000821e7,0.9914500766986989,0.5791212476634361,1.903810134795006,0.12225792155980304,37.757255398609274,-5101.730470392478,7.0,1.0,0.5149001516778137,-5101.730470392478,5106.468929435494,1.4842158368874152,1.4842158368874152,3.0,0.0,0.5592341991082216,0.5592341991082216
3835,1,0.05777988647120206,0.06463884975612955,0.009468912180048864,1.3423900882947886,0.42884000049376103,7.204768354217692e-9,1.1155014347649963e8,8.519086738257033e7,1.0333009343196855,0.4998703284768782,2.134491958173541,0.12213840422816284,40.53535637649941,-5097.577996427719,7.0,1.0,1.0,-5097.577996427719,5104.931472714329,-1.4368959417588485,-1.757084047254466,3.0,0.0,0.5592341991082216,0.5592341991082216
3836,1,0.05829335377151536,0.06595729729827285,0.0093193479174748,1.3338395312016653,0.43333205342128484,7.197151016911442e-9,8.130637263388819e7,8.910004128952543e7,1.0122452505975197,0.5329198557496159,2.1009070535349106,0.12686177647383762,38.158332614268595,-5100.829538005393,7.0,1.0,0.5705483176462477,-5100.829538005393,5106.277958309706,0.8131118644687376,1.2975641722014188,3.0,0.0,0.5592341991082216,0.5592341991082216
3837,1,0.05771920456254108,0.06125829289741862,0.009325105222174244,1.3324557609366428,0.4242562606485153,7.085217556303385e-9,9.983042532381931e7,8.590036444859233e7,1.0516697403815367,0.4927725934085347,2.1255015379248436,0.1110384228754567,48.983802137809285,-5101.126473954258,7.0,1.0,0.978005058236686,-5101.126473954258,5107.261764345306,-0.22788753165787057,-0.4757158601869378,3.0,0.0,0.5592341991082216,0.5592341991082216
3838,1,0.05853095452788097,0.06124930259464564,0.009340799998665186,1.3475960099473006,0.4383816436927408,7.101160543389754e-9,9.218549147542445e7,9.328818633065283e7,1.2023439221805738,0.544949420535578,2.1093481095737854,0.12470210616208331,39.495696309879946,-5099.057673469786,7.0,1.0,0.8114558681660006,-5099.057673469786,5110.717291332289,-0.1605993158509591,0.6010979046577631,2.0,0.0,0.5592341991082216,0.5592341991082216
3839,1,0.057573464337662604,0.059859889785375126,0.009214146826168973,1.3412232342052248,0.42415819836162477,7.1607874775933296e-9,9.490841526258151e7,9.92603533529791e7,1.0112822361990232,0.49837710140219194,1.9821595422335048,0.12551031086047165,40.549680699077456,-5098.493844334707,7.0,1.0,0.3799704939990257,-5098.493844334707,5108.151422221447,0.7460235191592801,2.9085794834509215,3.0,0.0,0.5592341991082216,0.5592341991082216
3840,1,0.05823983938159013,0.05994033331100181,0.009392071612370403,1.3482963841379498,0.43203051100900314,7.199980307089218e-9,9.445109776059988e7,9.179533077815653e7,1.1640356998934374,0.5757799559734753,2.0659046278465683,0.1145736593445753,40.11064875391733,-5096.9813368273835,7.0,1.0,0.9333025857323608,-5096.9813368273835,5105.1982203095,-0.6162783946474519,-0.9972534470125538,3.0,0.0,0.5592341991082216,0.5592341991082216
3841,1,0.057355168170470774,0.06148401695540456,0.009298373443134895,1.3413987513891115,0.425892678206635,7.171134639395949e-9,1.0266748576801033e8,8.519990373707446e7,0.9431659018178983,0.46501781145456744,2.294619025063142,0.1256203809637304,40.351231852123995,-5099.869363529723,7.0,1.0,0.7308044739257343,-5099.869363529723,5103.128606745098,-0.11816914292649017,0.9883171271321771,3.0,0.0,0.5592341991082216,0.5592341991082216
3842,1,0.05781560103533764,0.06409836243251342,0.009476568630228208,1.3598936434229962,0.4320616063058871,7.219040492995706e-9,9.263868873875107e7,1.0390884469763958e8,1.0717620331590096,0.5325736758313826,2.075124481191094,0.11224556195369952,44.404857079099024,-5098.400260929501,7.0,1.0,0.9604148933819581,-5098.400260929501,5105.3529803134315,-0.025446311818086542,-0.2802688548954393,3.0,0.0,0.5592341991082216,0.5592341991082216
3843,1,0.05808717571431982,0.054739492113382957,0.009695648733322054,1.3499692607540912,0.4185853270699448,7.1697050013285415e-9,9.396487233171086e7,8.711062339433816e7,1.0531927229713942,0.5256447997758811,2.131932865233004,0.13802046562474082,35.454738523613926,-5098.145592847831,7.0,1.0,0.9787326271623534,-5098.145592847831,5105.892451413678,-0.23552749496229808,-0.34259035346531164,3.0,0.0,0.5592341991082216,0.5592341991082216
3844,1,0.05773369951951462,0.0643730053534029,0.009229196995569806,1.335988572033258,0.4352905555012727,7.1715739955657365e-9,9.487571048423599e7,8.699281188160662e7,1.0411715384722386,0.5542192395855771,2.098244082029339,0.11120503688280187,42.74095086781688,-5095.113457660682,7.0,1.0,0.9795396339734381,-5095.113457660682,5101.16275707621,-0.2401330463726481,-0.25728405317477154,3.0,0.0,0.5592341991082216,0.5592341991082216
3845,1,0.05811595917835524,0.05932562102866372,0.009598203847813035,1.3554507669265028,0.4269998606601839,7.171405203946476e-9,9.647905638518293e7,8.919544003729276e7,1.0666366654910509,0.5101839617967688,2.180464934506342,0.1343778245671497,36.49365991220479,-5094.872972517594,7.0,1.0,0.8697733702305964,-5094.872972517594,5099.060418716837,0.10751504835116066,0.2447376023619654,3.0,0.0,0.5592341991082216,0.5592341991082216
3846,1,0.057768938492006816,0.05961620169913093,0.009577867641187343,1.3605924519476171,0.4213988771458518,7.2135594661325675e-9,8.979108044833839e7,9.171163717943604e7,1.058404861555023,0.5465920754775165,2.0360031040685302,0.11227722126991674,46.74613648714606,-5096.873462578767,7.0,1.0,0.6873539625682203,-5096.873462578767,5105.879964802732,0.09154926305836852,0.723417875305131,3.0,0.0,0.5592341991082216,0.5592341991082216
3847,1,0.05820895437091778,0.059946200433041,0.009362746221471326,1.3659898020436123,0.42765791252602586,7.13310669273355e-9,9.15684074660937e7,9.391428335147697e7,1.1304046400423122,0.5272175638461748,2.102050072493245,0.13665654677818082,36.880375387144944,-5096.980077055656,7.0,1.0,0.6045978733064087,-5096.980077055656,5103.876101611419,0.42915557641845226,0.8343262607122597,3.0,0.0,0.5592341991082216,0.5592341991082216
3848,1,0.05802954754605081,0.056893614638814455,0.009680918359267515,1.352503610054755,0.4262189550700912,7.162662596261256e-9,8.820809221595068e7,9.46529275017119e7,1.1838517438713305,0.5077065173872163,2.396314001570956,0.10220606320117243,38.858603173691534,-5101.867478818522,7.0,1.0,0.8618846021970299,-5101.867478818522,5106.088744421775,0.42864560307316424,0.42864560307316424,3.0,0.0,0.5592341991082216,0.5592341991082216
3849,1,0.05794401230207973,0.06343349875730181,0.009236386749271248,1.3552838645258942,0.42665504284243355,7.135648631977614e-9,1.086813836025826e8,8.791592032314518e7,1.0048694771064908,0.5362413475943859,1.8943240179658938,0.13760864992115177,37.02728381180535,-5099.417819477856,7.0,1.0,0.9610752606588328,-5099.417819477856,5107.273209655157,0.0334579687760197,-0.3901166936448135,3.0,0.0,0.5592341991082216,0.5592341991082216
3850,1,0.057899465321691115,0.0607111476075398,0.009469803644875027,1.3547760170265561,0.4278614431382947,7.198993945014998e-9,8.550091032368977e7,9.222993976958673e7,1.1385677461905641,0.5072835628015909,2.4595760147533587,0.11256495783422174,42.35525207231042,-5097.3466807817695,7.0,1.0,0.5932482989816287,-5097.3466807817695,5107.344316144927,-0.6172296460499638,1.609256892468693,3.0,0.0,0.5592341991082216,0.5592341991082216
3851,1,0.05786937776122333,0.06212170348418769,0.00919730773526983,1.3418278681064788,0.436551947116416,7.104033169356581e-9,1.0207065579745194e8,8.759069293123557e7,1.0118767360687395,0.52043730069196,2.061091910269672,0.12772468931206002,38.742148565562225,-5094.216429888605,7.0,1.0,0.8282272734427043,-5094.216429888605,5102.685162152964,-0.30607236445939634,0.41689668776052713,3.0,0.0,0.5592341991082216,0.5592341991082216
3852,1,0.05767776445664029,0.0640899370550447,0.009249497295895609,1.3426386128168808,0.43163035744214395,7.20031437561204e-9,9.199702148419072e7,9.862506985688569e7,1.043364576424111,0.5285746511873985,2.195310028962127,0.1310384125814843,39.85447949309289,-5095.223276952971,7.0,1.0,0.6157446612970787,-5095.223276952971,5099.1974912176975,0.3254590092246872,0.8249755648948849,3.0,0.0,0.5592341991082216,0.5592341991082216
3853,1,0.057643419156034395,0.06075241918816385,0.009309553135380916,1.3373460785837936,0.43488224803041986,7.1700248033888575e-9,1.0057388608854854e8,9.079998598211734e7,1.0535341415823136,0.5278274532374653,2.4164340373254007,0.1278722509935385,36.38626830734438,-5095.8822751493735,7.0,1.0,0.8320389829837455,-5095.8822751493735,5099.296509197739,-0.12393826781044481,0.47495707532834786,3.0,0.0,0.5592341991082216,0.5592341991082216
3854,1,0.057643419156034395,0.06075241918816385,0.009309553135380916,1.3373460785837936,0.43488224803041986,7.1700248033888575e-9,1.0057388608854854e8,9.079998598211734e7,1.0535341415823136,0.5278274532374653,2.4164340373254007,0.1278722509935385,36.38626830734438,-5095.8822751493735,7.0,1.0,0.3569977030032628,-5095.8822751493735,5109.384645028796,0.0,1.5772790207511207,3.0,0.0,0.5592341991082216,0.5592341991082216
3855,1,0.05749643111953681,0.060555053322244326,0.009304952674762793,1.345898087408056,0.42809765887401385,7.14195709745116e-9,1.0398406449487852e8,8.262028622717057e7,1.0374788697694062,0.5430512901714332,2.5128588914819727,0.12634557236190772,38.12339208617033,-5098.259859945811,7.0,1.0,0.7389627337794205,-5098.259859945811,5103.926689112703,0.18851103321048868,0.5916161124196151,3.0,0.0,0.5592341991082216,0.5592341991082216
3856,1,0.05761159322865074,0.057854669113651704,0.009195056282571636,1.3549837053170029,0.43656559067239714,7.170947952623126e-9,8.721702417873436e7,9.973671147815499e7,1.062869730704018,0.5322542136240739,2.1375819102333624,0.135635656157944,43.213266055623876,-5099.137630098443,7.0,1.0,0.4503670629350059,-5099.137630098443,5109.9292001956155,0.4496780216568368,1.9331926607519563,2.0,0.0,0.5592341991082216,0.5592341991082216
3857,1,0.05796182724715573,0.06149776089188038,0.00931203731892126,1.3414892677783925,0.4429143539511057,7.20116687336994e-9,1.0259050786187963e8,8.684216398086433e7,1.0965083432249045,0.5584104018415971,2.095142728763846,0.12919146845825402,37.46495670840951,-5097.381680556889,7.0,1.0,0.9476459593065597,-5097.381680556889,5103.788636761447,-0.18248067571494175,-0.37766840209496877,3.0,0.0,0.5592341991082216,0.5592341991082216
3858,1,0.0581142952617504,0.06144442886623401,0.009535763575553923,1.3588394602004368,0.41948885446102807,7.180387866717686e-9,9.013229947101621e7,8.986598872330774e7,1.0024911750938639,0.4935773883543681,2.147257671995496,0.11945028658131257,41.26902421108725,-5095.620852321833,7.0,1.0,0.7379647970909906,-5095.620852321833,5104.270476935092,0.08555140644784842,0.7532072693556984,3.0,0.0,0.5592341991082216,0.5592341991082216
3859,1,0.05785803678742755,0.05969291936506336,0.009112619410121921,1.3298002252470085,0.4361320820334735,7.106866206645451e-9,9.839487536010164e7,8.797514849375784e7,1.0604172488736991,0.5617747866158388,2.2663918542065113,0.11084030939542588,41.97002776482138,-5097.575212365854,15.0,1.0,0.8815843648874924,-5097.575212365854,5104.114860581904,0.10698804750063573,0.6191606211214093,3.0,0.0,0.5592341991082216,0.5592341991082216
3860,1,0.05772802852944249,0.06127906700084098,0.009611923818500245,1.3623934341769623,0.425938193576338,7.170545067601213e-9,9.27249997485473e7,9.463280296980235e7,1.0792354273202094,0.5033697496867825,2.084600128973367,0.1399511475666294,36.33812353209311,-5097.498256709283,7.0,1.0,0.8299208538882251,-5097.498256709283,5105.3144119906465,0.41235910281557153,0.41235910281557153,3.0,0.0,0.5592341991082216,0.5592341991082216
3861,1,0.05758949890096824,0.06118055168511657,0.009197887829031234,1.3354697527092145,0.4305104813046285,7.153528550036458e-9,8.894464682426614e7,9.124118268370456e7,1.0307448487131032,0.4989908353074105,2.0962930902345542,0.11209123421586627,41.36010158389011,-5096.081441778154,7.0,1.0,0.9726765184584549,-5096.081441778154,5101.882605618743,-0.5239200280011573,-0.8638967183978821,3.0,0.0,0.5592341991082216,0.5592341991082216
3862,1,0.057942909617505034,0.062054828325816984,0.009538244187130465,1.3721744363118744,0.42433323368876147,7.220829455934293e-9,1.022423747574644e8,9.259686092983647e7,1.1496855712901852,0.5766975176330565,2.0777679705621606,0.13161549168553693,35.96081890448388,-5097.591679621622,7.0,1.0,0.9759667871943092,-5097.591679621622,5100.587806729572,0.0629644999271477,-0.4315428838253865,3.0,0.0,0.5592341991082216,0.5592341991082216
3863,1,0.058137355099569465,0.062144574005040816,0.009452202308111883,1.3494473323133456,0.42792714805551274,7.193509532202007e-9,8.533211324669383e7,8.084952451937765e7,1.0849961352070243,0.5156872558122245,2.112222393773461,0.12809787392220534,38.80367259604774,-5096.089024621621,7.0,1.0,0.7437557179550895,-5096.089024621621,5106.050192972055,-0.029833360833436018,0.7147882685076183,3.0,0.0,0.5592341991082216,0.5592341991082216
3864,1,0.05796825005689058,0.06144125730741268,0.0093949071483637,1.3377799450181402,0.423119739110772,7.167206624452068e-9,8.903051447567561e7,8.130569203127636e7,1.0395072907894016,0.48818408745279757,2.1235580686736903,0.12860369348366896,38.492110314491185,-5095.799989480514,7.0,1.0,0.8905548130426116,-5095.799989480514,5100.650535237221,0.0652592863280006,0.4579594725282732,3.0,0.0,0.5592341991082216,0.5592341991082216
3865,1,0.0580146569921495,0.06305176082092419,0.009528752058334596,1.350297392875629,0.4311973549141416,7.1861018787966056e-9,9.440066510931109e7,8.393450395772004e7,0.9361938803777409,0.5017245976967628,2.1876908190926416,0.1301802901478094,35.96738124450978,-5098.024636986468,7.0,1.0,0.9413484803940675,-5098.024636986468,5100.526136183735,0.31804589725925325,0.31804589725925325,3.0,0.0,0.5592341991082216,0.5592341991082216
3866,1,0.05773399191785526,0.05992676685801137,0.009553127016534217,1.3478666593584205,0.42275432752210657,7.206650983126563e-9,9.781675023058146e7,9.689840227007334e7,1.037831534455786,0.5068743541361456,2.2383904665276613,0.11344483083959168,41.73376460681924,-5095.05625241431,7.0,1.0,0.9777945328471863,-5095.05625241431,5102.169325264191,-0.5053890920898993,-0.5745753505543689,3.0,0.0,0.5592341991082216,0.5592341991082216
3867,1,0.057978318031464186,0.06296539125090456,0.009294842198291114,1.3471528968440742,0.44118262979477985,7.137967948773239e-9,9.081949347138707e7,8.254573046997643e7,1.063444013992574,0.5516678071079163,1.9786979256540949,0.13032424967671513,37.44086205976081,-5096.579003288278,7.0,1.0,0.7874313058285942,-5096.579003288278,5100.2396433424265,0.3542635353142032,0.3923691874906581,3.0,0.0,0.5592341991082216,0.5592341991082216
3868,1,0.05788039374832038,0.06437455292052391,0.009316737015957827,1.3425287590475692,0.4297478772963903,7.044762206139361e-9,1.0195414523751009e8,9.210227768126968e7,1.1247332804769707,0.4827569230184554,2.2976661549684962,0.11808670217196493,43.92036518919706,-5099.088347784742,7.0,1.0,0.8908039723565141,-5099.088347784742,5104.588530730205,0.17767203914991114,0.41008142549344484,3.0,0.0,0.5592341991082216,0.5592341991082216
3869,1,0.05779982756294857,0.06066627832293606,0.009303024120690648,1.3245639727904337,0.43010026900127735,7.158766861315088e-9,9.177639259746069e7,9.415284848607479e7,0.9894795009154638,0.583968317993363,2.0477119710282916,0.11297411555484876,40.5441803771712,-5095.858918991331,7.0,1.0,0.9909951613792354,-5095.858918991331,5103.129321896986,-0.42437624111153127,-0.42437624111153127,3.0,0.0,0.5592341991082216,0.5592341991082216
3870,1,0.05771312094228327,0.05898710579424706,0.009716446495169513,1.3787268719895964,0.4206462495334894,7.150945930872498e-9,9.876499994552563e7,8.319370955872685e7,1.132669032093376,0.4792103784548969,2.2514487851997513,0.13398353181378692,39.89600803813366,-5100.01890914992,7.0,1.0,0.3021748519363416,-5100.01890914992,5103.95073207895,1.3588028160602335,2.4057925724164306,3.0,0.0,0.5592341991082216,0.5592341991082216
3871,1,0.0577640155685059,0.06783656720411954,0.009224846184213209,1.348553467924769,0.4384923804719915,7.162722356347577e-9,9.496962338408576e7,9.580188957102011e7,1.0207412289967588,0.5901708109168905,2.1511695798025703,0.12947275169761538,42.6833154963794,-5097.793576086979,7.0,1.0,0.7966059733223018,-5097.793576086979,5108.352991592171,-0.8388326246367797,1.139112776332695,3.0,0.0,0.5592341991082216,0.5592341991082216
3872,1,0.057758011646825494,0.06012669938850167,0.009128801624595926,1.3406832026771953,0.43700931670463566,7.084311135227852e-9,1.0531506128221478e8,8.980881796529949e7,1.080844874615281,0.5375229977436119,2.01504449777981,0.11000115880442654,36.537154359324475,-5097.889331080487,7.0,1.0,0.7927064815497185,-5097.889331080487,5104.937642264543,-0.0735619075530849,0.6162318157339541,3.0,0.0,0.5592341991082216,0.5592341991082216
3873,1,0.05781986309258697,0.06382969670902901,0.009554957964721132,1.3488922920925335,0.4146674819795489,7.1907626758497185e-9,8.815957578080569e7,9.492053067533423e7,1.0256997555260436,0.517824079320731,2.234248036681116,0.1430008372453772,41.541419263875504,-5098.911856641786,7.0,1.0,0.7663722770939021,-5098.911856641786,5103.878085771121,0.3183819638170462,0.4951192041262402,3.0,0.0,0.5592341991082216,0.5592341991082216
3874,1,0.05776726886477671,0.05580797441744425,0.009628506240418718,1.3481779316094427,0.4249614182576591,7.288904132642243e-9,9.394380625804467e7,9.017360169093151e7,0.9457657666777308,0.5493485771776792,1.918665740716605,0.11489308244067656,36.78681933757174,-5099.375908772025,7.0,1.0,0.9091109345588946,-5099.375908772025,5106.357032307478,-0.08911478886511759,0.19138134397053364,3.0,0.0,0.5592341991082216,0.5592341991082216
3875,1,0.0577120222459757,0.0626501968928568,0.00930207505652762,1.3519402552749835,0.4285467390500333,7.134046759241187e-9,9.055480403915787e7,8.87705642757816e7,1.1199085790497285,0.5077719197372146,2.248721234145392,0.1265821693138481,46.62495884594267,-5096.735447699351,7.0,1.0,0.8132483537008296,-5096.735447699351,5105.899678522923,0.06449546904059389,0.7140453100519153,3.0,0.0,0.5592341991082216,0.5592341991082216
3876,1,0.057757435623687466,0.05880118590737749,0.009499348907151501,1.3564642355815657,0.42790753657115277,7.1794781117090265e-9,9.883196839141168e7,9.234298479417162e7,0.9932570023972731,0.5557890016282966,2.0539242566794766,0.1190108378094158,34.562128996201906,-5095.557999806226,7.0,1.0,0.9132488778172215,-5095.557999806226,5102.195659872425,-0.2479314315778538,-0.2479314315778538,3.0,0.0,0.5592341991082216,0.5592341991082216
3877,1,0.05798705507944813,0.06456125896273147,0.009265076328299166,1.3262696429519554,0.4335412249317704,7.1103862271220664e-9,9.359045286488326e7,8.640307303126892e7,1.1845765965276334,0.4925467260078357,2.072432164721314,0.1513510905305062,46.33401458824416,-5102.014340848711,7.0,1.0,0.8029826883481537,-5102.014340848711,5104.223841602711,0.43896818838402396,0.43896818838402396,3.0,0.0,0.5592341991082216,0.5592341991082216
3878,1,0.05790500743777368,0.062356473306833825,0.009381152629968359,1.359593922115966,0.4307790000864237,7.21388112874644e-9,9.496217150088456e7,9.405456258844452e7,0.9432497856291652,0.5723611765240824,2.3035881183257647,0.10766721204785382,35.30865380425391,-5099.325787581151,7.0,1.0,0.906767957075209,-5099.325787581151,5107.969615603564,-0.27748780329420697,-0.5281900068248433,3.0,0.0,0.5592341991082216,0.5592341991082216
3879,1,0.05758785223636943,0.06114465597816437,0.00930332733720312,1.358864414388253,0.4381298796111221,7.1897080467679594e-9,1.0446203344584411e8,8.079528061905685e7,1.0835227747650513,0.5857764724063087,2.3646418614319846,0.13404553133024483,44.53737892925085,-5100.284259865807,7.0,1.0,0.7160904340315426,-5100.284259865807,5110.535794621617,0.12204129195015412,0.8328464211408573,3.0,0.0,0.5592341991082216,0.5592341991082216
3880,1,0.05793325496569993,0.062383296269065,0.00946615057035214,1.336692028704944,0.426149785647399,7.123607832315437e-9,8.744392173193172e7,9.889405174994457e7,1.06182547136243,0.48068184118915075,1.8934525673212532,0.12430065173086997,35.35084119844092,-5098.70177381862,7.0,1.0,0.9443870031158105,-5098.70177381862,5105.249864182692,-0.01937950667252153,-0.356936365976253,3.0,0.0,0.5592341991082216,0.5592341991082216
3881,1,0.057801086560905275,0.05910942956500935,0.009410029127859258,1.363809225642387,0.4289181475200921,7.176827829324245e-9,1.0053146801653007e8,8.308114761802535e7,1.0460493463312037,0.5871231304479784,2.350590677675138,0.1203828895337683,44.41334799239492,-5097.033708232786,7.0,1.0,0.9986055168776148,-5097.033708232786,5102.722311123415,-0.28155920757399144,-0.3855485047715774,3.0,0.0,0.5592341991082216,0.5592341991082216
3882,1,0.05793454482660155,0.062327196089958625,0.00949765937798848,1.3362922611097934,0.42814957989902647,7.176353671044334e-9,8.833122645552644e7,1.0277199320703115e8,1.0995676415107298,0.49106260857822476,1.9502600427201766,0.12132774441108436,35.326014072991306,-5098.121213870833,7.0,1.0,0.7884886598936125,-5098.121213870833,5103.660854298363,0.14267119652686233,0.31976185061193974,3.0,0.0,0.5592341991082216,0.5592341991082216
3883,1,0.05816241228489013,0.06263346719359107,0.009430398731544203,1.3509709235711502,0.42418947722492056,7.143895053749106e-9,1.0338400708764845e8,8.79392684348933e7,0.993574460284784,0.5312083573702551,1.7965660415474836,0.10358039600142428,41.44062473656376,-5101.60533294144,7.0,1.0,0.5145978774577793,-5101.60533294144,5110.058268407656,0.34244462974947965,1.1396326226631572,3.0,0.0,0.5592341991082216,0.5592341991082216
3884,1,0.0573924067651216,0.0580682578946421,0.009248137785959214,1.350999825983125,0.43699550306184526,7.241096921366944e-9,8.818676787220924e7,9.107463144255687e7,1.136950916398749,0.5006024148790165,2.311704633055112,0.1503576555588702,41.666514912750976,-5102.746030075198,7.0,1.0,0.7922672458762781,-5102.746030075198,5110.074499378496,0.3639277729735113,0.4225764833890935,3.0,0.0,0.5592341991082216,0.5592341991082216
3885,1,0.05774795345603013,0.061481313416648,0.009795399943302509,1.3631990450192577,0.4186961302821113,7.263286650799347e-9,9.184452296751054e7,1.0230783043402982e8,0.9562322166728935,0.5219612496592507,2.453396339291916,0.1195868736036083,35.565317160987576,-5103.280400096956,7.0,1.0,0.9367764383287797,-5103.280400096956,5112.839506609575,0.10515460559690837,-0.4797347923340567,3.0,0.0,0.5592341991082216,0.5592341991082216
3886,1,0.05790811189756172,0.06237891651616672,0.009280439309330528,1.350953332604117,0.42999973563639593,7.167575101797998e-9,9.854137173143458e7,7.933510746840054e7,1.1832793464800093,0.5191320881012155,1.9514878575290684,0.12673093796662224,45.71635783249192,-5098.921379656506,7.0,1.0,0.6404853556265301,-5098.921379656506,5119.361930826157,0.06738866991599934,1.1847657885282388,3.0,0.0,0.5592341991082216,0.5592341991082216
3887,1,0.05778314439428906,0.060234857955653726,0.009476481145274489,1.3296744073617794,0.4274744442255782,7.0974873273644784e-9,9.314748616869485e7,8.798141901248837e7,1.0728569290399708,0.5353611359551129,2.2052949568050995,0.12101188370786298,44.785847645990806,-5096.6538694380615,7.0,1.0,0.9313516276521101,-5096.6538694380615,5102.864766522272,0.05201454710186226,-0.33099849488280597,3.0,0.0,0.5592341991082216,0.5592341991082216
3888,1,0.05759597717645836,0.06329862544508609,0.009278811608684153,1.344610128329712,0.4375434738788162,7.1883631638339046e-9,1.0425475000023633e8,8.363576618891153e7,1.0582863436521115,0.5098622442907735,2.064979907251008,0.12918049644229224,35.93522864161786,-5096.441467482695,7.0,1.0,0.531896032868697,-5096.441467482695,5104.4245956875875,-0.9032771056745332,1.8860221992099468,3.0,0.0,0.5592341991082216,0.5592341991082216
3889,1,0.05806654306717469,0.05775258527986548,0.009574048272342078,1.3341150798290493,0.423195995227062,7.130556062867981e-9,9.459905654728648e7,9.31082301916425e7,1.0685680761520655,0.5221571069794297,2.228028012875417,0.1344510957972739,41.520276452163934,-5095.5835751699315,7.0,1.0,0.9264489146047598,-5095.5835751699315,5101.984059239297,-0.09328789531355142,0.18388008717010962,3.0,0.0,0.5592341991082216,0.5592341991082216
3890,1,0.0578717792074298,0.06133359900684932,0.009532397012145501,1.3402840244267524,0.43070710390207234,7.212661484850492e-9,9.696706931588614e7,7.796395548199394e7,1.0471334672939323,0.5475462554395473,2.2197696724072156,0.11788315126259813,39.710802708970505,-5096.422761287086,7.0,1.0,0.8116105181319012,-5096.422761287086,5099.872815193204,0.3381698714183585,0.44217591668439127,3.0,0.0,0.5592341991082216,0.5592341991082216
3891,1,0.0577989503969664,0.058183970477203306,0.00932187400349228,1.3548821519329755,0.4279953347389959,7.1473793454894854e-9,9.288702133670041e7,1.0504744742196888e8,1.081389404048803,0.506830375847321,2.051460794378896,0.12862374075989597,42.07051404682201,-5096.843206113433,7.0,1.0,0.8887942842572656,-5096.843206113433,5101.760961124996,0.047520713204903586,-0.43392860220046714,3.0,0.0,0.5592341991082216,0.5592341991082216
3892,1,0.05760670374655511,0.059672271178240366,0.00966343359760501,1.3998344362279216,0.418982507513259,7.203496819547403e-9,1.1289106410196537e8,9.381961372073723e7,1.194280507045592,0.4679854958214671,2.0237452083491343,0.1262134213065936,40.91312901568167,-5104.04309569486,7.0,1.0,0.6117383937672881,-5104.04309569486,5112.940585945001,0.3342678668577719,1.0436433349677827,3.0,0.0,0.5592341991082216,0.5592341991082216
3893,1,0.05777720055809631,0.05735753386176883,0.009390155368428299,1.3544864481422394,0.421333442269685,7.141118671482186e-9,1.1621961602635595e8,9.021448983613163e7,1.1442038031689814,0.5067171679352209,1.8773057847669752,0.12053758851695619,37.61453246805472,-5101.718314598796,7.0,1.0,0.34714670360074296,-5101.718314598796,5116.333037569612,-0.049659833482110116,3.466887963114459,3.0,0.0,0.5592341991082216,0.5592341991082216
3894,1,0.05836909405776608,0.06149268195029411,0.009477988801171622,1.3572254838930147,0.43020162482673724,7.201869220849192e-9,7.470757005056074e7,9.499037636612183e7,1.1430504493617861,0.5471009971749754,2.237452180109402,0.13601226133101707,42.91453284080215,-5104.520423472393,7.0,1.0,0.9660886758839898,-5104.520423472393,5110.5018360415725,0.16307841309298965,-0.6313037420741239,3.0,0.0,0.5592341991082216,0.5592341991082216
3895,1,0.05750394664472856,0.061294160909580196,0.009233319316995982,1.3385009322072614,0.42914737365655853,7.135283663902884e-9,1.2173001101445588e8,8.572228631023438e7,0.9702382367599706,0.5132286114658311,1.8930732693809382,0.10933091178054768,38.3638248861247,-5103.253820115434,7.0,1.0,1.0,-5103.253820115434,5110.266078815822,-0.4477855399109103,-0.7140007706457254,3.0,0.0,0.5592341991082216,0.5592341991082216
3896,1,0.058015610559875176,0.06147395066398577,0.009263650914581683,1.3591660161700865,0.44208558218435495,7.221332586797157e-9,8.733886048386829e7,7.612876022167642e7,1.1172337091962896,0.5747782769906297,2.162754623464932,0.12726090269632753,35.57955676143858,-5103.313603297612,7.0,1.0,0.550873954177309,-5103.313603297612,5116.515278774598,0.5373162273663183,1.0338878267957625,3.0,0.0,0.5592341991082216,0.5592341991082216
3897,1,0.05773676639043626,0.06066283888665716,0.00942133199850196,1.3511051388990827,0.42974062626134996,7.142324922865083e-9,1.0294941920128457e8,8.869541297251184e7,1.0712568297285168,0.5470552753105841,1.7829726229699605,0.12193413991296165,34.62321658672098,-5098.7938571347,7.0,1.0,0.5642359093592527,-5098.7938571347,5112.967406107226,-0.9615655982488533,1.6810700068526785,3.0,0.0,0.5592341991082216,0.5592341991082216
3898,1,0.057796130510951,0.06045122887159081,0.009447691539677724,1.3508838845019948,0.42173553662558033,7.132601186785616e-9,8.760895520121308e7,9.09708037630307e7,1.034449608870491,0.5379441321966534,2.606432675488819,0.12703745357159482,45.57111046746299,-5100.019476343349,7.0,1.0,0.9442999794298955,-5100.019476343349,5104.690377765502,0.0866460960914992,-0.29141673712456395,3.0,0.0,0.5592341991082216,0.5592341991082216
3899,1,0.057878394183992335,0.058033962349094304,0.009483962811312672,1.3523796110875426,0.4321780050237622,7.268085045893977e-9,9.531357115578352e7,9.82820612925892e7,1.038692263747303,0.5002493839586268,2.087793125924573,0.1234384298213976,37.99780962256102,-5096.192125858982,7.0,1.0,0.9872910497021864,-5096.192125858982,5104.641584595761,-0.12338887853456981,-0.48403824857177824,3.0,0.0,0.5592341991082216,0.5592341991082216
3900,1,0.057668638227371755,0.06369693110156159,0.009303082179167692,1.3721498461320363,0.42308965586186376,7.1112827028554266e-9,9.819004588931286e7,8.482032201138212e7,1.029844634269593,0.5647809546727993,2.128542454455928,0.1318877451690422,45.671264949225446,-5099.256420049823,7.0,1.0,0.9154107870585471,-5099.256420049823,5102.178272556327,0.30695390931578004,0.30695390931578004,3.0,0.0,0.5592341991082216,0.5592341991082216
3901,1,0.05802348975181059,0.05704425843166615,0.009560702160028581,1.326382719091784,0.4276695570125549,7.246277058984222e-9,9.615042201737073e7,8.85518293038572e7,1.0280209097981337,0.5160067250246206,2.14841199517241,0.11485162035951275,36.527694121466155,-5097.468733176925,7.0,1.0,1.0,-5097.468733176925,5103.180267727595,-0.12570110113756527,-0.38717260298290057,3.0,0.0,0.5592341991082216,0.5592341991082216
3902,1,0.05752836981882055,0.06122639127535942,0.009209488307242056,1.3648138125266045,0.4318371982599258,7.07982366625004e-9,9.43984483432818e7,9.89066318090532e7,1.1445505834940601,0.5618355577866132,2.1402737916935877,0.13215825001406867,43.289290887874266,-5099.584347202316,7.0,1.0,0.6557965027134272,-5099.584347202316,5106.740474092247,0.34796551841191103,0.7510376818745499,3.0,0.0,0.5592341991082216,0.5592341991082216
3903,1,0.057527088444591895,0.06454842035319173,0.009253731051276012,1.3592383974138276,0.43085071289826365,7.086188911002578e-9,9.230153561814068e7,9.62896413132087e7,1.143714122162249,0.5276794731278627,2.304600658600899,0.1274179363690581,42.08913127730096,-5098.411201288798,7.0,1.0,0.939446900048799,-5098.411201288798,5105.533594675599,0.022856344668980455,-0.40085148563321127,3.0,0.0,0.5592341991082216,0.5592341991082216
3904,1,0.05815089285091102,0.0626889217608024,0.009327020900688071,1.330260350913522,0.43866689870788195,7.150700802192961e-9,9.732331138556617e7,8.464720990491468e7,0.9499867007930105,0.49476236672686086,1.9372623345507924,0.1108971901361145,36.96586145764685,-5099.720242174846,7.0,1.0,0.9883460865163826,-5099.720242174846,5103.048389367249,0.08509763959227712,-0.35354585438744834,3.0,0.0,0.5592341991082216,0.5592341991082216
3905,1,0.057358306754731206,0.06432195814613147,0.009035624336494723,1.3587946501599868,0.43588203007250376,7.145159764486821e-9,9.942752447142869e7,8.837328310939193e7,1.0437452833807548,0.5252354467899804,2.144694562276431,0.11778473642144752,39.49929332728186,-5097.388119690292,7.0,1.0,0.9346387170832775,-5097.388119690292,5104.892467598848,-0.23658946401701542,-0.30622003909138584,3.0,0.0,0.5592341991082216,0.5592341991082216
3906,1,0.05812074596039789,0.05408606638007074,0.009657422980168556,1.3359029567320402,0.41896757631356124,7.185148791136584e-9,8.43133531986457e7,9.066893972978891e7,1.083040789210992,0.5032924880097213,2.1920552979080585,0.13149837554690935,39.345619628446556,-5098.734460978812,7.0,1.0,0.5242780312595352,-5098.734460978812,5102.713608268705,0.2034176413753812,1.426266658509121,3.0,0.0,0.5592341991082216,0.5592341991082216
3907,1,0.05774890335714354,0.06368400128707748,0.009372857094689862,1.341443389469668,0.4255722073553165,7.107453642817116e-9,1.031792433829913e8,9.419542562255877e7,1.0332737014944355,0.5638666107157982,2.092904469964059,0.12809016226463243,36.13557678980515,-5096.446123287529,7.0,1.0,0.873359889824786,-5096.446123287529,5105.2424615247655,0.04403149605877843,0.4239364096392819,3.0,0.0,0.5592341991082216,0.5592341991082216
3908,1,0.05788381584684732,0.056627715420606094,0.009577738735222139,1.3676129470053382,0.4255968040533625,7.259605043434437e-9,8.779772057586594e7,8.695073126989476e7,1.1222669548612567,0.5004001613023533,2.226977494538509,0.12008859135608786,43.571488216691506,-5096.599834363008,7.0,1.0,0.9711372770645313,-5096.599834363008,5101.3743557262305,-0.0939621122997778,-0.2661610932809708,3.0,0.0,0.5592341991082216,0.5592341991082216
3909,1,0.057933757122831046,0.05690263483100976,0.009625640747497204,1.37150828326949,0.42131085012571334,7.275017518351038e-9,8.863682229888184e7,8.95217066173095e7,1.0683751343101167,0.47675083061788703,2.358990167633155,0.12269722165611868,43.7733506288516,-5098.668011284629,7.0,1.0,0.9172202200202292,-5098.668011284629,5102.084337271926,0.2593488949505627,0.3687468662783431,3.0,0.0,0.5592341991082216,0.5592341991082216
3910,1,0.05813045284897882,0.0604852432319072,0.009467012095497135,1.3502887769082834,0.4176894884821024,7.154054853859507e-9,9.863673605317153e7,9.182802800814009e7,1.0785908697983293,0.5857758801466005,1.9301991551748927,0.12800566043770842,37.25553205201507,-5097.995481040123,7.0,1.0,0.9464966777312347,-5097.995481040123,5104.811574016995,0.22584196591014916,-0.37869776736079075,3.0,0.0,0.5592341991082216,0.5592341991082216
3911,1,0.05785152860786255,0.059008157499566366,0.009436982033118452,1.3625876400710648,0.43764724842604175,7.191805423255005e-9,9.196456029351223e7,1.0010612005036338e8,1.0891944145218269,0.4738638796122028,2.2819331685923228,0.1144063211286047,41.906724363372234,-5098.822950222871,7.0,1.0,0.9648047911484534,-5098.822950222871,5102.752379812706,-0.2719691186548516,-0.8473872625663716,2.0,0.0,0.5592341991082216,0.5592341991082216
3912,1,0.058162784219737376,0.06045433668214361,0.009494815651804319,1.3808205216373708,0.4232695878651985,7.152092691274382e-9,9.417981474745233e7,8.206466910044713e7,1.0261253791039233,0.5444859541057949,2.0037594894228015,0.1189873491715879,40.556821977187276,-5097.2433519421975,7.0,1.0,0.9503248643690874,-5097.2433519421975,5105.727158499457,-0.26805094024075515,-0.6560006382233041,3.0,0.0,0.5592341991082216,0.5592341991082216
3913,1,0.05759844823252619,0.06254511362379388,0.009443398973980433,1.3428209927153545,0.42833643659735715,7.168963674155363e-9,9.214466850741275e7,9.74589299948099e7,1.0790228417038734,0.5124103855320064,2.3005049038485077,0.12665209562733815,39.499827644809635,-5095.241656925096,7.0,1.0,0.9260557341447184,-5095.241656925096,5104.036840692007,-0.14045094103676092,-0.4290920627518062,3.0,0.0,0.5592341991082216,0.5592341991082216
3914,1,0.05791882768070579,0.060783087627576865,0.009353597102657568,1.3341156949560813,0.4289938389478623,7.1805714981331996e-9,9.729909070480533e7,8.04028705811543e7,1.1235313315242268,0.5903396162277454,2.3568849282151434,0.12432039599324407,38.43810497990641,-5096.925861197979,7.0,1.0,0.8623199679653036,-5096.925861197979,5100.770003061311,-0.06210640264544054,0.5406973744520656,3.0,0.0,0.5592341991082216,0.5592341991082216
3915,1,0.05789025938536727,0.06166358725968299,0.009326517259639979,1.373041405426982,0.4308631339325156,7.1615545657145524e-9,9.36392183171522e7,9.662593992824122e7,1.001834706587341,0.5249555138630226,1.982602076094371,0.10772380014295392,41.52197588759316,-5097.053138551424,7.0,1.0,0.7040410310835571,-5097.053138551424,5104.863728106498,0.051367348257372214,0.6610216028902869,3.0,0.0,0.5592341991082216,0.5592341991082216
3916,1,0.057649285948562674,0.06014265711473299,0.009382001742593273,1.3498017990400395,0.43481100036384124,7.18164322387681e-9,9.265682456491014e7,9.381536542998825e7,1.0683303862083229,0.5472841374362769,1.8970917792780755,0.12790685179728903,36.13424446184897,-5095.78302800148,7.0,1.0,0.736824174997127,-5095.78302800148,5102.05417200083,-0.04467071983162896,0.7078412474038487,3.0,0.0,0.5592341991082216,0.5592341991082216
3917,1,0.05805242667032339,0.06074989697498384,0.009343388829033291,1.3390827792464082,0.4285362811967914,7.1106070745884785e-9,1.0162193784120499e8,8.237539413361421e7,0.9928243456966283,0.5112846502411444,2.303664165538944,0.11181023171812392,37.92551792124802,-5096.615978329998,7.0,1.0,0.9387228011636225,-5096.615978329998,5100.242098085956,-0.09658390716231224,-0.22857766441302374,3.0,0.0,0.5592341991082216,0.5592341991082216
3918,1,0.05801800993713068,0.05921390374977228,0.009462766492000878,1.3294109033090453,0.42481540555291764,7.142939525873814e-9,9.863256825926614e7,9.012478741343464e7,1.1005756556479276,0.5953344878175257,1.9222222466629175,0.12856495278580554,37.49380942568821,-5096.789604150685,7.0,1.0,0.8923947916065744,-5096.789604150685,5102.721235823104,-0.03532740084847319,0.250583542358072,3.0,0.0,0.5592341991082216,0.5592341991082216
3919,1,0.05795777236047838,0.05677479140707235,0.009321016768714184,1.3471506226340684,0.4362070494334663,7.145754957111777e-9,9.250482557343787e7,1.0163192551309037e8,1.1347085123492513,0.5778312407882653,2.025247791682326,0.11488404949314156,36.6438937127816,-5098.242003791802,7.0,1.0,0.6479803564456302,-5098.242003791802,5103.30258849586,0.10720302775916934,0.8012144988069849,3.0,0.0,0.5592341991082216,0.5592341991082216
3920,1,0.05814092611042763,0.06325978533547125,0.009556677543853209,1.3523956498087442,0.4210280088708548,7.155784914109853e-9,9.149618040272933e7,9.188858761057396e7,1.0916772840632225,0.4863806110630926,2.0513086419132325,0.14194095180099928,39.63856122758815,-5096.972597031877,7.0,1.0,0.9452825808970211,-5096.972597031877,5104.410378504314,-0.1694880384920907,-0.23521670625450497,3.0,0.0,0.5592341991082216,0.5592341991082216
3921,1,0.058180740519703934,0.060682779404942565,0.009674613119593826,1.342428012455435,0.41743115966590544,7.179641770167698e-9,9.43428439164293e7,7.72459573395739e7,1.0580886590358065,0.5161179725937463,1.9128848578515332,0.12170217142293879,39.85102829853926,-5099.277087946964,7.0,1.0,0.7931378514970623,-5099.277087946964,5104.590110806657,0.2093831623569713,0.33044932909251656,3.0,0.0,0.5592341991082216,0.5592341991082216
3922,1,0.0576666986378839,0.06262270153736943,0.009278297661837211,1.3498945480425377,0.44066762342183113,7.142156374927683e-9,9.755865831118557e7,9.484937714276485e7,1.1246297000267107,0.6206812335437176,2.2803203132861882,0.13114965702665565,41.499476836009684,-5099.018181466279,7.0,1.0,0.5808003040035962,-5099.018181466279,5109.20175472327,0.4436329122290772,1.2509900806135192,3.0,0.0,0.5592341991082216,0.5592341991082216
3923,1,0.05797535597424269,0.062179751766761396,0.009400779837709212,1.3204537668364031,0.4267655459051577,7.0602707382309176e-9,9.142513625215481e7,7.877312050097258e7,0.999058839773363,0.5696254264239615,2.264553523869541,0.12489755243441691,35.94470504044662,-5100.643238743088,7.0,1.0,0.7319574276925607,-5100.643238743088,5106.559209696107,-0.12100195379844081,0.7259155016072327,3.0,0.0,0.5592341991082216,0.5592341991082216
3924,1,0.05765000807897541,0.06298379144543358,0.009260489586579324,1.3625376235473252,0.4372650767632609,7.189235341604818e-9,9.756608123231886e7,1.0497663746975532e8,1.1295836420694632,0.5155841891725664,2.036722789229521,0.1218052261462726,43.302303212225,-5098.12642755505,7.0,1.0,1.0,-5098.12642755505,5105.886178713183,-0.5588097473792004,-0.7602076459643285,3.0,0.0,0.5592341991082216,0.5592341991082216
3925,1,0.05752528910455435,0.060596287568419414,0.009516034937930202,1.354910135152606,0.4274472053767632,7.2434268087130775e-9,8.914980425181842e7,9.023447467520909e7,1.008320164664707,0.548231680347235,2.24412141797299,0.1388063109077797,43.36912204770513,-5097.117122329926,7.0,1.0,0.8896893128971237,-5097.117122329926,5103.340807337167,0.010690350631193724,-0.3065690596422428,3.0,0.0,0.5592341991082216,0.5592341991082216
3926,1,0.05797638952394151,0.06407761311301545,0.009181564082927637,1.3428143622987836,0.4308741050095937,6.994628560761769e-9,9.85843209919456e7,9.548485449576712e7,1.1978110725798434,0.5271062571930178,1.948039164097658,0.10893777449350493,37.774479252112876,-5102.119192476956,7.0,1.0,0.571126338719299,-5102.119192476956,5110.684552206982,0.5179330941946318,1.4662183751961493,3.0,0.0,0.5592341991082216,0.5592341991082216
3927,1,0.057862030694102055,0.0602959886388134,0.009120686984304457,1.3121900395799502,0.4360553762213147,7.062595429353708e-9,9.349446618517758e7,9.306948138538979e7,1.0448326392035368,0.5696674444967694,2.079838390166653,0.12353870176558845,39.0620736753792,-5097.338355676664,7.0,1.0,0.3016888829195655,-5097.338355676664,5112.338482263826,-0.21475223819197709,4.5342629723072605,3.0,0.0,0.5592341991082216,0.5592341991082216
3928,1,0.05767349935879055,0.060497365861310284,0.009446421860047016,1.3664962458989964,0.419134249173487,7.232547522240668e-9,9.75202789145662e7,9.436665321427397e7,1.063099629977479,0.5168060011462513,2.1561819961923145,0.12377859375799555,39.20786079008784,-5095.7450268693165,7.0,1.0,0.7273645801891556,-5095.7450268693165,5105.732966805322,0.3641845279998961,0.8703690232478039,3.0,0.0,0.5592341991082216,0.5592341991082216
3929,1,0.05767349935879055,0.060497365861310284,0.009446421860047016,1.3664962458989964,0.419134249173487,7.232547522240668e-9,9.75202789145662e7,9.436665321427397e7,1.063099629977479,0.5168060011462513,2.1561819961923145,0.12377859375799555,39.20786079008784,-5095.7450268693165,7.0,1.0,0.15789853749547939,-5095.7450268693165,5109.45442867667,0.0,3.6071583772027225,3.0,0.0,0.5592341991082216,0.5592341991082216
3930,1,0.05820827545830216,0.05892188212262042,0.009357989783000367,1.347735551916372,0.436289561037413,7.134745976492584e-9,8.678776178704982e7,8.50474116458096e7,0.9927614455645215,0.5370345551790487,1.9936697340345786,0.1238621770615777,36.9847386136124,-5096.668615573361,7.0,1.0,0.9468258566602408,-5096.668615573361,5099.538250643375,-0.5608783048637633,-0.8943338428780407,3.0,0.0,0.5592341991082216,0.5592341991082216
3931,1,0.05758030324656163,0.06487715627279451,0.009371781388423487,1.3448579013160362,0.425107840094926,7.2058124818624065e-9,1.0438865041283959e8,9.654449349352427e7,1.111902457157525,0.5212856118341751,2.2009952040194056,0.12298399929371678,42.24933863080841,-5096.613258843901,7.0,1.0,0.9544698107388025,-5096.613258843901,5101.144360592809,0.026356128619227093,0.14045128728957934,3.0,0.0,0.5592341991082216,0.5592341991082216
3932,1,0.05762215220822895,0.06439423103361344,0.009417874423457623,1.3428969703452427,0.4258827935610084,7.187023717362618e-9,9.380780642200877e7,9.231286350186716e7,1.1258840277866196,0.5293091278544023,2.174868279968462,0.1290936743230434,45.23893848339991,-5096.420544614789,7.0,1.0,0.9142298442416973,-5096.420544614789,5102.95289756874,0.01912483797150344,0.3038037319684008,3.0,0.0,0.5592341991082216,0.5592341991082216
3933,1,0.05820265880594267,0.05986599606634179,0.009348490213951826,1.3543318595953557,0.4326109606192011,7.151811437608995e-9,1.0037906046661708e8,8.561730801230435e7,0.9992526017828297,0.5241909050664503,2.0848371605715346,0.12157902007958903,36.888413583817055,-5095.604368750461,7.0,1.0,0.6745088065822136,-5095.604368750461,5103.143990297964,-0.19039780273033102,0.9759411811910468,3.0,0.0,0.5592341991082216,0.5592341991082216
3934,1,0.05780593775323777,0.062318050278008186,0.00926097956888446,1.3433188761875654,0.4277435336005969,7.143843410693599e-9,8.751718274691194e7,8.631724290204003e7,1.1489870787715446,0.5039979437745331,2.2101317612972946,0.11304587109688792,37.88322010926969,-5095.904208271971,7.0,1.0,0.9739655297894088,-5095.904208271971,5099.0848189752915,0.03632584744354972,-0.12896611981068418,3.0,0.0,0.5592341991082216,0.5592341991082216
3935,1,0.057871696292474746,0.06411555737308926,0.009515102803189207,1.3365140661142723,0.4289607520962853,7.214876827197423e-9,8.455694250490023e7,7.890131096565582e7,1.0968676906394814,0.5261315204646928,2.0735259696776422,0.12028326549720193,38.99590897864684,-5098.324408791718,7.0,1.0,0.1624420207330541,-5098.324408791718,5106.234360441747,0.48725416362231044,4.695994958767187,3.0,0.0,0.5592341991082216,0.5592341991082216
3936,1,0.05775665497426352,0.060731204999894255,0.009303177334842913,1.3687280349527287,0.4331335883269549,7.100845224235809e-9,9.499631151441997e7,8.85422868950222e7,1.075958218336075,0.48358470407223714,1.91678400513908,0.1096404922181869,40.58333707432936,-5097.859863431686,7.0,1.0,1.0,-5097.859863431686,5103.115948667841,-0.37247489969740855,-0.4895390359979501,3.0,0.0,0.5592341991082216,0.5592341991082216
3937,1,0.05782139492114431,0.061865391018837604,0.00948740045367728,1.3239569469525851,0.42705297851222335,7.209198053107004e-9,9.650873915571909e7,9.217958078232472e7,1.0500778248405,0.5814654611944724,2.364279804445723,0.1405443398682666,42.20860686997382,-5098.236573428464,7.0,1.0,0.9657433127978002,-5098.236573428464,5104.015977457162,0.02456904036080232,0.1269031461670238,3.0,0.0,0.5592341991082216,0.5592341991082216
3938,1,0.057501079217841485,0.05947187795113246,0.00947604631552567,1.3793229744803994,0.41899122301864056,7.283132850146423e-9,1.0332199845217133e8,7.650727850001526e7,0.9385620081494639,0.5125250988487818,2.2721475623020266,0.12037488381744825,42.68575405850159,-5103.672842384058,7.0,1.0,0.6893445685054597,-5103.672842384058,5110.351791700473,0.7330731923029816,0.7330731923029816,3.0,0.0,0.5592341991082216,0.5592341991082216
3939,1,0.058185231701837786,0.059182498394642714,0.009498337909227019,1.3791946106372328,0.42777886271781473,7.136902298479838e-9,9.056746989626e7,1.0408664527613917e8,1.158229012446713,0.5681821729254418,2.120851111598887,0.14279853313844051,42.351103862375666,-5100.817542700351,7.0,1.0,0.9845543904881333,-5100.817542700351,5110.959191488381,-0.5609757024067221,-0.6936141519736339,3.0,0.0,0.5592341991082216,0.5592341991082216
3940,1,0.057559395536256164,0.06180260588260157,0.009478726839337513,1.332284268631376,0.42281284844124456,7.22125573787967e-9,9.595863604578236e7,8.206467134298123e7,0.9816201157930226,0.49789430137587926,2.1507031954658187,0.11726315517191038,36.699848536014,-5097.1513494162655,7.0,1.0,0.9809866090153888,-5097.1513494162655,5106.436915072072,-0.3111377711666137,-0.3111377711666137,3.0,0.0,0.5592341991082216,0.5592341991082216
3941,1,0.05809198761998711,0.06251865813374528,0.009584532853367366,1.3779658316530112,0.4244489567129507,7.1897130971966e-9,9.071827635831863e7,1.0288222050262177e8,1.1453408396750469,0.5836949117914895,2.1263251253841235,0.1290891724046185,45.306250682273735,-5100.203221247756,7.0,1.0,0.6630867527042872,-5100.203221247756,5109.911895925074,0.32040352459716814,0.6794178538075357,3.0,0.0,0.5592341991082216,0.5592341991082216
3942,1,0.057608406323974855,0.05922135908997607,0.009418910976864422,1.3384354437036887,0.43010604844450445,7.180913923482776e-9,9.333803454472384e7,8.798877691344464e7,0.917311676394533,0.5599890832948299,2.2999399035079033,0.10738893078254913,40.947729246574745,-5098.232778120125,7.0,1.0,0.8504717264211129,-5098.232778120125,5109.3686484217105,-0.1988489217201277,0.36530109855357296,3.0,0.0,0.5592341991082216,0.5592341991082216
3943,1,0.057891241071737286,0.06012772124596786,0.00968402286027667,1.3661187332159095,0.4231111227011473,7.194044003001176e-9,9.451085870188884e7,8.347895780005887e7,1.170121283094331,0.49967317725807586,2.111875538982608,0.12265832035862415,36.565933911869955,-5096.238289950501,7.0,1.0,0.6946516182717405,-5096.238289950501,5106.169878839723,0.13625622203016974,0.9556441438380716,3.0,0.0,0.5592341991082216,0.5592341991082216
3944,1,0.05782072668971465,0.059989089630982914,0.009425731315117758,1.3374231394731608,0.4261174929317776,7.180295162465198e-9,9.167772604453018e7,9.54698033311071e7,0.9729268592050214,0.5635779449557043,2.128992381378594,0.1245921270165109,42.9589560614031,-5094.897140411396,7.0,1.0,0.9840573397732305,-5094.897140411396,5101.468212615979,-0.30228934837032284,-0.33412220659374725,3.0,0.0,0.5592341991082216,0.5592341991082216
3945,1,0.0577171834176988,0.06230919485527345,0.00939446674170747,1.3726054665371117,0.4342635026584653,7.18231185720448e-9,1.0792785694051205e8,8.247535896529277e7,1.052666341010546,0.4836132875617792,2.0737221826071237,0.13469359007545012,35.9596982964619,-5099.0491498184465,7.0,1.0,0.41111712565712183,-5099.0491498184465,5104.998726642542,0.2738532215798841,1.552583085112019,3.0,0.0,0.5592341991082216,0.5592341991082216
3946,1,0.057770705679023475,0.05963236688603256,0.009408829827047455,1.3833255965896591,0.42370505076480536,7.149926188315848e-9,1.004456099614324e8,8.438917958340634e7,1.0939347172950273,0.49511324485982355,2.023732149298167,0.14124321070887066,38.909636328350835,-5098.548254160573,7.0,1.0,0.9668611598853433,-5098.548254160573,5103.163415011962,0.009854945967163076,-0.39067412019812764,2.0,0.0,0.5592341991082216,0.5592341991082216
3947,1,0.05798353079628119,0.058028743675080534,0.009505862781901277,1.3297244267017174,0.42296123910629635,7.257063736820341e-9,8.753899247828498e7,9.411649871053818e7,1.031512179026266,0.5633206542131649,2.2197134284204876,0.11462088452847033,41.03560399113468,-5098.260970697047,7.0,1.0,0.8294808783416245,-5098.260970697047,5102.69473561911,0.3682124368287987,0.4357120044041949,3.0,0.0,0.5592341991082216,0.5592341991082216
3948,1,0.05762404356904329,0.06103021636333459,0.009295757579441583,1.3732764101185535,0.4288369217145164,7.108248398267355e-9,1.0119692668698594e8,8.452818395271757e7,1.1145003698212548,0.5047343776898588,2.1420524831625616,0.1295502310233307,37.81901656748994,-5096.980602967212,7.0,1.0,0.9773181604405379,-5096.980602967212,5102.001892863499,-0.5123480528900473,-0.848345379346938,3.0,0.0,0.5592341991082216,0.5592341991082216
3949,1,0.05782614470065952,0.06246739842216671,0.009334871492172322,1.3245260466603506,0.4375802728297158,7.206133920919887e-9,1.0404687538996133e8,9.081940311963622e7,1.0338263134828278,0.5388054248416017,2.290362384134374,0.11780493793501932,41.03440536853577,-5096.677009612009,7.0,1.0,0.8706706016972607,-5096.677009612009,5102.252652371263,-0.039119212950936344,0.4521554463026405,3.0,0.0,0.5592341991082216,0.5592341991082216
3950,1,0.057847893549451586,0.06487848194813498,0.009237651487157883,1.3262818178867342,0.42606120686832205,7.106488190453696e-9,1.0119299458227439e8,8.135348569010817e7,0.946586525234768,0.638283326626825,2.3154166427904777,0.1187483648467283,41.23120417784911,-5101.866528560023,7.0,1.0,0.8371263797340734,-5101.866528560023,5106.000172275795,0.3824026761622008,0.4228678381377904,3.0,0.0,0.5592341991082216,0.5592341991082216
3951,1,0.05792535806031858,0.05742432924742785,0.009308110650494389,1.314350310635336,0.43992663350543654,7.182789855027733e-9,1.008922155884503e8,1.0716235944506504e8,1.1715114688549237,0.5239478981220559,2.24043112152615,0.13069460635147476,39.290034224349554,-5101.952392499586,7.0,1.0,0.936437203002595,-5101.952392499586,5108.947730660899,0.026646229929610854,-0.562274802241518,3.0,0.0,0.5592341991082216,0.5592341991082216
3952,1,0.057810613590106585,0.06616414346224701,0.009577121756706348,1.3825075475745736,0.4209507931432208,7.2111982662683906e-9,8.903387140984716e7,8.754892443456446e7,0.9874458420271912,0.526711224528202,2.0602413199964653,0.11722455512143803,39.6088599864685,-5099.227482749588,7.0,1.0,0.8653904409399791,-5099.227482749588,5108.399685318957,-0.09084693207660166,0.5782733555297455,3.0,0.0,0.5592341991082216,0.5592341991082216
3953,1,0.057625552698501725,0.05700599301548097,0.00921619441314028,1.322618509442633,0.43926065485282406,7.1488659016744066e-9,1.2109005311305308e8,8.99397029490558e7,1.0428430931871309,0.5412217199634953,2.431163416907849,0.14873314980184904,38.29656591202832,-5107.077396319329,7.0,1.0,0.6056479077076341,-5107.077396319329,5113.640147330258,0.3941527191636851,1.180501396780528,3.0,0.0,0.5592341991082216,0.5592341991082216
3954,1,0.05791351127879844,0.06782533053711821,0.00946797390677178,1.3760688237829002,0.4208467163025533,7.1831090022281265e-9,8.08159309253088e7,8.489461178070465e7,1.081074802300563,0.5024530242446601,2.1195263445102195,0.10686515695015388,38.71974870484491,-5104.204833403404,7.0,1.0,0.7203797234647855,-5104.204833403404,5113.784989921208,-0.4561354909774309,0.9976639439391874,3.0,0.0,0.5592341991082216,0.5592341991082216
3955,1,0.05754006299163357,0.0555712453210156,0.00926836629297342,1.3598566492654647,0.42883758810891337,7.160885496938977e-9,9.820937433213736e7,8.688124768379533e7,1.0978585801940572,0.5074833211884204,1.9111014299296625,0.11933012127672066,43.29771138835385,-5100.588299403921,7.0,1.0,0.7085482466090952,-5100.588299403921,5112.222084190649,0.410326296848325,1.0177007091861014,3.0,0.0,0.5592341991082216,0.5592341991082216
3956,1,0.05809566511291648,0.06623373378070724,0.009403384432385642,1.3241812102710768,0.4267390001068832,7.098818708610613e-9,9.687813687106083e7,9.913990396196981e7,1.0605113862221243,0.5251495611121686,2.1356973038323255,0.126416946203767,39.892754714799835,-5096.8864362195345,7.0,1.0,1.0,-5096.8864362195345,5104.321158809876,-0.8439822117388758,-1.0991934267576653,3.0,0.0,0.5592341991082216,0.5592341991082216
3957,1,0.0580400884025298,0.05874732544057307,0.009464706194980261,1.3445179711788358,0.42571210533390247,7.127802853564368e-9,9.428773120632741e7,9.15057390000678e7,1.1381554366103845,0.5464332605294128,2.1591662976175026,0.12755657493472317,43.661692769848614,-5094.738871703742,7.0,1.0,0.7949022639644119,-5094.738871703742,5101.1760491179475,-0.35953499000697775,0.5506768105969968,3.0,0.0,0.5592341991082216,0.5592341991082216
3958,1,0.05783024705430151,0.061629020149896234,0.009476918648466181,1.3636395996609185,0.4282322709991264,7.259658308789112e-9,9.377251472257887e7,8.967717493815926e7,1.0017874795784263,0.5100294046124068,2.2083387888372132,0.12386362487766193,36.05923410138455,-5095.843073173103,7.0,1.0,0.8219639619986817,-5095.843073173103,5099.577404981256,0.29999985972699506,0.39209002357165446,3.0,0.0,0.5592341991082216,0.5592341991082216
3959,1,0.058046107777460165,0.05884132550732327,0.009473003795517805,1.3348906588081009,0.4245941612985817,7.109985462172744e-9,9.399994146527867e7,9.041810044834732e7,1.1125546831193553,0.5558166575141719,2.3000409679023295,0.1259699616726415,43.94190162985869,-5096.019153177813,7.0,1.0,0.9776113820335954,-5096.019153177813,5100.643586460575,-0.19412583723715215,-0.27329546175315045,3.0,0.0,0.5592341991082216,0.5592341991082216
3960,1,0.05761992164407224,0.06513723817010907,0.009110534384017915,1.3391043461342877,0.4421817148257787,7.157324503856215e-9,9.318607247000001e7,1.0110140730449179e8,1.045880264108097,0.511319331922321,1.9229721115032614,0.11934931568572801,33.85763583013848,-5100.441690107427,7.0,1.0,0.8776771123900436,-5100.441690107427,5104.201318348477,0.2034666983572606,0.4117083374394497,3.0,0.0,0.5592341991082216,0.5592341991082216
3961,1,0.058101315416392435,0.058939031939691466,0.009617341797697587,1.3501082818679193,0.4218781373033086,7.138391449107273e-9,9.611453216343701e7,8.104107801407321e7,1.0688675806702517,0.5524621863241183,2.299287074121714,0.13671807041111586,46.13964792485439,-5098.912677992858,7.0,1.0,1.0,-5098.912677992858,5103.599227416084,-0.10855843152057787,-0.3663203182140933,3.0,0.0,0.5592341991082216,0.5592341991082216
3962,1,0.057324196472110345,0.06050744482222113,0.009379709507729286,1.3539456472256506,0.4258369277061099,7.1808016013347274e-9,9.741862257683659e7,9.801476683336246e7,1.0790637654321178,0.5509295347521258,1.9232248648938877,0.11663650498780939,33.38400147099973,-5100.46598042763,7.0,1.0,0.8302013410417176,-5100.46598042763,5104.48541301912,0.33300417583450326,0.4165459600935719,3.0,0.0,0.5592341991082216,0.5592341991082216
3963,1,0.05820182000612143,0.06095848775701709,0.009535014109526157,1.3469078331005844,0.4296184491189231,7.150586897204834e-9,9.030487810412061e7,8.438422969415614e7,1.0984991369978427,0.5067699505626061,2.3351519289687372,0.1314883172920116,46.80780991474577,-5098.585488216085,7.0,1.0,0.6145861644403185,-5098.585488216085,5105.022694832485,0.14801895329219406,1.1742656946289571,3.0,0.0,0.5592341991082216,0.5592341991082216
3964,1,0.05754062545163957,0.06119445323204571,0.00943187626645614,1.3463462733752403,0.42615688249256556,7.168419911181461e-9,9.376919985491747e7,9.342275229615141e7,1.0295258553770084,0.544605372016808,1.8708784741912023,0.122179385911511,37.501340576825264,-5095.725793264704,7.0,1.0,1.0,-5095.725793264704,5100.950422867257,-0.17903595896495972,-0.3127856952505681,3.0,0.0,0.5592341991082216,0.5592341991082216
3965,1,0.057638958105028705,0.05929524100507172,0.009274655365073055,1.3365294404683365,0.4297496827819834,7.194283994038623e-9,9.588498734949188e7,8.839304325487281e7,1.0456847147869799,0.5630872731498392,1.9191895498256917,0.11735463614787728,37.95438963784089,-5095.741113482661,7.0,1.0,0.8726472256913288,-5095.741113482661,5100.660868406572,0.07432329340372235,0.303658756150071,3.0,0.0,0.5592341991082216,0.5592341991082216
3966,1,0.05805091193656517,0.06294597930689716,0.009432234167431948,1.364873429482229,0.42753566810969695,7.190222951012371e-9,1.0396177280138093e8,9.194405596475068e7,1.1543045059333024,0.5368429792590327,2.076827579143579,0.11596598238153284,42.46260346934382,-5096.37274123481,7.0,1.0,0.5715019178959161,-5096.37274123481,5108.089808641133,0.11505628283066471,1.419869961537188,3.0,0.0,0.5592341991082216,0.5592341991082216
3967,1,0.05762448158564493,0.056804304432564394,0.009475535909542605,1.3640547611373337,0.42587176445045116,7.181965160921081e-9,9.283758648029433e7,8.64853750421499e7,0.9855579824328845,0.5296804428307713,2.3778417652937454,0.1172335818405508,37.360508046979064,-5096.396044615466,7.0,1.0,0.6346662118042882,-5096.396044615466,5102.13115211456,-0.14226143740779662,1.2668910344837059,3.0,0.0,0.5592341991082216,0.5592341991082216
3968,1,0.057883012107275394,0.05775837522021337,0.009549901787084696,1.3349944296025704,0.42942019506241164,7.252404792636548e-9,9.358469065540971e7,8.72493902151195e7,0.8840951208387038,0.5018342777807608,2.389918186108184,0.10352878184313292,37.510435761618794,-5103.53628051259,3.0,1.0,0.6665191797885184,-5103.53628051259,5105.9498406917955,0.6559633917549945,0.6559633917549945,2.0,0.0,0.5592341991082216,0.5592341991082216
3969,1,0.057704840962462346,0.06268869942467047,0.009390089066303984,1.3414578417236216,0.4260215245247951,7.181191972706907e-9,9.733380842385706e7,8.264506634660771e7,0.9579278242574457,0.5106667185364223,2.253756923393569,0.12471024368243042,37.15806138635649,-5095.417202523431,7.0,1.0,0.32782142667951686,-5095.417202523431,5109.005947566381,-0.27866640819866006,2.579292376623016,3.0,0.0,0.5592341991082216,0.5592341991082216
3970,1,0.05796670626338957,0.05839115327702562,0.009497305084014366,1.3681730522212432,0.43081490000043643,7.183393732443335e-9,8.765294237151392e7,9.36667321062977e7,1.1388130093800417,0.6064276100410746,1.8012361657565978,0.11472699537578573,39.921173593102324,-5099.753244031431,7.0,1.0,0.7443637965812869,-5099.753244031431,5103.724172648606,0.329339458643517,0.6950761860953207,3.0,0.0,0.5592341991082216,0.5592341991082216
3971,1,0.057832168886155534,0.059675797986362376,0.009497212506904874,1.335105046487002,0.4237693955949906,7.1775103190354244e-9,9.886535548719977e7,9.64556913568094e7,0.9971353101066083,0.49680502089665934,2.1241387424335754,0.13135989246433097,40.9986937405094,-5095.141307656376,7.0,1.0,0.958848534611422,-5095.141307656376,5104.134574109203,-0.3383264967933428,-0.3383264967933428,3.0,0.0,0.5592341991082216,0.5592341991082216
3972,1,0.05815815273539678,0.0585445487279141,0.009504257592642288,1.3547787891642564,0.4288392012200054,7.161416483863519e-9,8.515557485921693e7,9.104654285814187e7,1.0878501796446134,0.5756620546564759,1.9605535992337912,0.13723059747298189,35.91989447929078,-5097.447695712482,7.0,1.0,0.8036796891788579,-5097.447695712482,5103.476877080582,0.09101765823106689,0.5144965780673374,3.0,0.0,0.5592341991082216,0.5592341991082216
3973,1,0.057791394588430384,0.06506677845345045,0.009223839953816482,1.3475728576206953,0.4285087910289525,7.142671056612555e-9,9.418071075895372e7,8.62960827773835e7,0.9729983081881421,0.5390563882298781,2.178377150112515,0.11788476828531642,41.21937964975643,-5095.129810867016,7.0,1.0,0.9412461728680407,-5095.129810867016,5100.609657464612,0.022680212558043422,0.2863085090320965,3.0,0.0,0.5592341991082216,0.5592341991082216
3974,1,0.057788079110462805,0.06327311559640718,0.009209520740943316,1.3190942574396205,0.42832604652970707,7.213419711662639e-9,9.281554836917612e7,9.825294923807584e7,0.9781402398525954,0.4665629009946956,2.1388175995790304,0.10717959161809519,42.12878883711768,-5102.670034667326,7.0,1.0,0.38784962482564506,-5102.670034667326,5106.742102457851,1.3248658450393123,1.3955378159062093,3.0,0.0,0.5592341991082216,0.5592341991082216
3975,1,0.05785652771930274,0.060517191209447305,0.009185118606611583,1.317359105839149,0.4276232848403834,7.137905658037335e-9,9.003497795110334e7,1.0148072696743e8,1.0046804086434076,0.4710391109284301,2.020356668365594,0.11976325562977597,42.582638548318855,-5100.929521438617,7.0,1.0,0.9442246038674675,-5100.929521438617,5111.868012222015,-0.42374702900451666,-0.6519542953501514,3.0,0.0,0.5592341991082216,0.5592341991082216
3976,1,0.0574575691067928,0.05597564931923534,0.00948555520162388,1.3432140511057529,0.4220821792882514,7.119584574670366e-9,9.903300441334608e7,1.0076828594844905e8,1.1004767422981894,0.45891440520898824,2.251257049772826,0.11651165049456258,40.50133745045079,-5102.757215055632,7.0,1.0,0.22369463208986823,-5102.757215055632,5116.640100681702,-0.24470342050062754,4.132126593774046,3.0,0.0,0.5592341991082216,0.5592341991082216
3977,1,0.05764910759896213,0.05549894651993279,0.009610075061710674,1.3385598322568464,0.42005900390256895,7.1639740197813e-9,9.673561591209865e7,9.973706515807037e7,1.0469912042148253,0.489276025507005,2.2233013096000316,0.11437109813591621,41.89376443738573,-5099.0668015176425,7.0,1.0,1.0,-5099.0668015176425,5106.442452383442,-0.6185777164964747,-0.9430600556834179,3.0,0.0,0.5592341991082216,0.5592341991082216
3978,1,0.057881842193117254,0.06241367512280286,0.009322094373702745,1.365588325523133,0.4273965267241329,7.115205931673079e-9,9.007508186000095e7,8.279780810510813e7,1.0757299016397213,0.5725604060868739,2.042533562677103,0.1349645692199562,40.57653874698442,-5096.183820853479,7.0,1.0,0.8817378387246819,-5096.183820853479,5107.758063654545,-0.39438257985239034,0.4457144875868835,3.0,0.0,0.5592341991082216,0.5592341991082216
3979,1,0.05798902926894478,0.05739814951467534,0.009514207357490295,1.3341763400919326,0.4229513219007771,7.249165469263835e-9,9.5755518318645e7,9.456181487352817e7,1.051017240661506,0.4897379625363753,2.174360669482483,0.11779712626110332,41.39081840189599,-5097.069086216543,7.0,1.0,0.6866570606706629,-5097.069086216543,5099.820270899953,0.5114422199658293,0.8867038268717806,3.0,0.0,0.5592341991082216,0.5592341991082216
3980,1,0.05760776464276006,0.05666944878518628,0.009687909467310078,1.371711951427736,0.4180520888099065,7.2579828368047204e-9,9.80404271233216e7,9.120315253590469e7,1.0957719714371486,0.5451152684743655,2.149737003332403,0.12604862770187591,41.29954987820599,-5095.427428767293,7.0,1.0,0.6991474991177703,-5095.427428767293,5104.147507720084,-0.6537298088851458,0.9333908222442915,3.0,0.0,0.5592341991082216,0.5592341991082216
3981,1,0.05785750787023809,0.056655151039577516,0.009669148088001633,1.365586103996954,0.41876092390962566,7.1563219407534705e-9,9.137279299254976e7,1.0203951873437078e8,0.9816937258498519,0.5202384766195685,2.106744803069343,0.1317396665549909,44.5671475688699,-5098.823085466752,7.0,1.0,0.6569062750577354,-5098.823085466752,5102.516776914454,0.44866039965654636,0.5491917907766037,3.0,0.0,0.5592341991082216,0.5592341991082216
3982,1,0.05767824836264421,0.06188978885070443,0.009480086833088226,1.3758765777711186,0.42808269805141297,7.27834607104865e-9,9.550386243507315e7,7.5605454878639e7,1.2348844533677048,0.5491457183228918,2.1082033119696812,0.1155001113267483,40.25669623626304,-5101.119671277663,7.0,1.0,0.8630203370558769,-5101.119671277663,5106.654552053926,0.16242950478135754,0.4280367908122571,3.0,0.0,0.5592341991082216,0.5592341991082216
3983,1,0.05754171519822193,0.05955942387245769,0.00959861267557367,1.3396190423938246,0.42037648585504883,7.185777945783685e-9,8.853615524696162e7,9.518635858945784e7,1.1289395308584627,0.5944874959615434,2.1762856244853266,0.11866665689388578,45.680104820906756,-5099.882142882923,7.0,1.0,0.9947619329169515,-5099.882142882923,5107.3242659281805,0.03735558195694466,-0.26405162449646014,3.0,0.0,0.5592341991082216,0.5592341991082216
3984,1,0.05787953542425699,0.060014380144290475,0.009403979157381243,1.361441610986252,0.4305995724422387,7.2201087678749266e-9,9.690635115113465e7,8.319079601728016e7,0.9307639134404138,0.5744032069871278,2.0181616336090342,0.1255953907373925,38.80857645480051,-5096.486027127435,7.0,1.0,1.0,-5096.486027127435,5102.637355755647,-0.38787501773185795,-0.4783116420121587,3.0,0.0,0.5592341991082216,0.5592341991082216
3985,1,0.057830664068931205,0.05817239739940002,0.009451956429413648,1.3730178560330377,0.43039802192061766,7.1118400452399814e-9,9.497219944266643e7,8.022641122904517e7,0.988261228520957,0.566535216222691,2.053990422362691,0.12634138797138295,36.13001781968265,-5098.697952781972,7.0,1.0,0.895048745250901,-5098.697952781972,5101.164472459303,0.34497988031216664,0.34497988031216664,2.0,0.0,0.5592341991082216,0.5592341991082216
3986,1,0.05760018338217148,0.0647418043815929,0.009292875457673749,1.3282632715831497,0.4289210823709465,7.2109812058511545e-9,9.536729135481733e7,1.0031624119987442e8,1.1227896551873267,0.5027822915687314,2.2190576031845772,0.11795661612306926,43.50096793445965,-5097.975860998504,7.0,1.0,0.9881943173136156,-5097.975860998504,5104.164170149846,-0.27174094426118245,-0.27174094426118245,3.0,0.0,0.5592341991082216,0.5592341991082216
3987,1,0.05798102357023062,0.058817742707160635,0.009516173402507884,1.3708449335450625,0.43025006701519464,7.151277454850783e-9,9.493722377472588e7,9.185372159987178e7,1.0440557346361286,0.5507515800390845,2.0430012090905825,0.13044828518221507,35.44825422841831,-5095.754113358381,7.0,1.0,0.876950580061422,-5095.754113358381,5105.747923431441,-0.275720839395035,0.34396896541329625,3.0,0.0,0.5592341991082216,0.5592341991082216
3988,1,0.05777780578181417,0.05952332336109587,0.00954910539846568,1.3669808483475914,0.42694078858410345,7.210214038795486e-9,9.182085747965004e7,9.405047987627986e7,1.109406880874038,0.5432244097526415,2.153972694025487,0.10638360251228675,41.21361761892355,-5095.5174718137305,7.0,1.0,0.9960583130398278,-5095.5174718137305,5099.038295889659,-0.13375852730132465,-0.13629919777758914,3.0,0.0,0.5592341991082216,0.5592341991082216
3989,1,0.05778001958030523,0.057248583535058344,0.009686044297758344,1.358996175661945,0.4205430502230563,7.229340560272258e-9,9.880657050264649e7,8.918195692875774e7,0.9868830071534151,0.5354176519120327,1.8778100861727416,0.13291137354873092,38.97645579150946,-5096.622096325737,7.0,1.0,0.9929480928675931,-5096.622096325737,5100.099194179704,0.022400471844775893,-0.10357946200383594,3.0,0.0,0.5592341991082216,0.5592341991082216
3990,1,0.057907191618938335,0.06337800048000428,0.009050391049962365,1.3341030430566887,0.4341363763616651,7.082417338569336e-9,8.850052532442655e7,9.045008542103824e7,1.1890459196348035,0.5208037295726714,2.272052043302656,0.11720950304327779,40.494306484017265,-5098.1831941188675,7.0,1.0,0.4775406495354697,-5098.1831941188675,5108.395283918899,0.590752001191504,1.309506787682949,3.0,0.0,0.5592341991082216,0.5592341991082216
3991,1,0.0578458515561838,0.0634262111045661,0.009249462179144553,1.3474036595811067,0.4267431454567681,7.165418037682348e-9,1.0308268768238845e8,9.304572055673997e7,0.9409256471581839,0.5414323446294995,1.9605077397723718,0.12824336600024774,38.74206157121484,-5097.0864731374095,7.0,1.0,0.9532596088239494,-5097.0864731374095,5101.182506611208,0.08057468299375614,-0.3477035713276564,3.0,0.0,0.5592341991082216,0.5592341991082216
3992,1,0.05740086486706938,0.05865572025176195,0.009492976778567194,1.3677067453540135,0.41626761231184906,7.2440914061055644e-9,8.93788716284479e7,9.28077034025357e7,1.0419683381509293,0.52492617992556,1.932248279978875,0.14251630026781428,36.33317165838568,-5100.639491037349,7.0,1.0,0.7999881414417054,-5100.639491037349,5108.36114595196,-0.16811642331958865,0.8418843002646099,3.0,0.0,0.5592341991082216,0.5592341991082216
3993,1,0.05841155141099797,0.060357229918303786,0.009525218777690119,1.3436992694212895,0.432781065075162,7.188140399810997e-9,9.778146192357503e7,8.597267306608441e7,1.1036256397978694,0.5300767684173017,2.267582512339904,0.11014870744085112,43.34888339495531,-5099.643626763786,7.0,1.0,0.9603216125147362,-5099.643626763786,5106.0172030173235,0.06816262345273572,-0.5855379712184003,3.0,0.0,0.5592341991082216,0.5592341991082216
3994,1,0.05753729601338221,0.06408192648130012,0.009178700454116118,1.3423078652251064,0.4312596940661992,7.186637004088644e-9,9.555441109984033e7,9.268108762947078e7,1.0092942012994304,0.5280745460724622,1.9787145872906804,0.13956386209147176,38.16348044139885,-5096.738500631101,7.0,1.0,0.9743257357763142,-5096.738500631101,5102.327069015978,-0.40388032266218943,-0.6990293202725297,3.0,0.0,0.5592341991082216,0.5592341991082216
3995,1,0.058568146104175677,0.06301638608694671,0.009298418362235678,1.3315117719303096,0.4364202301903357,7.079699953025697e-9,9.247244209682739e7,8.896963302407794e7,1.1907658560384187,0.5307389449581067,2.1912573092590284,0.11698356630169865,41.931559042336985,-5099.74290734572,7.0,1.0,0.7620536786524639,-5099.74290734572,5108.64151299467,0.07824430171422136,0.6240729093415212,3.0,0.0,0.5592341991082216,0.5592341991082216
3996,1,0.05773004090084416,0.05729277502293135,0.009406802711587798,1.3138603462359446,0.43640362533257554,7.167873507657488e-9,1.0188419153400722e8,8.90852533243733e7,0.9962154880443215,0.4725129655258809,2.00981423734378,0.13083402893973622,36.87211793423617,-5101.14852997851,7.0,1.0,0.7104263673428601,-5101.14852997851,5109.861906052166,0.3142409280044376,0.6832831512892881,3.0,0.0,0.5592341991082216,0.5592341991082216
3997,1,0.05782834063595803,0.06689249783472816,0.009257093773432503,1.3628777368282035,0.4374921848691573,7.101079055973696e-9,8.53941029990896e7,9.472034916320965e7,1.109943128958485,0.5546461506408645,2.050915954478479,0.12037445836886686,41.79852204461358,-5098.490066053045,7.0,1.0,0.976159114179797,-5098.490066053045,5107.392353714526,-0.06449594332570996,-0.6369353851414417,3.0,0.0,0.5592341991082216,0.5592341991082216
3998,1,0.05773109081982063,0.06522596929735987,0.009293078237283904,1.3388997719529643,0.4293728397452846,7.17266281156043e-9,9.517517374410695e7,8.922855100823523e7,0.9987014921741512,0.503033100469167,2.0283651967566465,0.11887192769280597,35.29155506381778,-5095.608205281986,7.0,1.0,1.0,-5095.608205281986,5100.486950689674,-0.5102604592357238,-0.5102604592357238,3.0,0.0,0.5592341991082216,0.5592341991082216
3999,1,0.057997879828532765,0.06206966432818712,0.009758306348885765,1.365280905256547,0.42191034539003675,7.151136388520616e-9,1.0157211570835596e8,8.477370702425253e7,1.077230093707609,0.6184487945912607,1.9848582690469616,0.1236522598995872,40.13283594429845,-5101.446109820277,7.0,1.0,0.30943200742690674,-5101.446109820277,5108.136586981038,1.9617196738299754,2.3546621284458524,3.0,0.0,0.5592341991082216,0.5592341991082216
4000,1,0.057809467624241356,0.059519633439535584,0.009468216317430712,1.3600140748524034,0.4247507305609177,7.205210272804469e-9,8.726933271918076e7,9.049587682126616e7,1.2433031128279062,0.5489411161494362,2.0953446223428567,0.11067248928505738,36.590754658064796,-5097.342414754925,7.0,1.0,0.9870571557958792,-5097.342414754925,5105.2937909403545,-1.5648201271496873,-1.5648201271496873,3.0,0.0,0.5592341991082216,0.5592341991082216
