iteration,chain,mu_max,Klysis,Kdgln,Ylacglc,Yammgln,lambda,ss,lp,n_steps,is_accept,acceptance_rate,log_density,hamiltonian_energy,hamiltonian_energy_error,max_hamiltonian_energy_error,tree_depth,numerical_error,step_size,nom_step_size
1001,1,0.07840182168874325,0.016468269847339404,0.016580950045699042,1.6498825923872031,1.3660134806830269,5.873088997683189e-9,310255.37998093455,-42.869600892045966,3.0,1.0,0.18958727710215753,-42.869600892045966,46.052091764933664,0.0,Inf,1.0,1.0,0.29612073837965835,0.29612073837965835
1002,1,0.07107713128524766,0.022773300138016712,0.03269599890598926,1.5971107527425181,1.3692670160658682,1.1785029421301274e-8,329064.9459887013,-41.5487264235168,7.0,1.0,0.07479000798981246,-41.5487264235168,44.85424726296287,0.6472261252640124,Inf,2.0,1.0,0.29612073837965835,0.29612073837965835
1003,1,0.06902991356265915,0.02054642846586436,0.01472584513170994,1.7116516988564137,1.3751079321606006,2.818681705588863e-8,377420.132063028,-41.16334707216856,15.0,1.0,0.07759028386157277,-41.16334707216856,43.768210324208106,-0.8134912810729418,80.16342080467606,4.0,0.0,0.29612073837965835,0.29612073837965835
1004,1,0.06930017631537404,0.040039199214530904,0.022514421906658477,1.7019340686711275,1.36667701091586,2.9011006998038357e-8,253548.12099176238,-40.02904351176852,10.0,1.0,0.22104690248724618,-40.02904351176852,42.435961853695204,-1.071614855963638,1755.4911785389747,3.0,1.0,0.29612073837965835,0.29612073837965835
1005,1,0.06930017631537404,0.040039199214530904,0.022514421906658477,1.7019340686711275,1.36667701091586,2.9011006998038357e-8,253548.12099176238,-40.02904351176852,1.0,1.0,8.59558060563141e-115,-40.02904351176852,42.215648350533655,0.0,262.64603750620506,1.0,0.0,0.29612073837965835,0.29612073837965835
1006,1,0.06930017631537404,0.040039199214530904,0.022514421906658477,1.7019340686711275,1.36667701091586,2.9011006998038357e-8,253548.12099176238,-40.02904351176852,3.0,1.0,3.7744399099622006e-5,-40.02904351176852,43.140067942898774,0.0,2062.99804907468,1.0,1.0,0.29612073837965835,0.29612073837965835
1007,1,0.06930017631537404,0.040039199214530904,0.022514421906658477,1.7019340686711275,1.36667701091586,2.9011006998038357e-8,253548.12099176238,-40.02904351176852,7.0,1.0,0.0016488448039612138,-40.02904351176852,49.750717763196334,0.0,10.611488347990303,3.0,0.0,0.29612073837965835,0.29612073837965835
1008,1,0.06930017631537404,0.040039199214530904,0.022514421906658477,1.7019340686711275,1.36667701091586,2.9011006998038357e-8,253548.12099176238,-40.02904351176852,5.0,1.0,0.02528473518210299,-40.02904351176852,41.16731213486671,0.0,2480.38386856945,2.0,1.0,0.29612073837965835,0.29612073837965835
1009,1,0.06930017631537404,0.040039199214530904,0.022514421906658477,1.7019340686711275,1.36667701091586,2.9011006998038357e-8,253548.12099176238,-40.02904351176852,3.0,1.0,6.654798083101053e-9,-40.02904351176852,43.293380390938545,0.0,72.17052617756616,2.0,0.0,0.29612073837965835,0.29612073837965835
1010,1,0.06930017631537404,0.040039199214530904,0.022514421906658477,1.7019340686711275,1.36667701091586,2.9011006998038357e-8,253548.12099176238,-40.02904351176852,3.0,1.0,0.00018276251713341318,-40.02904351176852,43.66036906963915,0.0,1679.3434890525668,1.0,1.0,0.29612073837965835,0.29612073837965835
1011,1,0.06930017631537404,0.040039199214530904,0.022514421906658477,1.7019340686711275,1.36667701091586,2.9011006998038357e-8,253548.12099176238,-40.02904351176852,1.0,1.0,1.2487437301832223e-12,-40.02904351176852,42.582584972925,0.0,27.408883085834823,1.0,0.0,0.29612073837965835,0.29612073837965835
1012,1,0.06930017631537404,0.040039199214530904,0.022514421906658477,1.7019340686711275,1.36667701091586,2.9011006998038357e-8,253548.12099176238,-40.02904351176852,3.0,1.0,1.736522817704386e-8,-40.02904351176852,42.633811683646115,0.0,65.56438208514783,2.0,0.0,0.29612073837965835,0.29612073837965835
1013,1,0.06930017631537404,0.040039199214530904,0.022514421906658477,1.7019340686711275,1.36667701091586,2.9011006998038357e-8,253548.12099176238,-40.02904351176852,9.0,1.0,0.01169130280520322,-40.02904351176852,48.02748371464467,0.0,2701.166776026718,3.0,1.0,0.29612073837965835,0.29612073837965835
1014,1,0.06930017631537404,0.040039199214530904,0.022514421906658477,1.7019340686711275,1.36667701091586,2.9011006998038357e-8,253548.12099176238,-40.02904351176852,7.0,1.0,0.01962725057761803,-40.02904351176852,45.03561485097967,0.0,732.8547529765756,3.0,0.0,0.29612073837965835,0.29612073837965835
1015,1,0.06930017631537404,0.040039199214530904,0.022514421906658477,1.7019340686711275,1.36667701091586,2.9011006998038357e-8,253548.12099176238,-40.02904351176852,28.0,1.0,0.020313411377048146,-40.02904351176852,41.823444932119024,0.0,40304.59219202579,4.0,1.0,0.29612073837965835,0.29612073837965835
1016,1,0.06930017631537404,0.040039199214530904,0.022514421906658477,1.7019340686711275,1.36667701091586,2.9011006998038357e-8,253548.12099176238,-40.02904351176852,3.0,1.0,6.710893729808899e-6,-40.02904351176852,44.55982625486249,0.0,734.086697365173,2.0,0.0,0.29612073837965835,0.29612073837965835
1017,1,0.06930017631537404,0.040039199214530904,0.022514421906658477,1.7019340686711275,1.36667701091586,2.9011006998038357e-8,253548.12099176238,-40.02904351176852,1.0,1.0,1.063748278768278e-34,-40.02904351176852,43.786794547751335,0.0,78.22609437897259,1.0,0.0,0.29612073837965835,0.29612073837965835
1018,1,0.06930017631537404,0.040039199214530904,0.022514421906658477,1.7019340686711275,1.36667701091586,2.9011006998038357e-8,253548.12099176238,-40.02904351176852,5.0,1.0,5.996789242644163e-6,-40.02904351176852,43.67832992596261,0.0,1252.2941644793268,2.0,1.0,0.29612073837965835,0.29612073837965835
1019,1,0.06725159331877034,0.042057488526860594,0.001251618941867435,0.6243874962138095,0.7000783448566723,3.8514869646261685e-9,1.0159251684094054e6,-45.148711497175455,7.0,1.0,0.1071399150971564,-45.148711497175455,48.01972776040837,2.91136625592101,3.058257862785595,3.0,0.0,0.29612073837965835,0.29612073837965835
1020,1,0.07109078980612507,0.033539446122317386,0.0019923572882759445,0.9223139710022107,0.7448602107340659,4.965215788660652e-9,552446.0749079841,-42.30943938651086,4.0,1.0,0.6568554365374418,-42.30943938651086,48.24962971203402,-0.11170307871593366,71096.45941051908,2.0,1.0,0.29612073837965835,0.29612073837965835
1021,1,0.048964936986525945,0.03546194263167169,0.0035717130397441266,1.090377955483339,0.9121135994452435,3.5896317373040005e-9,790320.7803978549,-41.97261971225753,7.0,1.0,0.5185683256615012,-41.97261971225753,45.470445080754956,0.04688991535238074,32.0010564303696,2.0,0.0,0.29612073837965835,0.29612073837965835
1022,1,0.05165213259256736,0.03685311267237836,0.005743520455452387,1.325496466079513,0.8587209271064519,1.4464500393964587e-9,643486.4238274078,-41.743010837240305,3.0,1.0,0.6666666666666666,-41.743010837240305,45.21343987356142,-0.007021426239106177,215.78722319288633,1.0,0.0,0.29612073837965835,0.29612073837965835
1023,1,0.052389645532571354,0.02524588882915873,0.01898319414261942,1.4882482582235534,0.7328664633860459,1.749454026544175e-9,1.2756910509699953e6,-42.11615197213883,5.0,1.0,0.5974292323168042,-42.11615197213883,46.24810533118095,-0.11627332733721119,196490.6208655944,2.0,1.0,0.29612073837965835,0.29612073837965835
1024,1,0.04815238438222068,0.04005047503101483,0.04706065201670069,1.0913846904686366,0.993104896147937,6.657208887675618e-10,2.119597097227143e6,-44.05723450950197,6.0,1.0,0.7552575586858982,-44.05723450950197,45.549750775962764,0.06616860687665849,9471.068317000323,2.0,1.0,0.29612073837965835,0.29612073837965835
1025,1,0.06493133009148819,0.05247572782482935,0.7526051088466892,1.261930183012051,0.9238184769323009,9.976318803328769e-8,4.598616179135078e6,-43.93264671571385,15.0,1.0,0.9959290483762856,-43.93264671571385,45.21473701369722,-0.03728647299828225,-0.13767641481585002,4.0,0.0,0.29612073837965835,0.29612073837965835
1026,1,0.07523144472310309,0.05095549162658821,0.00450210591949885,1.0232287081668274,0.8516527211802524,6.889599919644733e-10,305696.644414027,-42.22778110273441,15.0,1.0,0.8869781306077644,-42.22778110273441,47.32454594656645,-0.23232214221726366,6.073194277725847,4.0,0.0,0.29612073837965835,0.29612073837965835
1027,1,0.060135313830061564,0.06405918002714478,0.011958738796732055,0.7193970430432645,0.7946131371433939,1.7618601746111453e-9,434973.1223836315,-42.62787660475898,7.0,1.0,0.15364997589862522,-42.62787660475898,47.04578866575636,3.200282670283464,3.200282670283464,3.0,0.0,0.29612073837965835,0.29612073837965835
1028,1,0.07723092337106334,0.07955642541266976,0.01353037924447554,1.2754143274450902,0.7009695908191196,7.640688089077748e-10,430952.11137570394,-41.62739305339091,12.0,1.0,0.39977904657043434,-41.62739305339091,47.64184782114054,-0.4908351452599007,Inf,3.0,1.0,0.29612073837965835,0.29612073837965835
1029,1,0.05810692923087675,0.0897000864208266,0.00361275554859711,1.1307398092803478,0.7715265693293419,3.7893993421699203e-10,296989.7622801086,-43.43593570887113,15.0,1.0,0.15738646405879983,-43.43593570887113,46.06023493962247,1.2120578687560908,11.946647246187098,3.0,0.0,0.29612073837965835,0.29612073837965835
1030,1,0.05810692923087675,0.0897000864208266,0.00361275554859711,1.1307398092803478,0.7715265693293419,3.7893993421699203e-10,296989.7622801086,-43.43593570887113,3.0,1.0,0.2750960372268918,-43.43593570887113,45.6684401848163,0.0,852.133428821957,2.0,0.0,0.29612073837965835,0.29612073837965835
1031,1,0.05810692923087675,0.0897000864208266,0.00361275554859711,1.1307398092803478,0.7715265693293419,3.7893993421699203e-10,296989.7622801086,-43.43593570887113,9.0,1.0,0.02204106972874525,-43.43593570887113,45.37951063283677,0.0,155.0094743933764,3.0,0.0,0.29612073837965835,0.29612073837965835
1032,1,0.05719235028599276,0.09095693492915914,0.00641223271858503,1.0873393723478622,1.0341089986441903,5.670186667046196e-10,209366.79150838839,-42.05370003643812,3.0,1.0,0.5394257391837366,-42.05370003643812,45.57192585099383,-0.008516607740546078,184.17777415917655,1.0,0.0,0.29612073837965835,0.29612073837965835
1033,1,0.06088316017713771,0.08791751521665828,0.006421222399945175,1.1320356373828206,0.8103631603246367,6.475829655829874e-10,151634.7858383387,-40.474618857589675,3.0,1.0,0.5629722676634191,-40.474618857589675,42.48926141073257,-0.28061304330370973,529805.3365025172,1.0,1.0,0.29612073837965835,0.29612073837965835
1034,1,0.06088316017713771,0.08791751521665828,0.006421222399945175,1.1320356373828206,0.8103631603246367,6.475829655829874e-10,151634.7858383387,-40.474618857589675,1.0,1.0,0.0,-40.474618857589675,46.81412305911454,0.0,2050.55201420028,0.0,1.0,0.29612073837965835,0.29612073837965835
1035,1,0.07017274774237886,0.09351789254249893,0.002969753089855004,0.9669438932611957,0.8995593969488168,7.939280052612031e-10,127164.59783218529,-42.90758680460477,6.0,1.0,0.07586559746493944,-42.90758680460477,44.383889087301974,0.7870324894379621,Inf,2.0,1.0,0.29612073837965835,0.29612073837965835
1036,1,0.07017274774237886,0.09351789254249893,0.002969753089855004,0.9669438932611957,0.8995593969488168,7.939280052612031e-10,127164.59783218529,-42.90758680460477,1.0,1.0,1.998521975297295e-185,-42.90758680460477,47.04051571181449,0.0,425.2858343088941,1.0,0.0,0.29612073837965835,0.29612073837965835
1037,1,0.07017274774237886,0.09351789254249893,0.002969753089855004,0.9669438932611957,0.8995593969488168,7.939280052612031e-10,127164.59783218529,-42.90758680460477,1.0,1.0,0.0,-42.90758680460477,46.649650381298514,0.0,9132.758750277164,0.0,1.0,0.29612073837965835,0.29612073837965835
1038,1,0.06703907915095704,0.09552923579217423,0.0012570886975273566,1.302737504845324,0.4409546836413974,1.9925971614126227e-9,677242.0022350041,-47.21836992172859,5.0,1.0,0.06608784237885916,-47.21836992172859,52.13886710683894,3.123906869527495,Inf,2.0,1.0,0.29612073837965835,0.29612073837965835
1039,1,0.044978488257735885,0.09186679971829188,0.001284106932562502,1.2821689132436427,0.5665207459145192,1.5834276334775469e-9,467226.5375149448,-45.792401167687025,7.0,1.0,0.2874109507549374,-45.792401167687025,48.401065862623305,-0.7265089903126309,92.73966429514718,3.0,0.0,0.29612073837965835,0.29612073837965835
1040,1,0.07049985361349452,0.09482584641805263,0.010426953128203673,0.8748332187552574,0.6710247807136224,3.0509082823933565e-9,206312.60670317608,-42.194817694045966,5.0,1.0,0.8,-42.194817694045966,45.501747961119676,-2.730305078241493,1712.6924516995205,2.0,1.0,0.29612073837965835,0.29612073837965835
1041,1,0.07049985361349452,0.09482584641805263,0.010426953128203673,0.8748332187552574,0.6710247807136224,3.0509082823933565e-9,206312.60670317608,-42.194817694045966,1.0,1.0,0.0,-42.194817694045966,50.429963976905924,0.0,1785.8802779205448,0.0,1.0,0.29612073837965835,0.29612073837965835
1042,1,0.053366124797324596,0.07524688213665062,0.007567675831415879,1.5654281094560722,0.26284669084865886,9.720561593834617e-10,264510.42949730495,-41.38825198133425,4.0,1.0,0.5000147366857319,-41.38825198133425,45.13213205001884,-1.247750867026653,5763.801129014749,2.0,1.0,0.29612073837965835,0.29612073837965835
1043,1,0.053366124797324596,0.07524688213665062,0.007567675831415879,1.5654281094560722,0.26284669084865886,9.720561593834617e-10,264510.42949730495,-41.38825198133425,1.0,1.0,3.537795733128821e-44,-41.38825198133425,42.307306321450746,0.0,100.05024023279185,1.0,0.0,0.29612073837965835,0.29612073837965835
1044,1,0.04917534077357502,0.05734374603250657,0.013154292399326604,1.6961353757987079,0.1748583556607691,9.23252836059105e-10,282904.4438229191,-41.26595175513831,3.0,1.0,0.44382419249909466,-41.26595175513831,43.16843517766849,-0.5820687299892029,6109.000755638157,1.0,1.0,0.29612073837965835,0.29612073837965835
1045,1,0.04917534077357502,0.05734374603250657,0.013154292399326604,1.6961353757987079,0.1748583556607691,9.23252836059105e-10,282904.4438229191,-41.26595175513831,1.0,1.0,1.8071557081614544e-218,-41.26595175513831,46.58947472078097,0.0,501.37179609537344,1.0,0.0,0.29612073837965835,0.29612073837965835
1046,1,0.04917534077357502,0.05734374603250657,0.013154292399326604,1.6961353757987079,0.1748583556607691,9.23252836059105e-10,282904.4438229191,-41.26595175513831,3.0,1.0,0.0016053371828670126,-41.26595175513831,44.46455487845587,0.0,1783.2230546099959,1.0,1.0,0.29612073837965835,0.29612073837965835
1047,1,0.05741711792690887,0.08160842742482696,0.011533537039933903,1.8176720815725707,0.42447108394952926,2.4168767338878843e-9,323678.7397710484,-40.9334322077924,3.0,1.0,0.4753776047318712,-40.9334322077924,48.411224382334915,0.5556469038559158,748.1674209311378,1.0,0.0,0.29612073837965835,0.29612073837965835
1048,1,0.05741711792690887,0.08160842742482696,0.011533537039933903,1.8176720815725707,0.42447108394952926,2.4168767338878843e-9,323678.7397710484,-40.9334322077924,1.0,1.0,4.211741242056473e-196,-40.9334322077924,43.227562352635566,0.0,449.8688020679582,1.0,0.0,0.29612073837965835,0.29612073837965835
1049,1,0.05741711792690887,0.08160842742482696,0.011533537039933903,1.8176720815725707,0.42447108394952926,2.4168767338878843e-9,323678.7397710484,-40.9334322077924,1.0,1.0,3.968052912129789e-121,-40.9334322077924,44.24090557089267,0.0,277.2345207282357,1.0,0.0,0.29612073837965835,0.29612073837965835
1050,1,0.05741711792690887,0.08160842742482696,0.011533537039933903,1.8176720815725707,0.42447108394952926,2.4168767338878843e-9,323678.7397710484,-40.9334322077924,3.0,1.0,1.8209037891743375e-7,-40.9334322077924,41.808259420905244,0.0,382.4590720807143,2.0,0.0,0.29612073837965835,0.29612073837965835
1051,1,0.04411048739825654,0.08065400970671563,0.010799786374063376,1.782334860115137,0.3479395162308233,3.7752923138325745e-9,420830.3553699474,-40.9909462749531,3.0,1.0,0.3333333333333333,-40.9909462749531,42.16897993626767,-0.28842143606414083,1191.157396166031,1.0,1.0,0.29612073837965835,0.29612073837965835
1052,1,0.08499808865875604,0.09799879985526001,0.02872937415447996,1.4560136888920032,1.0886381206024682,3.968347393302076e-9,549383.8248808505,-43.15270771812373,7.0,1.0,0.32440487499200327,-43.15270771812373,45.33174135691608,0.5620925662810237,914.7424022754926,3.0,0.0,0.29612073837965835,0.29612073837965835
1053,1,0.08695416722558459,0.09797991135583722,0.015523531438111478,1.0985465126805432,1.3508251884292835,1.3715916749954385e-8,629511.7877154552,-43.51632581379028,6.0,1.0,0.6784680845968915,-43.51632581379028,46.048225127217194,-0.03943258569815811,8561.856446798425,2.0,1.0,0.29612073837965835,0.29612073837965835
1054,1,0.09194650929429914,0.09813270389987423,0.024735393286184834,0.9797428269683285,1.266418268717686,1.446073420363334e-8,918563.4525217507,-43.78923146866658,6.0,1.0,0.484647546081951,-43.78923146866658,45.959154571345216,0.010869747702763277,1583.346764146258,2.0,1.0,0.29612073837965835,0.29612073837965835
1055,1,0.09020117069281763,0.07932973423294802,0.01728666760598759,0.8203689900590662,1.2697094375565208,4.597558235555259e-9,1.6101126835273434e6,-43.396582985089104,7.0,1.0,0.8588633296199213,-43.396582985089104,46.431361133739365,0.032918021586802126,1.3965124036020242,3.0,0.0,0.29612073837965835,0.29612073837965835
1056,1,0.061525451673613916,0.08021497166610221,0.011709439519050575,0.7956961891885667,1.2811822756952274,1.3136338559328237e-8,1.2469339595084712e6,-41.56105345896541,7.0,1.0,0.9570943565807426,-41.56105345896541,44.85329541090893,-0.17406505778604497,-0.45124798685772305,3.0,0.0,0.29612073837965835,0.29612073837965835
1057,1,0.07702137251265834,0.0684831059698527,0.011383668565434196,0.9341934656302131,1.2580811989325578,1.924268442743959e-8,1.5866883711317347e6,-41.20560950502416,7.0,1.0,0.6875623081345923,-41.20560950502416,43.53248908605355,0.10396589883573881,133.98272158467677,2.0,0.0,0.29612073837965835,0.29612073837965835
1058,1,0.06947944681988272,0.04121811064272842,0.014643152510479998,0.6891622739715868,0.9289076351473956,1.3977728166316205e-8,1.1001136807328206e6,-40.34609559203261,7.0,1.0,0.6429407248953948,-40.34609559203261,42.40847979960387,-0.09642178813491142,46.64846176091287,2.0,0.0,0.29612073837965835,0.29612073837965835
1059,1,0.056248556722531186,0.02094107035516309,0.017529446180701742,1.4747950457875452,0.6203365862279847,2.171219348387363e-8,1.0105860399858375e6,-39.52168237496791,7.0,1.0,0.7908872799142392,-39.52168237496791,42.557671927101524,0.0008591198509222409,1.3492832924769331,3.0,0.0,0.29612073837965835,0.29612073837965835
1060,1,0.045831226781046515,0.021592381629224527,0.005774090366638232,1.593926190067588,0.38863350529282337,3.4160117474866725e-8,842155.3822776875,-41.19213346132933,7.0,1.0,0.3087105566810489,-41.19213346132933,43.74804667613959,0.14957672538564992,36.68555735409977,3.0,0.0,0.29612073837965835,0.29612073837965835
1061,1,0.045831226781046515,0.021592381629224527,0.005774090366638232,1.593926190067588,0.38863350529282337,3.4160117474866725e-8,842155.3822776875,-41.19213346132933,3.0,1.0,0.026097708388754918,-41.19213346132933,46.262647523358254,0.0,2080.688058440958,1.0,1.0,0.29612073837965835,0.29612073837965835
1062,1,0.0484836793795492,0.021013110031402712,0.014558210493452663,1.546234508039013,0.5521056138754596,3.2372121066754543e-8,487573.07957533014,-38.81560520325099,3.0,1.0,0.3333333333333333,-38.81560520325099,42.02714898849738,-0.5449220788046887,216.50096139039496,2.0,0.0,0.29612073837965835,0.29612073837965835
1063,1,0.07996906865980176,0.08128689590725885,0.03083296541754199,1.1226263603218694,0.3821355029189885,4.9884101271947214e-8,1.3492545976195082e6,-40.13208645391931,5.0,1.0,0.7300224196082454,-40.13208645391931,41.69958197832094,0.01788978400404062,811.0418346586576,2.0,0.0,0.29612073837965835,0.29612073837965835
1064,1,0.06415653581133247,0.09052248990383441,0.06489981081600721,0.6350188120097013,0.5504168339327165,7.768121520993813e-8,2.68942729292377e6,-41.783959479015834,15.0,1.0,0.6706772659669435,-41.783959479015834,44.58286597464226,0.3398269826167706,0.8164900129114017,3.0,0.0,0.29612073837965835,0.29612073837965835
1065,1,0.09644957965205331,0.07552637252837399,0.1674941624163409,1.953650134557228,0.5356180857721059,3.598983174035888e-8,1.4082711165905392e6,-43.908736740222594,15.0,1.0,0.5585751351705982,-43.908736740222594,46.608220787174204,0.20804612423415847,33.01136687553465,3.0,0.0,0.29612073837965835,0.29612073837965835
1066,1,0.08780267388224684,0.08182762557637208,0.04314931611655003,1.9553697821792793,0.6577739044416643,4.432075995013076e-8,2.9670974734175764e6,-43.03281801884105,7.0,1.0,0.9352750772471208,-43.03281801884105,44.60193818095997,0.009044520459994487,0.5871141824820754,3.0,0.0,0.29612073837965835,0.29612073837965835
1067,1,0.047680108637890364,0.023439968405025158,0.037210145847228544,1.0408476470686148,0.7061040973620988,1.8060113539821873e-8,7.603177050003745e6,-42.566819345799274,15.0,1.0,0.9342461772348488,-42.566819345799274,45.913026245598175,-0.9791471033000292,-1.1658254885568056,4.0,0.0,0.29612073837965835,0.29612073837965835
1068,1,0.05886228390644699,0.06721356000523628,0.050785238855028864,1.2407592677871755,1.1540475114376305,1.5869510009657124e-8,2.851284799335643e6,-40.83954469261403,7.0,1.0,0.9977989487513798,-40.83954469261403,44.67311516511794,-0.12569994183223798,-1.1823642826945004,2.0,0.0,0.29612073837965835,0.29612073837965835
1069,1,0.06166238400882771,0.061625220609296746,0.03333436884547856,1.2892720274905989,1.2215513975769017,2.7339151992448625e-8,1.805860669682949e6,-40.089599688582965,7.0,1.0,0.43862912735179754,-40.089599688582965,42.58245623665831,-0.021388847789658882,109.51807867629584,2.0,0.0,0.29612073837965835,0.29612073837965835
1070,1,0.05005992970065598,0.03376731479610331,0.0184181913515333,1.5693237028753626,1.2733500502666906,3.6815751270974575e-8,2.4430237065854967e6,-41.39947778515106,7.0,1.0,0.5087991928861301,-41.39947778515106,43.263644154355426,0.22167461445213377,2.4424178072479066,3.0,0.0,0.29612073837965835,0.29612073837965835
1071,1,0.06557998181249577,0.04989972880276557,0.020567556783965695,1.8461788238284271,1.2795521270814563,3.208902743453061e-8,2.99950629779005e6,-42.34522802984432,15.0,1.0,0.29444673041220676,-42.34522802984432,43.62157208383949,0.06694156281333363,3.2483590696583633,3.0,0.0,0.29612073837965835,0.29612073837965835
1072,1,0.08476708400035358,0.02393898129013506,0.05678875917025732,1.8242798990044364,1.2585160507744846,5.2535759238633216e-8,1.279647694069703e6,-41.44135766031366,7.0,1.0,0.77477759993132,-41.44135766031366,44.6572456997235,-0.6413001368563087,5.743166029161351,3.0,0.0,0.29612073837965835,0.29612073837965835
1073,1,0.06356788564938565,0.0747846307588989,0.02333059557654938,0.5246114272398261,1.1718231179203205,1.2849961876531179e-8,1.364140039320456e6,-42.02507409059615,13.0,1.0,0.8158513350558318,-42.02507409059615,44.07121016562634,0.020095872839128504,2093.660966846613,3.0,1.0,0.29612073837965835,0.29612073837965835
1074,1,0.026970117377686606,0.021508266192337276,0.050856861144659496,1.824262492668122,1.1143716299809605,2.3498982126046677e-8,1.0592365244820972e6,-46.302305422527894,15.0,1.0,0.5029584289016034,-46.302305422527894,49.29598715522883,0.14958073282896578,1.5011713184129363,4.0,0.0,0.29612073837965835,0.29612073837965835
1075,1,0.09915839285335695,0.08360978875972636,0.40577395498258373,0.4355095272895245,0.3041594858678863,6.044031805383001e-8,3.821305907535673e6,-44.116483122171275,15.0,1.0,1.0,-44.116483122171275,46.741811561959175,-1.2795639030852541,-1.6359285159986143,4.0,0.0,0.29612073837965835,0.29612073837965835
1076,1,0.0978085711473268,0.09497739776943823,0.26081543310384697,0.7104750040490836,0.20970052939833755,4.9664833794323276e-8,3.166893302862225e6,-44.140655195280935,15.0,1.0,0.9931530671718249,-44.140655195280935,46.00521631289732,0.035233108061092366,-0.12152608953304167,4.0,0.0,0.29612073837965835,0.29612073837965835
1077,1,0.09837560053921225,0.06623248265630549,0.01106909268236735,1.0719170067993715,0.04119679008750204,2.6931642583835774e-8,1.1407691727329167e6,-46.517810959064974,15.0,1.0,0.9379697658469371,-46.517810959064974,50.37789452976263,-0.07722032047715999,-0.5879025294225357,3.0,0.0,0.29612073837965835,0.29612073837965835
1078,1,0.09673281601652745,0.05732257596042102,0.034107578646923,1.1069997586805702,0.035167716086125254,1.3028527334537287e-8,1.0521645607242398e6,-44.630222451951866,15.0,1.0,0.5405104232711936,-44.630222451951866,49.06064450473272,-0.12096518712117188,5.236855586171721,4.0,0.0,0.29612073837965835,0.29612073837965835
1079,1,0.09971116388598597,0.06900797623753152,0.024689730709080898,0.6880635264663645,0.02889259194080264,8.932701158845113e-9,1.2085891563867878e6,-49.9621106961422,7.0,1.0,0.8268646441614784,-49.9621106961422,50.2983312812279,0.07514119969359001,3.9468569950458203,3.0,0.0,0.29612073837965835,0.29612073837965835
1080,1,0.09975454763060433,0.06713219519923665,0.01603124198420531,0.799179207825695,0.03283468904262911,1.2832652242886259e-8,952265.3694748414,-48.53841318554142,15.0,1.0,0.25575836483718334,-48.53841318554142,51.947994334545434,0.01514803763370054,11.374089741420512,4.0,0.0,0.29612073837965835,0.29612073837965835
1081,1,0.09842918719165032,0.033242605779772685,0.061399344931895646,1.649522974916042,1.0878312583452125,2.1385452718818362e-8,1.6822599531599248e6,-42.47537869725787,7.0,1.0,0.9794047742175217,-42.47537869725787,49.77771493795247,-0.07564416409258712,0.1203195872438414,3.0,0.0,0.29612073837965835,0.29612073837965835
1082,1,0.07506628318905859,0.05047751645765132,0.01650866609997982,0.6588482698257054,1.270824999186557,1.9271014567050755e-8,635854.7828439664,-41.63566418671423,15.0,1.0,0.6327526041453448,-41.63566418671423,46.86149626957995,-0.055240758743643426,42.40913745921564,3.0,0.0,0.29612073837965835,0.29612073837965835
1083,1,0.04223338595777331,0.043277778486761426,0.030312874167098155,0.5961859796235226,0.24916015011322817,4.0446522860182086e-8,5.42103790347869e6,-42.2047478976027,15.0,1.0,1.0,-42.2047478976027,45.30691736428494,-0.29250988705810244,-0.46260161572198655,3.0,0.0,0.29612073837965835,0.29612073837965835
1084,1,0.09334251065480152,0.06237569010139463,0.0701016447257266,1.7510971161123152,0.22916279567132342,1.416803001333397e-8,962147.8121256195,-41.679170035629284,15.0,1.0,0.9358876244153461,-41.679170035629284,45.402141487519856,-0.6426034381509993,-0.6426034381509993,3.0,0.0,0.29612073837965835,0.29612073837965835
1085,1,0.08960038748493838,0.06880984989675534,0.027208240009132634,1.6421402325326675,0.3597836184425328,4.8570423449266245e-8,836824.7705772816,-40.984866402328315,7.0,1.0,0.5435878797913157,-40.984866402328315,43.720359085199405,0.2521714553381713,4.586606944776527,3.0,0.0,0.29612073837965835,0.29612073837965835
1086,1,0.08881684536054786,0.050717798689880585,0.14161978827985144,1.730922774760297,0.17809755796922325,2.6768990648528834e-8,2.2300011985748773e6,-41.59604871331547,15.0,1.0,0.6651259346060105,-41.59604871331547,43.39537286093571,0.49252820164383593,0.739009585395614,3.0,0.0,0.29612073837965835,0.29612073837965835
1087,1,0.08858351790914934,0.04333009992222393,0.2584675892001115,1.7311212351645306,0.20020844418677677,2.5216792662028335e-8,1.9514967768764575e6,-42.06929321975493,15.0,1.0,0.9741211733114666,-42.06929321975493,42.692662600562315,0.11288337554317707,0.11288337554317707,3.0,0.0,0.29612073837965835,0.29612073837965835
1088,1,0.09382863885874967,0.04664189049426289,0.026030458996946882,1.8322119531637986,0.27207530994483897,1.3594034993876179e-8,1.0597849477741686e6,-42.303326831161144,15.0,1.0,0.9489371133747506,-42.303326831161144,44.566470075792054,-0.011355541418396342,1.4017012331434202,3.0,0.0,0.29612073837965835,0.29612073837965835
1089,1,0.08344681757395137,0.036802785070595555,0.07924013266525506,1.6162401692067927,0.4885877217980787,2.642196448980386e-8,1.6115459160101633e6,-40.06203136874566,3.0,1.0,0.6818492099102347,-40.06203136874566,43.55932240474741,-0.4957997605470652,1.0880111625372777,2.0,0.0,0.29612073837965835,0.29612073837965835
1090,1,0.05537458903051856,0.06861304821327814,0.009596140800761415,1.155665666649521,0.9553082442666654,4.652111253623425e-8,444997.629556261,-39.42679541596195,7.0,1.0,0.9831064535208973,-39.42679541596195,40.59156438588009,0.10911976918416144,0.10911976918416144,3.0,0.0,0.29612073837965835,0.29612073837965835
1091,1,0.05787441638070801,0.08176859189972778,0.006308964052217966,1.1744361007308797,0.5363326448739214,3.573358212005686e-8,381355.7717851862,-39.35327957255192,7.0,1.0,0.4009843535583263,-39.35327957255192,42.89897126947216,0.1186524569474372,426.7200129672347,2.0,0.0,0.29612073837965835,0.29612073837965835
1092,1,0.06695775514311234,0.05254853753641883,0.010192928128410994,1.2439121528572343,1.0019172863298125,5.434259030977371e-9,184641.04391631982,-37.44718980642,6.0,1.0,0.6666667111696891,-37.44718980642,40.439115744821954,-0.40005976984461,360150.03705755086,2.0,1.0,0.29612073837965835,0.29612073837965835
1093,1,0.06695775514311234,0.05254853753641883,0.010192928128410994,1.2439121528572343,1.0019172863298125,5.434259030977371e-9,184641.04391631982,-37.44718980642,3.0,1.0,0.0005698646024410245,-37.44718980642,41.2149766605079,0.0,11343.576975578435,1.0,1.0,0.29612073837965835,0.29612073837965835
1094,1,0.05603528367408624,0.03378833454790891,0.012981724315880235,1.592073315002607,0.6102559180288519,2.9576823103273847e-9,225925.58644400956,-38.38411401059097,3.0,1.0,0.2934850204192458,-38.38411401059097,43.395200432555356,0.1273166227862248,6267.914439508242,1.0,1.0,0.29612073837965835,0.29612073837965835
1095,1,0.06704306823518714,0.02863150634822783,0.018641427567644978,1.169645231741624,0.4541489809262608,5.017238247625766e-9,201871.24662543533,-39.00348861214855,9.0,1.0,0.09888036395679473,-39.00348861214855,42.72741759474777,1.0245542707492277,392.53425585411804,3.0,0.0,0.29612073837965835,0.29612073837965835
1096,1,0.06704306823518714,0.02863150634822783,0.018641427567644978,1.169645231741624,0.4541489809262608,5.017238247625766e-9,201871.24662543533,-39.00348861214855,5.0,1.0,0.012195390173118013,-39.00348861214855,46.330750192595445,0.0,Inf,2.0,1.0,0.29612073837965835,0.29612073837965835
1097,1,0.06704306823518714,0.02863150634822783,0.018641427567644978,1.169645231741624,0.4541489809262608,5.017238247625766e-9,201871.24662543533,-39.00348861214855,3.0,1.0,1.5235964231404233e-7,-39.00348861214855,45.35293874521639,0.0,112.13561901212171,2.0,0.0,0.29612073837965835,0.29612073837965835
1098,1,0.06704306823518714,0.02863150634822783,0.018641427567644978,1.169645231741624,0.4541489809262608,5.017238247625766e-9,201871.24662543533,-39.00348861214855,1.0,1.0,1.3546617805094856e-187,-39.00348861214855,41.40302401661472,0.0,430.27986057519234,1.0,0.0,0.29612073837965835,0.29612073837965835
1099,1,0.06704306823518714,0.02863150634822783,0.018641427567644978,1.169645231741624,0.4541489809262608,5.017238247625766e-9,201871.24662543533,-39.00348861214855,3.0,1.0,0.01311611811629669,-39.00348861214855,40.503284352209604,0.0,3194.3854418397746,1.0,1.0,0.29612073837965835,0.29612073837965835
1100,1,0.06704306823518714,0.02863150634822783,0.018641427567644978,1.169645231741624,0.4541489809262608,5.017238247625766e-9,201871.24662543533,-39.00348861214855,3.0,1.0,0.03872374561350872,-39.00348861214855,44.559129622236384,0.0,235.68957453663845,2.0,0.0,0.29612073837965835,0.29612073837965835
1101,1,0.06704306823518714,0.02863150634822783,0.018641427567644978,1.169645231741624,0.4541489809262608,5.017238247625766e-9,201871.24662543533,-39.00348861214855,3.0,1.0,5.012039173405238e-74,-39.00348861214855,43.11354644569478,0.0,632.7323712331937,2.0,0.0,0.29612073837965835,0.29612073837965835
1102,1,0.06704306823518714,0.02863150634822783,0.018641427567644978,1.169645231741624,0.4541489809262608,5.017238247625766e-9,201871.24662543533,-39.00348861214855,15.0,1.0,0.027312116696400154,-39.00348861214855,44.57125680023511,0.0,3.731228547396917,4.0,0.0,0.29612073837965835,0.29612073837965835
1103,1,0.06704306823518714,0.02863150634822783,0.018641427567644978,1.169645231741624,0.4541489809262608,5.017238247625766e-9,201871.24662543533,-39.00348861214855,3.0,1.0,0.0006947344335161004,-39.00348861214855,40.440616059234046,0.0,345.3850620670283,2.0,0.0,0.29612073837965835,0.29612073837965835
1104,1,0.06704306823518714,0.02863150634822783,0.018641427567644978,1.169645231741624,0.4541489809262608,5.017238247625766e-9,201871.24662543533,-39.00348861214855,2.0,1.0,0.0007591977570213834,-39.00348861214855,42.51219503196789,0.0,18890.66794538324,1.0,1.0,0.29612073837965835,0.29612073837965835
1105,1,0.06720962788797082,0.0274989620218465,0.012827037398034362,1.4780611413303444,0.775371240170117,1.149602601913289e-8,236980.2030415648,-37.503312519526204,3.0,1.0,0.6666666666666666,-37.503312519526204,41.61677018979626,-1.0569802419088958,1150.4334431567581,1.0,1.0,0.29612073837965835,0.29612073837965835
1106,1,0.06720962788797082,0.0274989620218465,0.012827037398034362,1.4780611413303444,0.775371240170117,1.149602601913289e-8,236980.2030415648,-37.503312519526204,3.0,1.0,0.054984504484485795,-37.503312519526204,38.744347663912706,0.0,110681.6304741854,1.0,1.0,0.29612073837965835,0.29612073837965835
1107,1,0.06720962788797082,0.0274989620218465,0.012827037398034362,1.4780611413303444,0.775371240170117,1.149602601913289e-8,236980.2030415648,-37.503312519526204,2.0,1.0,0.043728608654116326,-37.503312519526204,43.58145809290196,0.0,1449.188578217737,1.0,1.0,0.29612073837965835,0.29612073837965835
1108,1,0.05551044876049471,0.025142905708526682,0.023577854613821652,1.5475697282922263,0.7520031847923646,1.3312461246462854e-8,516547.6759151573,-38.84135441484507,3.0,1.0,0.4433515102689379,-38.84135441484507,40.821475030184544,0.2972861838289589,7889.737088252574,1.0,1.0,0.29612073837965835,0.29612073837965835
1109,1,0.06899511238659534,0.016248537851072588,0.006761817010481416,0.9631721749634063,0.980373784619698,1.69988959619986e-8,218931.0653390958,-40.76286904342154,11.0,1.0,0.4216064794721753,-40.76286904342154,41.31977580079585,-0.350793183252307,580.067484848303,3.0,0.0,0.29612073837965835,0.29612073837965835
1110,1,0.055296135663971596,0.01912317377376499,0.009401458513541319,1.2001720387796238,0.8282463940719309,1.762519661864913e-8,568148.7429914904,-39.334236120614094,3.0,1.0,1.0,-39.334236120614094,41.70782174425817,-0.8267291403142849,-0.8569801601399476,2.0,0.0,0.29612073837965835,0.29612073837965835
1111,1,0.06479761368206972,0.04009898638345448,0.013912366794820663,0.961293604036309,0.3970102407556764,2.3465092412347826e-8,437779.94971274066,-38.521324401795326,7.0,1.0,0.6937277723971781,-38.521324401795326,40.54587524224924,-0.04799203748141423,1080.5413268462103,2.0,1.0,0.29612073837965835,0.29612073837965835
1112,1,0.05270888481606124,0.06348200812717648,0.0054607930519969495,1.306759860011133,1.0578541351741615,1.4929681519867397e-8,544272.3327136895,-39.221160942601806,5.0,1.0,0.4014488352923024,-39.221160942601806,40.52549350336213,0.4291890275027015,510.064827853165,2.0,0.0,0.29612073837965835,0.29612073837965835
1113,1,0.05441497003793198,0.06444713719035768,0.01156561799835027,1.4229445130057448,0.9050938060935461,3.7400318424267116e-8,410539.313319143,-37.913883940641256,3.0,1.0,0.33333333333355086,-37.913883940641256,42.22442390248013,-0.5246132731927133,113.2895889809424,2.0,0.0,0.29612073837965835,0.29612073837965835
1114,1,0.05441497003793198,0.06444713719035768,0.01156561799835027,1.4229445130057448,0.9050938060935461,3.7400318424267116e-8,410539.313319143,-37.913883940641256,1.0,1.0,3.1910691184752856e-36,-37.913883940641256,41.8406914267113,0.0,81.7327073402806,1.0,0.0,0.29612073837965835,0.29612073837965835
1115,1,0.05441497003793198,0.06444713719035768,0.01156561799835027,1.4229445130057448,0.9050938060935461,3.7400318424267116e-8,410539.313319143,-37.913883940641256,1.0,1.0,4.088690549662724e-25,-37.913883940641256,41.420038932892325,0.0,56.15640256506494,1.0,0.0,0.29612073837965835,0.29612073837965835
1116,1,0.048934010145698224,0.02420231201947393,0.006705973078016379,1.209044977909659,0.18944048349495893,1.7502273193306482e-8,945852.8360814682,-41.23608809933604,15.0,1.0,0.1630624910735213,-41.23608809933604,44.39561466548623,0.5910371212736791,13.009645745601077,4.0,0.0,0.29612073837965835,0.29612073837965835
1117,1,0.06095522714013489,0.014863407829081209,0.003953778788261348,1.24273964756785,0.11319486386141436,2.9618362551010242e-8,769790.740315413,-45.95848408895844,7.0,1.0,0.31104661353819674,-45.95848408895844,47.498452018243746,1.1476406207353307,1.8736147397554461,3.0,0.0,0.29612073837965835,0.29612073837965835
1118,1,0.04862745366692173,0.014246354229086306,0.012785378634325228,1.4444269772923555,0.2527995000237547,2.1630737872584225e-8,1.0315206523925454e6,-41.378444750079225,7.0,1.0,0.7313588576644138,-41.378444750079225,46.916454068217945,-0.884721851799938,-0.884721851799938,3.0,0.0,0.29612073837965835,0.29612073837965835
1119,1,0.08336917743433525,0.09778861550351454,0.27884139206235314,1.164837238460533,1.1832931012851107,6.98258037204163e-8,4.62762417690951e6,-42.93391622332699,15.0,1.0,0.9969484376891491,-42.93391622332699,44.02180459952345,0.0061083327883153515,-0.16018390001902105,4.0,0.0,0.29612073837965835,0.29612073837965835
1120,1,0.039603914851064716,0.054703498899555225,0.444272076561852,1.6315910664389206,0.12002251577559156,1.9439724269970416e-8,1.3140831298254168e7,-43.03962705087456,15.0,1.0,0.8974442237806263,-43.03962705087456,47.0870891861077,0.07369610650770397,0.35834095357586904,4.0,0.0,0.29612073837965835,0.29612073837965835
1121,1,0.0527589691472382,0.050899120506752285,0.48654767077317446,0.9502461925508402,1.2511226543296932,9.030194138386537e-8,3.458136407050824e6,-41.18862154904082,15.0,1.0,0.8976452837495974,-41.18862154904082,44.56112158404962,-0.007388507470146521,0.37241656820135205,4.0,0.0,0.29612073837965835,0.29612073837965835
1122,1,0.01144118859400505,0.06092951026028102,0.4372913196114798,1.824815013442877,0.17723064105297306,5.584931895048168e-9,5.02927793636171e6,-45.860438040798925,15.0,1.0,0.9164146936205337,-45.860438040798925,47.17709775992478,0.13676664476798095,0.14327102816804427,3.0,0.0,0.29612073837965835,0.29612073837965835
1123,1,0.09878105117826555,0.05595059316913117,0.43052278618599377,0.4780876774173869,0.65557510082358,9.081735494432818e-8,3.274472984003238e6,-43.78316807100198,15.0,1.0,0.9967809539060568,-43.78316807100198,49.0525662936242,-0.06405063340248063,-0.11318128538206196,4.0,0.0,0.29612073837965835,0.29612073837965835
1124,1,0.09857635935132093,0.03323953916659274,0.4154038130597574,0.24737030104002836,1.2293793620112405,5.859544448186215e-8,5.086860247050734e6,-44.423471688524714,7.0,1.0,0.9817667276688494,-44.423471688524714,46.24763521850341,0.032690931827687564,-0.050583858890597355,3.0,0.0,0.29612073837965835,0.29612073837965835
1125,1,0.0478529197424738,0.066889998342876,0.05942064688992713,0.42906590143902,0.6062319323215997,3.3791061318973435e-8,4.0787982431361824e6,-41.19476350496383,7.0,1.0,0.9830125919895952,-41.19476350496383,46.45134107147677,-0.08772717740041713,-0.08772717740041713,3.0,0.0,0.29612073837965835,0.29612073837965835
1126,1,0.06976942741896604,0.0785949833518373,0.016406434032147536,0.8248094554922176,0.8075794260929073,7.372375030208374e-8,1.0246508290963802e6,-43.119387676663465,15.0,1.0,0.9872028532861297,-43.119387676663465,45.89926176686096,0.20184633638089622,-0.6053961345714853,3.0,0.0,0.29612073837965835,0.29612073837965835
1127,1,0.06981490448900657,0.07395281992826254,0.031286719840888114,0.7300513549426431,0.7897872486423271,8.598990644710029e-8,9.763043515622294e6,-43.20198234369009,23.0,1.0,0.9303981216779675,-43.20198234369009,44.583026604334385,-0.06933907202810019,0.4718066178588387,4.0,0.0,0.29612073837965835,0.29612073837965835
1128,1,0.06472668038995254,0.07078166143370188,0.1612431917279954,0.9466563848880116,1.1313635433428237,1.0795796533820293e-8,9.179174932380011e6,-42.09318726860024,15.0,1.0,0.964143850145462,-42.09318726860024,45.36713856586231,0.06013097369378073,-0.2273171429905787,4.0,0.0,0.29612073837965835,0.29612073837965835
1129,1,0.051532764628995316,0.02144311666761678,0.8470479626014835,1.5323629394011364,0.5221947430741645,1.702610231293086e-8,3.0071492634125752e6,-42.065283179360634,7.0,1.0,0.9771463243341595,-42.065283179360634,43.89909600495332,-0.08484315227742201,0.14594677962546854,3.0,0.0,0.29612073837965835,0.29612073837965835
1130,1,0.04625149537627433,0.05108000835400782,0.6793803077750719,1.6936534057157453,0.7562894408025174,1.9162132789538077e-8,3.0188151811840683e6,-40.75144332832696,7.0,1.0,0.9825435126084913,-40.75144332832696,43.186450771435666,-0.07578985716549624,-0.07578985716549624,3.0,0.0,0.29612073837965835,0.29612073837965835
1131,1,0.044845432943584645,0.026945709676556753,0.5245722329999287,0.8111658337035227,1.17474160902673,6.080861862199628e-8,2.9057522899360433e6,-40.660280526041625,7.0,1.0,0.7848315188742531,-40.660280526041625,46.70398414034964,-0.0361189728327318,0.4300119844878765,2.0,0.0,0.29612073837965835,0.29612073837965835
1132,1,0.05297454955871968,0.02103118033740527,0.821798467809075,1.2461051464823574,0.9216907230567144,5.479139071885107e-8,7.248010183615375e6,-41.40194171315392,7.0,1.0,0.5420586203825888,-41.40194171315392,49.160059773285624,0.3713898004696361,1.6466448169128896,3.0,0.0,0.29612073837965835,0.29612073837965835
1133,1,0.08421201229217146,0.030668810305645416,0.0947915878070777,0.9947117271364673,0.9087823976703335,5.107328534337589e-8,1.9865988940689699e6,-40.33656862762746,15.0,1.0,0.9653389947692593,-40.33656862762746,42.738754002612964,-0.1991903902377885,0.5297089111120243,4.0,0.0,0.29612073837965835,0.29612073837965835
1134,1,0.08542052608691039,0.04503215095342511,0.12154005793271382,1.0301994134075727,1.0720510766220772,7.52492927393203e-8,1.9739512897521849e6,-40.91260633562386,11.0,1.0,0.8126354237822526,-40.91260633562386,43.915103178580964,0.0797337906299731,125016.50537099976,3.0,1.0,0.29612073837965835,0.29612073837965835
1135,1,0.09781705309584113,0.08886107278798913,0.0620941776993801,1.5064015914544457,1.2297647893076007,6.502861195896936e-8,1.943860790793383e6,-43.3089838452551,7.0,1.0,0.6293980042038049,-43.3089838452551,47.31936768545267,0.4200339804802482,0.6735144122270569,3.0,0.0,0.29612073837965835,0.29612073837965835
1136,1,0.08988611070840459,0.0988039159141422,0.08973331640902314,1.6821523144362465,1.1071002981412843,4.78696434115332e-8,1.348182869061357e6,-43.75342455016748,15.0,1.0,0.9716359292469451,-43.75342455016748,46.31713600194001,0.047615974184886056,-0.10070116919171568,3.0,0.0,0.29612073837965835,0.29612073837965835
1137,1,0.030998084835438915,0.010957430261909228,0.017615638049095036,1.3687267448438745,0.6394861817823039,5.4617893270634195e-8,2.4089012302640607e6,-44.237607974228546,15.0,1.0,0.8065756905863493,-44.237607974228546,46.528037018380594,0.16290280264686885,0.6639842576673303,4.0,0.0,0.29612073837965835,0.29612073837965835
1138,1,0.09873007717956733,0.08148501289049345,0.032597306739116066,1.462220006070557,0.5024165081343547,2.7515819053183043e-8,1.3926279977362738e6,-42.36143947339842,15.0,1.0,0.6661880172095882,-42.36143947339842,45.85883104337131,-0.02162077825265385,6.771375306229409,4.0,0.0,0.29612073837965835,0.29612073837965835
1139,1,0.09878459624022169,0.07054638402004662,0.04605872212372545,1.7063274432734756,0.38626675235790375,8.200599256760296e-9,1.2511410555801971e6,-43.22300353564765,7.0,1.0,0.9134944289081212,-43.22300353564765,44.540097513138896,0.043015574335832696,0.255619226952021,3.0,0.0,0.29612073837965835,0.29612073837965835
1140,1,0.07196012838402162,0.05679104204343926,0.17628206692567577,0.8408023325227898,1.0171360060023318,6.723755565379429e-8,2.439867414646971e6,-40.22919518937722,23.0,1.0,0.940571771161216,-40.22919518937722,45.46250806804104,-0.8820825721892476,19.044405410977923,4.0,0.0,0.29612073837965835,0.29612073837965835
1141,1,0.03150543168160626,0.02759786576063754,0.2723524400508718,1.9833394797885544,0.5517501508383852,2.8040931296632064e-8,8.628888125788417e6,-44.53584902243385,7.0,1.0,0.7979660665229208,-44.53584902243385,46.127229494506636,0.24498185344182133,0.3011182249744948,3.0,0.0,0.29612073837965835,0.29612073837965835
1142,1,0.04861231385702175,0.01057924095008875,0.9107807746089038,1.9373214463812949,0.21985649450674488,6.277561685686912e-8,3.4174918768763295e6,-47.450165705808665,15.0,1.0,0.9473967139281217,-47.450165705808665,50.14976209379331,0.05829832658039891,-0.17555380065189752,4.0,0.0,0.29612073837965835,0.29612073837965835
1143,1,0.026538901046962847,0.010316841971815247,0.6194269285353374,1.6974431909648322,0.9629350044414732,3.7650423087886003e-8,4.979870409453348e6,-45.03154809638168,7.0,1.0,0.9440844404768336,-45.03154809638168,50.84877169499083,-0.1818575270737952,0.2973175144118585,3.0,0.0,0.29612073837965835,0.29612073837965835
1144,1,0.04140705891703873,0.010544623031779972,0.5514068145894692,0.8254137157884223,1.1385945659333423,7.797023379401909e-8,3.75031674950154e6,-43.96392568319928,7.0,1.0,0.9923650169174868,-43.96392568319928,47.16365163959293,-0.038431664815782085,-0.054113630338129326,3.0,0.0,0.29612073837965835,0.29612073837965835
1145,1,0.05803945189186747,0.05052558837735439,0.6023921898281528,1.4110927086952356,1.2759151827618005,5.270948374885073e-8,3.9752048180654687e6,-40.44796974607755,7.0,1.0,0.9957584398488427,-40.44796974607755,45.05726306047397,-0.1567195701031281,-0.1567195701031281,3.0,0.0,0.29612073837965835,0.29612073837965835
1146,1,0.07319347009318299,0.0776971197387256,0.08492400190666982,0.5087448924141861,0.05117479534836357,5.672522897213712e-8,2.820656661095901e6,-43.49000718094251,7.0,1.0,0.9527958316070178,-43.49000718094251,44.188786165604476,0.07940055193623863,0.07940055193623863,3.0,0.0,0.29612073837965835,0.29612073837965835
1147,1,0.03986006205896522,0.032222456839127,0.7987541916631923,1.4873530324621513,1.370884347812763,4.069206612395385e-8,3.172625475515436e6,-42.54119814006167,15.0,1.0,1.0,-42.54119814006167,44.075825266118464,-0.011411347881107758,-0.12961917227428188,4.0,0.0,0.29612073837965835,0.29612073837965835
1148,1,0.026203348243420778,0.052320422937455445,0.8711379775845516,1.281324338854956,1.104281013127107,1.4464620475149277e-8,3.947396314210473e6,-42.101997567482016,15.0,1.0,0.5481596201972625,-42.101997567482016,48.37757704874365,0.6111188274019739,1.3701197287801108,3.0,0.0,0.29612073837965835,0.29612073837965835
1149,1,0.09885810128348818,0.045290585084475074,0.31960860729613205,1.375096539809992,1.1014996889609596,6.442320653100364e-8,4.612448298687746e6,-42.78816183660123,15.0,1.0,0.9962407373002624,-42.78816183660123,44.18058036375073,-0.0024169017835404816,-0.13477885383682775,4.0,0.0,0.29612073837965835,0.29612073837965835
1150,1,0.03274637187547985,0.07313207987220591,0.8398713855593347,0.9702542163553733,0.5815036571517859,1.9499924870664493e-8,3.1698382191591114e6,-41.29368831700759,15.0,1.0,0.9680156683597196,-41.29368831700759,44.66164233458223,-0.02380274725873477,0.1941611144451798,3.0,0.0,0.29612073837965835,0.29612073837965835
1151,1,0.07859194880552713,0.037660170996738414,0.14315975692886374,1.1920894200743781,0.876895749658073,2.9423137032750733e-8,2.852766295049614e6,-40.002243048809575,15.0,1.0,0.5192220430017593,-40.002243048809575,44.997248235389414,-0.0366233919709984,3.3139774114924734,4.0,0.0,0.29612073837965835,0.29612073837965835
1152,1,0.09484355079983371,0.03220120091652268,0.4679873186321976,0.49690719631213776,0.27890882552090107,1.2253135583625815e-8,3.9364150200131023e6,-42.8489619978338,15.0,1.0,0.9479770357847028,-42.8489619978338,43.45202453167597,0.08949462206952319,0.10161730428145432,4.0,0.0,0.29612073837965835,0.29612073837965835
1153,1,0.0722724440332093,0.07509486722853917,0.01106576226063697,0.37047664045011897,0.37269692079917505,6.42187058541463e-8,4.418514084763682e6,-43.70891848764103,15.0,1.0,0.9073679091570263,-43.70891848764103,47.16589877526891,0.14563900732242274,0.14766811278836656,4.0,0.0,0.29612073837965835,0.29612073837965835
1154,1,0.033122501231720135,0.028574854061327114,0.8287722204940634,1.9419131667392135,0.3675697779015937,1.071718337588719e-8,1.7576351271338843e7,-45.925561532918266,15.0,1.0,0.9387185241166821,-45.925561532918266,49.87800914323732,0.14571099469488757,-0.3483861834641644,4.0,0.0,0.29612073837965835,0.29612073837965835
1155,1,0.045094210597797,0.05234107544439962,0.791918415736151,1.8969456608725812,0.2131376314495597,2.5326728140102672e-8,2.116619205219251e7,-44.634205080975,15.0,1.0,0.9464713033779887,-44.634205080975,47.29192513956278,-0.040408987354815906,-0.6577342947577378,4.0,0.0,0.29612073837965835,0.29612073837965835
1156,1,0.07335601969423847,0.05539853694740015,0.16203273835534768,1.8569376020317228,0.8461701222756673,2.9972547534372484e-8,1.4241717023338752e6,-41.71089672443825,7.0,1.0,0.9603311170026212,-41.71089672443825,45.803508643081734,0.3202757471749891,0.3202757471749891,3.0,0.0,0.29612073837965835,0.29612073837965835
1157,1,0.04400675293354815,0.03735129815351529,0.9020266877992266,0.4513464618183325,1.21899955135119,3.762086521944016e-8,6.757545305592951e6,-42.63380748862207,15.0,1.0,1.0,-42.63380748862207,44.501083598141896,-0.18959099350689002,-0.4455255012551049,4.0,0.0,0.29612073837965835,0.29612073837965835
1158,1,0.09506761955009056,0.05862295967147266,0.06911661306556029,0.5344507369333242,0.4978144985549835,3.102801040907686e-9,2.5586180953069315e6,-43.86317781007171,15.0,1.0,0.9725218133368886,-43.86317781007171,46.668613170643944,0.029595807604309243,0.17639204782623352,4.0,0.0,0.29612073837965835,0.29612073837965835
1159,1,0.09707328942484557,0.05360343197442704,0.01705297303656524,0.5622919469201318,0.3694071639944461,4.291006254554353e-9,2.7506985593083724e6,-44.86761279492311,7.0,1.0,0.9437229472153768,-44.86761279492311,47.57199098646786,0.09637573750089956,0.15279312451815485,3.0,0.0,0.29612073837965835,0.29612073837965835
1160,1,0.09085735399302168,0.0433433424053677,0.12291761507423128,0.2200563956031788,0.6659843850072451,1.2650861677599053e-8,2.507464914787657e6,-43.308709789498224,7.0,1.0,0.7128612610114604,-43.308709789498224,48.37167015263445,0.010021218014578892,304.9590097010149,2.0,0.0,0.29612073837965835,0.29612073837965835
1161,1,0.09683988330555958,0.0573179850251403,0.43821900662900837,0.2849283743993177,0.4449096704156078,1.4042397451292438e-8,3.6396771013917755e6,-43.25015430168702,15.0,1.0,0.9961487665360893,-43.25015430168702,45.28251262573512,-0.05059782203598928,-0.13109093709377362,3.0,0.0,0.29612073837965835,0.29612073837965835
1162,1,0.09439359367683893,0.08880734715484814,0.4526641410997998,1.0812344011820518,0.21781634221156668,1.4678320317425609e-8,4.987731633888276e6,-43.02273456875296,15.0,1.0,0.9592653120200312,-43.02273456875296,47.38363302835719,0.021093491962652422,0.11149597413907486,3.0,0.0,0.29612073837965835,0.29612073837965835
1163,1,0.013669061959268298,0.01773685424391936,0.14815757274790514,1.1436727806310456,1.2928405074635385,7.252101162564347e-8,5.894968369773028e6,-44.44008695521348,7.0,1.0,0.9916354484967453,-44.44008695521348,45.47526459065387,0.02982090923499925,-0.18727900160887145,3.0,0.0,0.29612073837965835,0.29612073837965835
1164,1,0.03939428634599578,0.03140399784047774,0.5091032901760436,0.19496886765492205,1.0816259570904996,7.782778230346806e-8,4.155778891946455e6,-42.120989788128625,15.0,1.0,0.9885831223281253,-42.120989788128625,47.53141952891716,-0.15709488736585087,-0.20411061649249262,3.0,0.0,0.29612073837965835,0.29612073837965835
1165,1,0.08305222973355178,0.0769596450612436,0.7313097678629182,1.3712906776467646,0.4247599448456589,2.1723098830919314e-8,1.0705244519261776e7,-42.04773132678214,14.0,1.0,0.6876106045158668,-42.04773132678214,45.80819450443751,0.134889669756447,1687.6328580371387,3.0,1.0,0.29612073837965835,0.29612073837965835
1166,1,0.05006546775229489,0.012231951780088322,0.21702691759401563,0.236833116044291,0.6633940344299726,4.624073775305279e-8,6.21482097784927e6,-43.548777497890086,15.0,1.0,0.7561557817044421,-43.548777497890086,46.579595514191176,0.009159370387131105,0.7598204543733402,3.0,0.0,0.29612073837965835,0.29612073837965835
1167,1,0.04811147011687237,0.04602643870537047,0.7678449451580251,0.8318138527306067,1.1879304598757554,4.593262944905497e-8,5.443096166891171e6,-40.59694460117262,7.0,1.0,1.0,-40.59694460117262,44.75522727149021,-0.11786304514406964,-0.13622249599126235,3.0,0.0,0.29612073837965835,0.29612073837965835
1168,1,0.0690512232408783,0.0743386733050121,0.04885530537150526,1.5521080858706766,0.26416740569076486,8.468988089341347e-8,1.9391735181184553e6,-41.2435342377067,15.0,1.0,0.9416278159698046,-41.2435342377067,43.91541147000964,-0.08616468657540821,0.24720442011125954,4.0,0.0,0.29612073837965835,0.29612073837965835
1169,1,0.09152406570593023,0.02564731529213765,0.29474503561382437,0.45782914683211884,1.2546443331258208,8.392492829332064e-9,2.8240152553965743e6,-43.576230857175105,15.0,1.0,0.9729129316503289,-43.576230857175105,45.117888602416976,0.1250524252987546,-0.12813351898916636,3.0,0.0,0.29612073837965835,0.29612073837965835
1170,1,0.08465792373330552,0.07527056336704267,0.45461854701451976,1.1271234897212916,0.18480324938372747,2.64315723093843e-8,4.508982100961971e6,-41.19905770539073,7.0,1.0,0.9994015038994143,-41.19905770539073,44.5275762562699,-0.06558442441212975,-0.09356845614251341,3.0,0.0,0.29612073837965835,0.29612073837965835
1171,1,0.041926614122876384,0.06582701835767837,0.33017477032322334,0.12277194820830456,0.9854353953369115,7.245293701570787e-8,3.284373012167707e6,-43.10142122030487,15.0,1.0,0.9549991578897845,-43.10142122030487,45.413313063348276,0.03159903733340741,0.1019913876683205,3.0,0.0,0.29612073837965835,0.29612073837965835
1172,1,0.023683820308354787,0.08424909846827555,0.6536680800766678,0.10260282859861657,0.5558536179572067,4.4427866305742005e-8,7.032292161399651e6,-46.36489097776343,7.0,1.0,0.9121010781618976,-46.36489097776343,47.25678899152072,0.10583247721934441,0.17989479931758012,3.0,0.0,0.29612073837965835,0.29612073837965835
1173,1,0.047979869121035586,0.033087343921567224,0.3194304498235603,0.15010845729177802,0.7160639361602538,8.882159981225232e-8,8.950659812164098e6,-43.60400060336535,7.0,1.0,0.9838878004599152,-43.60400060336535,48.51353093120914,0.012580680654586729,0.08792013587369496,3.0,0.0,0.29612073837965835,0.29612073837965835
1174,1,0.04366167515436372,0.021495920526708647,0.008126290899491781,1.707596885882931,0.6910958144475775,9.494464481894664e-8,1.7380703053908832e6,-44.55452180080705,15.0,1.0,0.9236365877222614,-44.55452180080705,50.81987833776682,0.17737710491439174,-1.1072356580342984,3.0,0.0,0.29612073837965835,0.29612073837965835
1175,1,0.0698370456161766,0.08873365228164407,0.9524328284002894,0.3883678378617391,0.6683031349344712,6.167842923448937e-8,2.4997369318392943e6,-45.04767184852682,15.0,1.0,0.6699013073665147,-45.04767184852682,49.58490378902056,0.3576501842173556,7.587090529459296,4.0,0.0,0.29612073837965835,0.29612073837965835
1176,1,0.07561661996890864,0.08788800647224028,0.06852092253595428,0.4856725797723517,0.3155047907005404,3.26044031154319e-8,1.0250864614963017e7,-43.37183402010889,15.0,1.0,0.9078214773670789,-43.37183402010889,48.42183726296122,0.16173241275043182,-0.8043126399552349,3.0,0.0,0.29612073837965835,0.29612073837965835
1177,1,0.08610127975084764,0.07107146990087651,0.1025736338068316,0.560251908503878,0.21708927097090916,4.955140368533253e-8,2.2899433420145093e6,-41.677592235068744,15.0,1.0,0.49258891959582235,-41.677592235068744,44.81481135752525,-0.38531849922528494,1.8049315783059185,4.0,0.0,0.29612073837965835,0.29612073837965835
1178,1,0.08274431699703252,0.06139681254952201,0.13958529115127127,0.520535587615333,0.2891465730775241,5.584770583431936e-8,5.528747695494907e6,-41.34737175299928,23.0,1.0,0.16150067992041695,-41.34737175299928,44.48592270944302,0.1677386535985761,9.774413601217212,4.0,0.0,0.29612073837965835,0.29612073837965835
1179,1,0.0690206959153165,0.02024729323781739,0.09913931828976048,0.30815855105806056,0.5616436404569888,2.356793481755568e-8,2.4577843697270765e6,-42.32767131942402,7.0,1.0,0.9826572114114746,-42.32767131942402,43.64856291742493,-0.04410775219154317,0.12942500125312506,3.0,0.0,0.29612073837965835,0.29612073837965835
1180,1,0.06893401274763543,0.08695761908631333,0.011063456575015548,0.24838379462031832,0.44672234520567444,9.196730573164299e-8,7.237503960356149e6,-46.65894857197999,15.0,1.0,0.7767414448418973,-46.65894857197999,49.96559176750134,0.30546162713793734,0.5629888803220879,4.0,0.0,0.29612073837965835,0.29612073837965835
1181,1,0.07259640518571811,0.028234637824034077,0.8876840143606544,1.9520618105756775,0.8853583043966856,2.3065602246452337e-8,1.3207609635265185e7,-45.171952451306154,15.0,1.0,0.8196775251299591,-45.171952451306154,53.00720718946196,0.14024908327593977,1.3669014926776555,4.0,0.0,0.29612073837965835,0.29612073837965835
1182,1,0.06331356525716603,0.012352626890055968,0.14231520847372497,1.7738315073779516,0.9614038812795777,8.00433804224409e-8,1.7800041325677377e6,-43.254179186623986,15.0,1.0,0.3245366089476803,-43.254179186623986,48.20965745590837,0.13322183942650412,16.898017504702814,3.0,0.0,0.29612073837965835,0.29612073837965835
1183,1,0.06708510555735017,0.01579462014768629,0.019767313025959087,1.8489384732388596,0.5454753177629943,5.2609440116161694e-8,1.3697372252330994e6,-41.77288954682991,9.0,1.0,0.7777777777783654,-41.77288954682991,45.11223681589051,-0.14488764522084807,37411.24897009491,3.0,1.0,0.29612073837965835,0.29612073837965835
1184,1,0.07114475053757911,0.05296334568424069,0.7415178561293946,1.8583395394600979,0.2530172725110848,5.343907793956006e-8,3.8203262073312397e6,-41.61090074175722,15.0,1.0,0.8666666666666913,-41.61090074175722,44.73201072565872,-0.15934908518244129,136.40758438110552,4.0,0.0,0.29612073837965835,0.29612073837965835
1185,1,0.03959433896702372,0.06177244287256002,0.24779460462630895,0.24319943199317012,1.0698592209338516,5.707483284963247e-8,5.466870240007978e6,-41.439043834862865,15.0,1.0,0.9937039213491565,-41.439043834862865,43.450753422041316,0.0017781283268050174,-0.09022077132581785,3.0,0.0,0.29612073837965835,0.29612073837965835
1186,1,0.014626182061139185,0.041778291510020736,0.22229481716348748,0.4528469513276693,0.6908494385705051,7.413722915895647e-8,3.0610176418464314e6,-42.325083531621836,7.0,1.0,0.977395404329353,-42.325083531621836,43.729806617069734,0.039387179509802195,0.05233319926425395,3.0,0.0,0.29612073837965835,0.29612073837965835
1187,1,0.08724677703262856,0.07817504240894953,0.546117817024768,1.6909955218503185,0.8204750952460936,3.654374881831312e-8,2.4634684119105176e6,-41.190631729578826,15.0,1.0,0.960512025534244,-41.190631729578826,45.09198600939414,0.035463888164258606,0.09034748590070762,4.0,0.0,0.29612073837965835,0.29612073837965835
1188,1,0.02551298702192417,0.020434145650466588,0.5806266581011928,0.5073096644577297,0.8721105894291703,7.17122359112763e-8,3.7665345438223067e6,-41.480742909134705,15.0,1.0,0.7961077793077097,-41.480742909134705,44.29070984849749,0.17359229057756664,0.4783012031355227,4.0,0.0,0.29612073837965835,0.29612073837965835
1189,1,0.03340676388583372,0.024537472613473284,0.628933378573987,1.0327383630862002,1.3779242643964362,4.31126725947277e-8,5.855189581193504e6,-42.502915756102226,7.0,1.0,0.9451340185821993,-42.502915756102226,44.561484060908015,0.06968720385394533,0.10954075194923263,3.0,0.0,0.29612073837965835,0.29612073837965835
1190,1,0.07451298523503436,0.09678135300795036,0.23980554874830998,0.9124833603593365,1.3284190309647352,5.8494331853769967e-8,3.2079985467247344e6,-42.965360837252874,15.0,1.0,0.99554489048034,-42.965360837252874,44.809702141603296,0.0017964871007265515,-0.08318984697517351,4.0,0.0,0.29612073837965835,0.29612073837965835
1191,1,0.08845412066266235,0.09419644700102038,0.6668533116666078,0.37144431913405784,0.7657863615763868,3.47041529483516e-8,4.797086551514459e6,-42.582648203118495,15.0,1.0,0.9946471847678979,-42.582648203118495,45.24889126108694,-0.013187995904829108,-0.08720263180453003,4.0,0.0,0.29612073837965835,0.29612073837965835
1192,1,0.05280646207781573,0.06467634087639657,0.5904131196654653,0.7461066651013665,0.5538498930732327,1.9527275186200684e-8,3.1665257306759707e6,-40.167862906382055,7.0,1.0,0.965305805437682,-40.167862906382055,44.02178362299177,-0.1434513793712,-0.1434513793712,3.0,0.0,0.29612073837965835,0.29612073837965835
1193,1,0.08326105443872313,0.06520176321158148,0.9005659052821031,1.1626483060973376,0.870281489728996,2.9284942576717432e-8,1.5755543664921641e7,-43.13925472547227,7.0,1.0,0.7631880041744231,-43.13925472547227,44.021242641376055,0.29908019686259735,0.5975918703009668,3.0,0.0,0.29612073837965835,0.29612073837965835
1194,1,0.09331115871601665,0.05753811283293073,0.7355831437593472,0.810105796837842,0.8587432940151283,4.233750078374272e-8,4.688543204019629e6,-41.07466890297984,7.0,1.0,0.9924347861439459,-41.07466890297984,44.779651446523765,-0.15373081849525505,-0.2792121011950286,3.0,0.0,0.29612073837965835,0.29612073837965835
1195,1,0.04869518932457925,0.03724434188021245,0.6494052482288432,1.6170758770772526,0.1743901363049466,7.083007995514932e-8,4.994957224894336e6,-41.27732136820481,15.0,1.0,0.9702525833225673,-41.27732136820481,43.58450396292255,0.01056970319028494,0.08510124851652989,3.0,0.0,0.29612073837965835,0.29612073837965835
1196,1,0.067414127073144,0.0715115437707964,0.14561527690782305,0.7400702564950329,1.410136084434202,7.608635333393011e-8,5.589434555882178e6,-43.669327317945246,7.0,1.0,0.9810853981798588,-43.669327317945246,44.40374647333831,0.05392390458936802,-0.0954383106579968,3.0,0.0,0.29612073837965835,0.29612073837965835
1197,1,0.04038255005003483,0.027143805921059284,0.8024202752348571,0.8502332490065782,1.28965552016907,9.094439774811384e-8,3.217537901039175e6,-42.7887822379854,15.0,1.0,0.9901287204970893,-42.7887822379854,45.563444468271285,-0.025940312895770035,-0.17341934138886472,4.0,0.0,0.29612073837965835,0.29612073837965835
1198,1,0.032136177676446574,0.020870264170094584,0.9421541824428227,0.7095501012147208,1.2843944505087508,9.078484759642192e-8,8.124528522634997e6,-45.872172620073016,7.0,1.0,0.8935396032258246,-45.872172620073016,46.928344599539436,0.17901075698995328,0.17901075698995328,3.0,0.0,0.29612073837965835,0.29612073837965835
1199,1,0.09145569521635998,0.06365646700681162,0.055134807218433286,0.14405614766243646,1.2699667271994854,8.780696656264634e-8,1.4313271938581299e7,-47.52784491093699,15.0,1.0,0.911938199370037,-47.52784491093699,52.49698455414446,-0.2745545690437652,8.066594896787095,3.0,0.0,0.29612073837965835,0.29612073837965835
1200,1,0.030203688566055306,0.03687771423040483,0.7924880001483473,0.2663967397596424,1.2794869729731753,6.882320297462074e-8,2.746722474201684e6,-43.06097005430016,7.0,1.0,0.9865168062890153,-43.06097005430016,48.589035632520364,-0.435164045101331,-0.435164045101331,3.0,0.0,0.29612073837965835,0.29612073837965835
1201,1,0.031321607837552494,0.09691321606925357,0.6392019467550898,1.5200904325849458,1.0984158831979982,9.135671293031262e-8,9.847968311760789e6,-44.34949261265497,15.0,1.0,0.9185102909002569,-44.34949261265497,47.830027654569,0.10310275123992341,0.19219829912731257,3.0,0.0,0.29612073837965835,0.29612073837965835
1202,1,0.06664113616795715,0.017812021588846635,0.010604263250078114,0.9508297835945752,1.2923130591163767,7.480243291060563e-8,3.515527384443359e6,-44.09375416066125,15.0,1.0,0.9651536089454257,-44.09375416066125,49.853417698133576,-0.06131192122527551,-0.4916846830483834,3.0,0.0,0.29612073837965835,0.29612073837965835
1203,1,0.07082158447558841,0.01623852125762216,0.03213948267997252,0.6175411708239329,1.2783356214571744,8.254082819418153e-8,1.2567422389373723e6,-45.09113537530533,7.0,1.0,0.1440188326876994,-45.09113537530533,49.051620047013756,-1.0340922040469351,12.680191499644877,3.0,0.0,0.29612073837965835,0.29612073837965835
1204,1,0.07554945993693715,0.09222031869807469,0.1617428612196461,1.8666506875987392,0.28324983518631197,5.4196630861309746e-9,1.830736142849834e6,-44.18788487999769,15.0,1.0,1.0,-44.18788487999769,46.08079604249318,-0.4656191435928818,-0.7823350683569785,3.0,0.0,0.29612073837965835,0.29612073837965835
1205,1,0.035295657484700545,0.017616717077457496,0.892505153366668,1.789945128406446,0.8978683336870339,1.954909756279831e-8,1.1170288950232556e7,-44.5127507386252,15.0,1.0,1.0,-44.5127507386252,47.951676553947124,-0.28885713967420656,-0.7417838914276516,3.0,0.0,0.29612073837965835,0.29612073837965835
1206,1,0.017514592983746156,0.09734478666656353,0.11428798621904855,1.587176219063796,0.5450578706099057,6.034014642025362e-8,4.50936664864882e6,-43.9662132705394,15.0,1.0,0.9745371134371904,-43.9662132705394,47.82313728491432,-0.07262205833371382,0.41327204499697245,3.0,0.0,0.29612073837965835,0.29612073837965835
1207,1,0.04941781712850293,0.015038347462640437,0.7842175904304052,0.44702890705372533,1.3757006039188127,2.3009851963265053e-8,5.546364825532154e6,-44.367875953493765,15.0,1.0,0.9856874616056243,-44.367875953493765,47.090039337487276,0.029838030234294877,-0.07811873337617925,4.0,0.0,0.29612073837965835,0.29612073837965835
1208,1,0.06979299579378953,0.09400147967638721,0.3998590485433107,0.8500916748881102,0.16176270288522826,9.472173487554337e-8,3.621816278183814e6,-43.46253554546293,15.0,1.0,0.9890344078728758,-43.46253554546293,47.68832851364494,-0.07223946353811783,-0.09479775775923116,4.0,0.0,0.29612073837965835,0.29612073837965835
1209,1,0.06792797928948123,0.0603052260226386,0.0395899009802271,1.8131765652360896,1.2527038644520945,1.7559724135536377e-8,2.882167296826002e6,-41.895502263752604,15.0,1.0,0.9615173902662971,-41.895502263752604,46.880792409210386,-0.019671016537323283,0.12049659053251816,4.0,0.0,0.29612073837965835,0.29612073837965835
1210,1,0.06526586872633654,0.053831092587045756,0.09608192871270108,1.5579322690470088,0.6162382328749431,6.406014603354356e-8,1.7388660309850995e6,-39.97247379966616,10.0,1.0,0.8739676000279069,-39.97247379966616,42.12996812286237,-0.1268633028244608,14625.54440236985,3.0,1.0,0.29612073837965835,0.29612073837965835
1211,1,0.065836640603086,0.044023576505996184,0.4791806003863932,1.3124396827462408,0.6804373385910709,7.532759068249375e-8,7.221804728566893e6,-40.178260970285194,15.0,1.0,1.0,-40.178260970285194,40.997854992368005,-0.03510265013368752,-0.09393002282445906,3.0,0.0,0.29612073837965835,0.29612073837965835
1212,1,0.07961331757191065,0.03265110803218965,0.841262182363436,0.3274408808721876,0.6009715848071309,1.2913177073541447e-8,4.481526400596414e7,-45.962463046526125,7.0,1.0,0.8736794219960867,-45.962463046526125,47.11806319424727,0.19362523502842777,0.19362523502842777,3.0,0.0,0.29612073837965835,0.29612073837965835
1213,1,0.08454865055806503,0.023150640395586772,0.7571136863559862,0.576592923867913,1.0224058314341131,1.689357209955293e-8,2.7177782830481008e7,-44.5734451666551,7.0,1.0,0.9989846431909198,-44.5734451666551,47.26922652223125,-0.007441724010547546,-0.19293748560588853,3.0,0.0,0.29612073837965835,0.29612073837965835
1214,1,0.06313516333504404,0.03285910727263822,0.42790113312655287,0.839621466044143,0.38073855225419223,4.417069157880828e-8,3.9757684872656646e6,-39.8917719013474,15.0,1.0,0.9598515171895519,-39.8917719013474,48.09203326129057,-0.38629469149840645,-1.2509748760369703,3.0,0.0,0.29612073837965835,0.29612073837965835
1215,1,0.07457975975066955,0.07824941706045176,0.3707405451422854,1.8776378938381397,1.1427045632210815,2.7980753569970417e-8,4.435046484110631e6,-41.76592505690323,7.0,1.0,0.9297400865370796,-41.76592505690323,43.029716220910416,0.0804140522795791,0.12076166663403853,3.0,0.0,0.29612073837965835,0.29612073837965835
1216,1,0.06214799299199145,0.03125225149664073,0.7111823713875961,1.9157663412943386,1.0321093398910621,4.4369658871743734e-8,3.0746550889478535e6,-41.90303760206089,15.0,1.0,0.9436924218894788,-41.90303760206089,43.91931872948128,-0.025760978066919904,0.24942902125675204,3.0,0.0,0.29612073837965835,0.29612073837965835
1217,1,0.05121404357726737,0.024140432448408182,0.7243113291998877,1.9123528000729964,1.117278587778551,5.63105554779044e-8,7.279316021020231e6,-42.772281135654865,7.0,1.0,0.7289846981811158,-42.772281135654865,45.62916044050349,0.2582973633698131,0.9147069543932176,3.0,0.0,0.29612073837965835,0.29612073837965835
1218,1,0.07838760074379854,0.0330864898067727,0.4879938655003887,1.8063894218313927,0.45036731017027476,5.105290401515641e-8,2.296078051839314e6,-41.239263615149596,7.0,1.0,0.9645456100512366,-41.239263615149596,45.36665634163801,-0.12157373744256716,-0.12157373744256716,3.0,0.0,0.29612073837965835,0.29612073837965835
1219,1,0.060223107552201095,0.02641709962896422,0.10541153469082712,1.7229051940641011,0.24355211232359997,1.4611558865997246e-8,4.588258995045366e6,-42.275669893439805,15.0,1.0,0.9773826338574788,-42.275669893439805,43.5154287009228,0.02477145557165983,-0.28167265045158985,3.0,0.0,0.29612073837965835,0.29612073837965835
1220,1,0.05974964283930964,0.04105544826379857,0.2377807331408878,1.317908783359418,0.595587519609915,3.341191248181939e-9,5.133038784964117e6,-41.864673790092894,15.0,1.0,0.3333684497999144,-41.864673790092894,45.32924117285702,-0.06376441765158347,28.55328685942812,4.0,0.0,0.29612073837965835,0.29612073837965835
1221,1,0.045064274524733196,0.0703154415829343,0.6315868262374564,1.1518111578332078,0.8236214869748845,1.2101088215442776e-8,2.933356743938577e6,-40.68597832373229,7.0,1.0,0.9733440089740563,-40.68597832373229,43.827077990553626,-0.02700040162629591,0.06896302940265997,3.0,0.0,0.29612073837965835,0.29612073837965835
1222,1,0.06099959990699622,0.029179084232606796,0.38060389165235187,1.3911798851092727,0.4378926619019149,4.787300102835818e-8,4.509651025178781e6,-39.984203089446815,15.0,1.0,0.9930690475830889,-39.984203089446815,41.92038272817206,-0.028095223692695015,-0.049981324141029404,3.0,0.0,0.29612073837965835,0.29612073837965835
1223,1,0.06369042425154063,0.02093788156552953,0.8410669220950726,1.1416792115817171,1.0531187899082528,3.016682365677938e-8,2.9464966527687763e6,-41.5695534838458,7.0,1.0,0.9542251561705483,-41.5695534838458,42.27563350479781,0.08051035819004682,0.08051035819004682,3.0,0.0,0.29612073837965835,0.29612073837965835
1224,1,0.01178110945231564,0.01182431960903561,0.6531342630179737,0.31532294627325813,1.3424848356156,6.798233416352613e-8,8.025899258335676e6,-47.624991178617606,7.0,1.0,0.82318178291672,-47.624991178617606,49.918302370513985,0.2586704479223556,0.3473957390182676,3.0,0.0,0.29612073837965835,0.29612073837965835
1225,1,0.010996037089747918,0.03594760743861564,0.48433751386326823,0.38239461732146796,1.189984920233551,7.941933773887222e-8,9.20260950853783e6,-45.05941657471287,7.0,1.0,0.998060331195914,-45.05941657471287,49.17133160308881,-0.10630096560802116,-0.21006280707899805,3.0,0.0,0.29612073837965835,0.29612073837965835
1226,1,0.010734598216357999,0.02884636899636929,0.6439239794079131,0.15953161172975053,0.9591281580451809,7.262463783172073e-8,3.1997210745167364e6,-45.90232661952253,7.0,1.0,0.9796849303978614,-45.90232661952253,48.0051247302998,-0.08680865732715404,-0.1404061908483314,3.0,0.0,0.29612073837965835,0.29612073837965835
1227,1,0.01134225043596596,0.0350420961024203,0.3931265579812206,0.14816643604979393,1.115885678033457,4.1629106565663534e-8,5.816963239832633e6,-45.33494210386819,15.0,1.0,0.9935390431621879,-45.33494210386819,47.41707981474685,0.008978644573254257,-0.10971713894982571,4.0,0.0,0.29612073837965835,0.29612073837965835
1228,1,0.011699820907158705,0.024977950647587784,0.43006439215739006,0.21802371138098844,1.0904780416150093,9.049931500170025e-8,3.2138265376840243e6,-45.48979622431977,7.0,1.0,0.980132876225931,-45.48979622431977,48.05827194974431,0.028389385734556072,0.042807716194545264,3.0,0.0,0.29612073837965835,0.29612073837965835
1229,1,0.0194179023504905,0.06977652197338229,0.5384131271456066,0.4866715115905266,0.0813806625858273,2.3351770393998493e-8,5.489532744837456e6,-43.279649067793926,15.0,1.0,0.9944180106940981,-43.279649067793926,48.223040338846644,-0.025638356468576262,-0.08423101768391206,4.0,0.0,0.29612073837965835,0.29612073837965835
1230,1,0.012045430613747778,0.06491986023400596,0.5674270625553239,1.7579725919113935,0.11656461622641213,5.4284788236523035e-9,3.824056362183623e6,-45.74240221186938,15.0,1.0,0.9771864845217444,-45.74240221186938,47.9828608896237,0.025473040085735477,-0.1193816167496422,3.0,0.0,0.29612073837965835,0.29612073837965835
1231,1,0.09004398301385559,0.042222663876413616,0.10005919595886996,0.9640305815871926,0.21168915967184815,9.27339309030472e-9,3.985774062638555e6,-42.483763181050314,15.0,1.0,0.9848809203112381,-42.483763181050314,48.79436305055137,-0.028372698387457262,-0.1478333889687633,4.0,0.0,0.29612073837965835,0.29612073837965835
1232,1,0.08205772126277623,0.04387093427917332,0.21898414956963916,0.7866627478931105,0.14655054591470837,8.723603974862422e-8,2.8082963912877007e6,-42.02969275956664,15.0,1.0,0.998116403705586,-42.02969275956664,44.36859520452606,-0.04156067790647455,-0.13005281163260207,4.0,0.0,0.29612073837965835,0.29612073837965835
1233,1,0.09065613891980233,0.06911420531585948,0.10619279049177173,1.0270217810451248,0.9937674119101111,8.996419135892353e-8,4.0469366751798736e6,-41.99193613026398,7.0,1.0,0.9803563662624819,-41.99193613026398,43.99950239601223,0.01348991936646371,-0.0471455112036665,3.0,0.0,0.29612073837965835,0.29612073837965835
1234,1,0.08729500220240816,0.06449772384727015,0.19945707526106188,1.2558897423747246,0.9949619161192154,6.468335825051662e-8,7.087959433498854e6,-41.00667455852157,15.0,1.0,0.8564298835289005,-41.00667455852157,48.41978979483012,-0.03540085769841994,0.789873180141889,3.0,0.0,0.29612073837965835,0.29612073837965835
1235,1,0.022957673300607134,0.038834942432690846,0.7485449994320637,1.1841108040719757,0.5146610851133199,7.850600348520641e-8,2.4199976992519936e6,-41.705499258498094,7.0,1.0,0.9935327916030522,-41.705499258498094,42.419884881993276,0.04632718152048909,-0.07403620883815165,3.0,0.0,0.29612073837965835,0.29612073837965835
1236,1,0.07967059180915312,0.022300362418066114,0.15669472916126426,1.6158363837044551,1.2767827099248743,8.968213798826038e-8,3.5773192729344377e6,-42.73645175108904,15.0,1.0,0.8884678636819129,-42.73645175108904,51.42668791414322,0.09108974221341981,0.25189752070796345,4.0,0.0,0.29612073837965835,0.29612073837965835
1237,1,0.04207415457138141,0.02847719453423353,0.007935490329910994,1.137813415703297,1.101109115742883,4.493156651900131e-8,1.5190797374578181e6,-41.15480776822712,15.0,1.0,0.8517049180729619,-41.15480776822712,45.53481604162719,-0.2253847257053465,93.63265989668501,4.0,0.0,0.29612073837965835,0.29612073837965835
1238,1,0.08708041865738841,0.013654516956020825,0.03190295286704384,1.263302251858056,0.7154096078414881,2.2874705855495627e-8,777966.7548037185,-40.61105690400325,7.0,1.0,0.9723766493241566,-40.61105690400325,42.958753947821016,-0.5939883363726537,-0.5939883363726537,3.0,0.0,0.29612073837965835,0.29612073837965835
1239,1,0.0937979571722207,0.024782889206325126,0.05188991180870064,1.2464419229623538,0.1507075151023158,5.124363411773781e-8,1.4415135817609548e6,-41.81586845103067,15.0,1.0,0.9232465566598672,-41.81586845103067,43.44198375590799,0.02423924093688612,410.3981046622907,3.0,0.0,0.29612073837965835,0.29612073837965835
1240,1,0.050521012891981874,0.07982515591716904,0.003526489360083539,1.7154573051383892,1.126211371682206,3.602979488400924e-8,1.0779855591743814e6,-42.20665757648885,11.0,1.0,0.8077114788518052,-42.20665757648885,43.80447620500614,0.01924437229886422,450.54390199590057,3.0,0.0,0.29612073837965835,0.29612073837965835
1241,1,0.04444529054323314,0.07439704712322628,0.009464925010821034,1.5845489575609633,0.9731808918040098,4.3858779268892424e-8,506197.767497179,-39.564848674339125,3.0,1.0,0.3333333333333333,-39.564848674339125,44.4463702417005,-0.8514140550699381,516.89474418001,2.0,0.0,0.29612073837965835,0.29612073837965835
1242,1,0.05252012825533263,0.06886474319837085,0.01410895506482326,1.7160268206614324,0.8304185460550443,2.889284871065276e-8,400388.3014408573,-37.94336089082187,12.0,1.0,0.47867428989900596,-37.94336089082187,40.723309226718236,-0.3442507155368233,Inf,3.0,1.0,0.29612073837965835,0.29612073837965835
1243,1,0.0651520971927307,0.05244909681756582,0.01707413442425884,1.8069787560020145,0.9595329632324666,1.478657357693591e-8,374355.2298692537,-38.47702230641607,7.0,1.0,0.10617115227121786,-38.47702230641607,41.214661710036154,0.2973579692264323,652.8666212864912,3.0,0.0,0.29612073837965835,0.29612073837965835
1244,1,0.0651520971927307,0.05244909681756582,0.01707413442425884,1.8069787560020145,0.9595329632324666,1.478657357693591e-8,374355.2298692537,-38.47702230641607,2.0,1.0,0.29084409451953175,-38.47702230641607,41.869603627018996,0.0,2212.386912032319,1.0,1.0,0.29612073837965835,0.29612073837965835
1245,1,0.0651520971927307,0.05244909681756582,0.01707413442425884,1.8069787560020145,0.9595329632324666,1.478657357693591e-8,374355.2298692537,-38.47702230641607,1.0,1.0,4.819621570544864e-45,-38.47702230641607,41.641224118504525,0.0,102.04363377208689,1.0,0.0,0.29612073837965835,0.29612073837965835
1246,1,0.05888888318010656,0.03135571257330263,0.02846845357090888,1.7534995748780602,1.0868236203141162,3.24202149890039e-8,426091.98695213295,-38.99989123626459,9.0,1.0,0.18313158540488972,-38.99989123626459,42.55949522848972,0.48737491762754104,30041.489880593872,3.0,1.0,0.29612073837965835,0.29612073837965835
1247,1,0.07000648202734333,0.022859804523549937,0.02256077575469172,1.6436355370111417,1.3008168181031246,4.0179808758834713e-8,906109.4777711185,-40.431621662682275,7.0,1.0,0.2857157319487131,-40.431621662682275,41.0672785281094,-0.21206582265272544,626.0032566200385,3.0,0.0,0.29612073837965835,0.29612073837965835
1248,1,0.046881502029789,0.013130145316052128,0.024855296316887706,1.674299280351873,1.0511320355125724,5.810853683462289e-8,611951.738849394,-41.91467011625221,11.0,1.0,0.6186657289544911,-41.91467011625221,43.24794923058503,0.2668710163179284,242772.62807164853,3.0,1.0,0.29612073837965835,0.29612073837965835
1249,1,0.06800163769890953,0.08876122151015269,0.028474697863027594,1.8919100455360782,0.4174153477171847,3.512986990231623e-8,1.0520181107507497e6,-40.781216121855316,13.0,1.0,0.8048622075556205,-40.781216121855316,43.33392242774205,-0.5645910512003809,1693.462072658994,3.0,1.0,0.29612073837965835,0.29612073837965835
1250,1,0.0565691752212594,0.06505449067862695,0.009338551530815628,1.6952516037932939,1.000418747593186,1.5335750473355405e-8,1.896432295720852e6,-41.341893865314304,15.0,1.0,0.09872054324049696,-41.341893865314304,43.76584839527336,0.8955370251742067,5.845631953232811,3.0,0.0,0.29612073837965835,0.29612073837965835
1251,1,0.04853603436280016,0.06693896380580316,0.24091418827333724,1.199329104045404,0.4266904946600637,6.211624198752305e-8,5.077417317016999e6,-39.953757206533126,6.0,1.0,0.8258255244985451,-39.953757206533126,44.60503876153345,-0.07343829964624149,18877.519050235634,2.0,1.0,0.29612073837965835,0.29612073837965835
1252,1,0.04948080086403957,0.06420832801837857,0.48711586772298726,1.581208673408505,0.18677044414968955,7.364044121101268e-8,6.751787173442063e6,-41.20491901811755,7.0,1.0,0.9462869347627552,-41.20491901811755,42.11970381677455,0.05023721050593366,0.12237581769034733,3.0,0.0,0.29612073837965835,0.29612073837965835
1253,1,0.07997073750401987,0.04372500337246107,0.3505455250023332,0.8375816741286534,1.3531454890935362,1.1257556513389736e-8,1.1267664987717217e7,-43.40817091937599,7.0,1.0,0.9732988850141826,-43.40817091937599,44.428801206938466,0.07535257350245672,-0.10197357117087336,3.0,0.0,0.29612073837965835,0.29612073837965835
1254,1,0.059946586808607004,0.050501432079258175,0.9280577694559019,1.8020660865033549,1.001671909519094,8.452173161823386e-8,3.1566897985599684e6,-43.23268500718406,15.0,1.0,0.6529656662744564,-43.23268500718406,48.75627317785311,0.6826340044570998,0.812536668418737,4.0,0.0,0.29612073837965835,0.29612073837965835
1255,1,0.0578759230470732,0.07394072650785012,0.06257397159907885,0.2941298040225415,0.4865210615723101,5.773837347736791e-8,3.6373620931454482e6,-41.699881220306864,15.0,1.0,0.929273651330167,-41.699881220306864,47.33936179621506,-0.19638098124380576,-0.23916516548397482,4.0,0.0,0.29612073837965835,0.29612073837965835
1256,1,0.052556937818401823,0.044499548221675594,0.11727575727293676,0.5385994969371006,0.3904412053014498,4.9848515545341146e-8,2.40031278396368e6,-40.794374638847614,7.0,1.0,0.991033156835957,-40.794374638847614,42.59189841716799,0.007896317637658967,-0.04988854041410207,3.0,0.0,0.29612073837965835,0.29612073837965835
1257,1,0.04687143346213117,0.04655350373222687,0.6939114665275596,0.8312742218462867,1.1779799415158503,7.521552626104673e-9,7.775895644622249e6,-42.01059758765807,7.0,1.0,0.9766651563750617,-42.01059758765807,43.000436723530775,0.04479810963390918,0.04756729840992335,3.0,0.0,0.29612073837965835,0.29612073837965835
1258,1,0.07311439391081348,0.04841039912005879,0.4675000747513422,1.3003404362424553,1.1309315842882515,2.9471047440913576e-9,8.261498581366097e6,-42.76679820747097,15.0,1.0,0.9365619015424014,-42.76679820747097,44.470814615526095,0.002394012975699411,1.3709750401652698,4.0,0.0,0.29612073837965835,0.29612073837965835
1259,1,0.0664416320140375,0.09208479004953454,0.4608004025694466,0.9250487644176509,0.2399716633522464,7.99495676312414e-10,3.941652655744898e6,-44.89604610673358,15.0,1.0,0.9885370835157942,-44.89604610673358,46.34103153230591,-0.02693460416268323,-0.13179525094562905,4.0,0.0,0.29612073837965835,0.29612073837965835
1260,1,0.041185096469204735,0.020297996868323155,0.504247830898071,1.4813478811369596,0.08588502326100074,4.8115278424431e-8,4.124189290495628e6,-42.304414969473804,15.0,1.0,0.9977722429727672,-42.304414969473804,47.26791456646111,-0.06753882420554191,-0.06753882420554191,4.0,0.0,0.29612073837965835,0.29612073837965835
1261,1,0.06644650707828059,0.0900545327924773,0.8649254800907578,0.36136340437907855,0.6315114249849465,6.049700659488656e-8,3.7497739486629153e6,-42.20992888295565,15.0,1.0,0.9572362834996908,-42.20992888295565,44.90257474603217,-0.00035083836566940363,0.38416990855428423,4.0,0.0,0.29612073837965835,0.29612073837965835
1262,1,0.0944793499743136,0.0962369260894617,0.6681217435066892,0.7022297214785042,1.1882488059038256,8.040263214060131e-8,4.38745718102413e6,-43.94430637309776,7.0,1.0,0.963001586157353,-43.94430637309776,46.01119952061508,0.04508895813894043,-0.08461640488970801,3.0,0.0,0.29612073837965835,0.29612073837965835
1263,1,0.09596621340918504,0.09119180982870084,0.21769022179747144,0.7804125551683792,0.9805387976240284,9.180141453136366e-8,2.8702189257352757e6,-43.69331536577815,7.0,1.0,0.9885441327006058,-43.69331536577815,45.925604529979196,-0.028495081486184404,-0.13213690484735707,3.0,0.0,0.29612073837965835,0.29612073837965835
1264,1,0.08860753213396463,0.02017664420570152,0.6835300926041696,0.954067060627014,0.3805240526774499,5.2139782192196394e-8,3.808692783832595e6,-41.424867786828315,7.0,1.0,1.0,-41.424867786828315,44.93544772180204,-0.06396752730248068,-0.09350909233365456,3.0,0.0,0.29612073837965835,0.29612073837965835
1265,1,0.05372977952270515,0.09852132437961209,0.0987030240398261,1.912709498450188,1.0707706809268691,3.083625463352006e-8,1.5902669637375758e6,-44.675884695733885,15.0,1.0,0.7884823581849782,-44.675884695733885,47.536794226093434,-0.2996800172207017,0.6112271626292198,4.0,0.0,0.29612073837965835,0.29612073837965835
1266,1,0.038634932385281075,0.01198531799034652,0.6982350386866295,0.33891440427669617,0.4242714668978104,9.52902183776256e-8,4.683066630271048e6,-44.885405767590115,15.0,1.0,0.9139603793506929,-44.885405767590115,48.38170961734762,0.0891519800977747,0.1947259294854291,3.0,0.0,0.29612073837965835,0.29612073837965835
1267,1,0.03718751120556828,0.026212607592883047,0.443010212644179,0.2877418569879397,0.09781815313653136,8.342793298044866e-8,3.856463611972437e6,-43.29662147859271,7.0,1.0,0.9816803840974554,-43.29662147859271,47.179755948078935,-0.04398065588922151,-0.08090494548888216,3.0,0.0,0.29612073837965835,0.29612073837965835
1268,1,0.07988848763327552,0.07931586927037429,0.32907893940927785,1.4570039472182452,1.1992262322276168,3.656326210529913e-8,1.7765346679239674e6,-41.911953172326974,7.0,1.0,0.9290687439329809,-41.911953172326974,45.907705058503595,0.04618203578593949,-0.15074706294086582,3.0,0.0,0.29612073837965835,0.29612073837965835
1269,1,0.07889506822152469,0.029064034390282018,0.06703797321992085,1.8332720519736792,0.08400718011027204,8.734384174647179e-8,4.609304853020153e6,-44.46858045164619,7.0,1.0,1.0,-44.46858045164619,45.423306537583656,-0.08377332527205539,-0.347210570261808,3.0,0.0,0.29612073837965835,0.29612073837965835
1270,1,0.05815249076053353,0.03146960298195101,0.2792221213457215,1.5804495035151096,1.402838853877377,5.479202605686889e-8,9.848475359474601e6,-43.65772870933724,15.0,1.0,0.8390242962948727,-43.65772870933724,49.67802333905206,0.4886682913020124,0.5685100116365689,4.0,0.0,0.29612073837965835,0.29612073837965835
1271,1,0.05503102795165758,0.08548022595244213,0.7807677171968636,0.8311926913075086,0.12519306894285614,7.99006306280229e-8,2.2938699986930573e6,-43.0726529307794,15.0,1.0,0.9985451838060418,-43.0726529307794,45.647231055860274,-0.009812752118278922,-0.23625612725819423,3.0,0.0,0.29612073837965835,0.29612073837965835
1272,1,0.04966280149250916,0.011899426371468921,0.0406732123552682,0.5733156082700956,1.3269096288110638,3.972871897210759e-8,6.381464047176277e6,-45.244039641054144,7.0,1.0,1.0,-45.244039641054144,46.8083950034946,-0.007979069871879574,-0.2619603699183344,3.0,0.0,0.29612073837965835,0.29612073837965835
1273,1,0.05842254293777203,0.06255880884132935,0.6094520329250371,0.18878710813749805,0.3115662761011186,3.661011688528147e-8,2.5268554626677656e6,-42.21462576926433,15.0,1.0,0.9855944598243602,-42.21462576926433,47.28915224446022,-0.13381428583559085,-0.26425045849448026,4.0,0.0,0.29612073837965835,0.29612073837965835
1274,1,0.05556995435659882,0.05055723171468086,0.17702033121663732,1.935895207812808,1.2299047512825536,4.4180408178399545e-8,1.808602689974176e6,-42.71064192776809,15.0,1.0,0.9532658754464698,-42.71064192776809,46.465933733876376,-0.00989896328752593,-0.22944104245608798,4.0,0.0,0.29612073837965835,0.29612073837965835
1275,1,0.08142234471154838,0.04329266121065823,0.07828998810201505,1.0225744166890984,0.4862878244969529,3.113634767987242e-8,2.0920007448440855e6,-39.99817465369325,7.0,1.0,1.0,-39.99817465369325,43.27576005279316,-0.2563561452202734,-0.2563561452202734,3.0,0.0,0.29612073837965835,0.29612073837965835
1276,1,0.04826825616492024,0.06717674386587077,0.011963814693141901,1.324386407563744,0.598163095325676,3.293355787297103e-8,667240.1400937136,-38.57998969940574,7.0,1.0,0.9253352813587045,-38.57998969940574,41.55894754635684,-0.8146593392549235,-0.8146593392549235,3.0,0.0,0.29612073837965835,0.29612073837965835
1277,1,0.06471196853286962,0.067160116022414,0.017369033658103817,1.1109402161617397,0.7369440941386571,3.2431244224707074e-8,691561.0566618056,-38.37318939616573,5.0,1.0,0.7213959577699361,-38.37318939616573,39.81151899730987,-0.040361388806836374,116.20099684065397,2.0,0.0,0.29612073837965835,0.29612073837965835
1278,1,0.08549444109230493,0.029176521810616668,0.037355916566540255,1.5043200744248362,0.5374685696014417,1.723504068925869e-8,835788.2532960072,-39.4414573512907,7.0,1.0,0.9493848538586095,-39.4414573512907,40.06059873592553,0.07306120007010009,0.09246345211784046,3.0,0.0,0.29612073837965835,0.29612073837965835
1279,1,0.0818016724988355,0.03246513023353709,0.035552607429769754,1.6330978301075232,0.24781412776156855,1.7184320774970603e-8,512474.60218049714,-39.409740981738516,3.0,1.0,0.4223321085782215,-39.409740981738516,42.29660227872156,0.07664281612781565,3520.0372716704696,1.0,1.0,0.29612073837965835,0.29612073837965835
1280,1,0.08176443829889449,0.033884762687347685,0.01900103087447501,1.6893812422777665,0.3038329083334265,2.3656552622902154e-8,550564.1764550566,-40.14630618338022,7.0,1.0,0.14619713768983753,-40.14630618338022,40.9040603414551,0.8994443967511856,12.718293997045869,3.0,0.0,0.29612073837965835,0.29612073837965835
1281,1,0.08176443829889449,0.033884762687347685,0.01900103087447501,1.6893812422777665,0.3038329083334265,2.3656552622902154e-8,550564.1764550566,-40.14630618338022,3.0,1.0,5.152370272769834e-6,-40.14630618338022,42.5632894452366,0.0,54.00264852402497,2.0,0.0,0.29612073837965835,0.29612073837965835
1282,1,0.08176443829889449,0.033884762687347685,0.01900103087447501,1.6893812422777665,0.3038329083334265,2.3656552622902154e-8,550564.1764550566,-40.14630618338022,1.0,1.0,2.403530158664487e-40,-40.14630618338022,43.92906320394896,0.0,91.22646516367736,1.0,0.0,0.29612073837965835,0.29612073837965835
1283,1,0.08176443829889449,0.033884762687347685,0.01900103087447501,1.6893812422777665,0.3038329083334265,2.3656552622902154e-8,550564.1764550566,-40.14630618338022,3.0,1.0,0.3333336234791578,-40.14630618338022,43.71194310490533,0.0,254.2877582497228,1.0,0.0,0.29612073837965835,0.29612073837965835
1284,1,0.07350582641005161,0.02275657069003119,0.05925045315247623,1.7199099317210207,0.7499968315273644,1.1537572922500603e-8,851999.4508506897,-40.7833970611787,25.0,1.0,0.3088391459929042,-40.7833970611787,42.01122307554937,0.07643163455453816,1523.1112568016008,4.0,1.0,0.29612073837965835,0.29612073837965835
1285,1,0.048810055052560475,0.09214300446431539,0.012454292299903413,1.52266503614362,1.3449745641491218,3.223019448006672e-8,531260.9945325297,-41.1936248139609,7.0,1.0,0.8625454743988239,-41.1936248139609,43.396591078724974,-0.2913798638935745,3.2749616167437026,3.0,0.0,0.29612073837965835,0.29612073837965835
1286,1,0.06543621429672071,0.017027735789483536,0.033696925076588426,1.4377230499053626,1.095231807639806,5.67547321922911e-8,914338.9097394192,-40.362943192254576,8.0,1.0,0.875,-40.362943192254576,44.1348338407287,-0.25131132625098473,4323.668393940735,3.0,1.0,0.29612073837965835,0.29612073837965835
1287,1,0.06543621429672071,0.017027735789483536,0.033696925076588426,1.4377230499053626,1.095231807639806,5.67547321922911e-8,914338.9097394192,-40.362943192254576,7.0,1.0,0.014823449297822353,-40.362943192254576,44.379603482233605,0.0,6.140761267539396,3.0,0.0,0.29612073837965835,0.29612073837965835
1288,1,0.05759334333026205,0.02371555669076962,0.029728406121139854,1.3428166998739723,1.266378756202778,5.8357386914659126e-8,785962.5430170873,-40.86008184570947,7.0,1.0,0.5245886966326632,-40.86008184570947,42.86288770998897,0.302362698584588,213.92312478979704,2.0,0.0,0.29612073837965835,0.29612073837965835
1289,1,0.07262222554117453,0.08500059608220804,0.34591860939840974,1.5531413354005215,0.1648679693763338,5.470015061929114e-8,2.2788828174231807e6,-41.677990363551814,15.0,1.0,0.6623047362589548,-41.677990363551814,43.88465393572387,0.2035612966506477,6551.615430963382,3.0,1.0,0.29612073837965835,0.29612073837965835
1290,1,0.06099632685563296,0.09431833856485108,0.1119732065432558,0.9087793324371726,0.2735432814711585,6.16716071345683e-8,6.605606337089799e6,-42.40534854836976,15.0,1.0,0.6304586372330886,-42.40534854836976,44.87414856032504,0.614629477891917,0.9402922323644205,4.0,0.0,0.29612073837965835,0.29612073837965835
1291,1,0.08337738825048092,0.04859436604811872,0.725939773171715,0.49574516069826513,1.3029370425308204,1.610174578525845e-8,3.3253219125772077e6,-42.37477111471182,15.0,1.0,0.9958620951687738,-42.37477111471182,45.39326892115643,-0.09270922940286397,-0.11416118637808381,4.0,0.0,0.29612073837965835,0.29612073837965835
1292,1,0.040666042138702486,0.025854931516085165,0.1757126255604407,1.0547600653574363,1.29226527285708,8.20492015879662e-8,6.184620534560473e6,-42.204596498779615,15.0,1.0,0.9528851855507255,-42.204596498779615,45.570304416182296,0.05327127280522603,0.10501460285156128,3.0,0.0,0.29612073837965835,0.29612073837965835
1293,1,0.05243307809515941,0.02988832095790977,0.1260678250075339,1.0642509610833641,0.5140489365302296,1.340623324072997e-8,5.614314182529296e6,-41.273632043153384,15.0,1.0,0.9901271027016436,-41.273632043153384,45.34439580419642,-0.053429908110551594,0.06993267652785562,4.0,0.0,0.29612073837965835,0.29612073837965835
1294,1,0.046637447902527884,0.0529657176568959,0.03463485309775185,0.8206827043344999,1.1243977138097274,1.0758669329330194e-8,1.7537182936279066e6,-41.56419732588627,11.0,1.0,0.7217286256395319,-41.56419732588627,43.260554980087456,0.03108987642274741,32.79495275321415,3.0,0.0,0.29612073837965835,0.29612073837965835
1295,1,0.0652626993425625,0.03630122417689559,0.047382232368723874,1.3074335930816796,0.3110376512408618,6.727162224663977e-9,3.425823151185925e6,-41.84563653389087,7.0,1.0,0.9909690331220543,-41.84563653389087,43.39044333113682,0.017859445901365234,-0.5193560580804757,2.0,0.0,0.29612073837965835,0.29612073837965835
1296,1,0.03619603657930503,0.06434798416469407,0.08327777289234019,1.5399066446855778,0.24615976755673322,1.1118708885188896e-8,1.6689738168887882e6,-42.805448088992534,15.0,1.0,0.6248432128458451,-42.805448088992534,48.77286869849966,-0.4302960762569583,1.479694529681332,3.0,0.0,0.29612073837965835,0.29612073837965835
1297,1,0.037075125947722706,0.0339192422392598,0.049719234452558644,1.2822931364883563,0.1490014303734728,1.0484760824698616e-8,2.0471556119866553e6,-42.64579459737584,15.0,1.0,1.0,-42.64579459737584,46.59207499285762,-0.252874401949704,-0.252874401949704,3.0,0.0,0.29612073837965835,0.29612073837965835
1298,1,0.09074234088951467,0.014899818881815248,0.059621886793655265,1.5828615480594057,1.2000685566976779,9.69492355029103e-9,1.5794522782987305e6,-42.852419017478,11.0,1.0,0.6873118250273659,-42.852419017478,46.652368934790346,0.02894718385807238,38.45571176210276,3.0,0.0,0.29612073837965835,0.29612073837965835
1299,1,0.0698527316631135,0.02574746526696483,0.023057640841889358,1.6568316146141588,1.0438772141011543,2.1823790723960205e-8,1.0802755058020037e6,-39.74709910771951,5.0,1.0,0.7906351716107505,-39.74709910771951,44.01917195490517,-0.024307149755692592,118.11577774799022,2.0,0.0,0.29612073837965835,0.29612073837965835
1300,1,0.07895459808504249,0.016854681935923217,0.04382879204430084,1.2473591150927383,1.2296622058479088,1.6431516869987265e-8,1.428002860804118e6,-41.4318973394187,7.0,1.0,0.9315144341982249,-41.4318973394187,42.293434861896635,-0.035880361480451484,0.5386852971167357,3.0,0.0,0.29612073837965835,0.29612073837965835
1301,1,0.07304097726495425,0.0624545313130948,0.009401279560868673,0.7389516172239761,1.363071850500938,5.898104814935056e-9,1.1420789390471235e6,-42.92907584293356,7.0,1.0,0.6358400068689782,-42.92907584293356,46.84091660183705,0.05463387373917783,336627.69562596426,2.0,1.0,0.29612073837965835,0.29612073837965835
1302,1,0.06498858777800152,0.08761269916451872,0.0044097243839646035,1.3292549939463532,1.0117701442254483,1.6011903385042576e-8,266367.20082574623,-39.41392059615362,7.0,1.0,0.9601154219886375,-39.41392059615362,44.67382971946927,-0.5691712630434793,-0.5741463089465242,3.0,0.0,0.29612073837965835,0.29612073837965835
1303,1,0.056852625882344014,0.056330026138657105,0.00853597520955872,0.9558180515608986,0.9982203564704034,3.8569081191586215e-8,459348.0592495622,-39.42387342957945,5.0,1.0,0.6,-39.42387342957945,41.84755668934364,-0.4086363091951881,1587.091383084467,2.0,1.0,0.29612073837965835,0.29612073837965835
1304,1,0.06387043495101717,0.04993134113873038,0.009102918808975353,1.2686987403919001,1.2155042808958518,2.0957460134428223e-8,384141.8992954463,-38.18990796800881,3.0,1.0,0.6556017359124159,-38.18990796800881,41.914206294360575,-0.024807144242096513,214.1867999071614,1.0,0.0,0.29612073837965835,0.29612073837965835
1305,1,0.08309221456145066,0.05213815771906569,0.018960576251118164,1.3112487947981082,1.1605151625560863,1.9341656822384396e-8,269862.9982853721,-39.18738147209948,15.0,1.0,0.09875313010163482,-39.18738147209948,40.78771342831934,-0.05730272091147981,32.91908033768542,4.0,0.0,0.29612073837965835,0.29612073837965835
1306,1,0.036992457171782574,0.03159658962400965,0.017513905410193993,1.268338544596651,0.5703320319025373,3.6474932091228326e-8,1.9157795735245536e6,-40.732640734308404,16.0,1.0,0.13505957294933452,-40.732640734308404,42.82683429286175,1.090878749587148,Inf,4.0,1.0,0.29612073837965835,0.29612073837965835
1307,1,0.08616894812200442,0.06554006169523452,0.047743873263200634,1.975252730317236,1.1428932548374477,4.5743384190701184e-9,871387.4278577775,-43.7045490610777,23.0,1.0,0.19612667725207739,-43.7045490610777,48.745824883422074,0.006876619519701421,75.3592257076531,4.0,0.0,0.29612073837965835,0.29612073837965835
1308,1,0.05712323317516218,0.0353691468596175,0.011343641717811184,1.1875741327936604,0.7378600283856654,3.655761741510196e-8,847688.9608869263,-38.79588841606309,7.0,1.0,0.6680390889597021,-38.79588841606309,44.2324825071028,-0.2973982728702964,2.5932195190055154,3.0,0.0,0.29612073837965835,0.29612073837965835
1309,1,0.07930689240282202,0.04699464224794576,0.013911359195850154,1.0901841616915022,1.2698667911152826,1.5159092741621844e-8,274911.1135615661,-39.28216104870093,4.0,1.0,0.6445302272728785,-39.28216104870093,42.22259901903097,-0.08355705504160937,2304.398601097202,2.0,1.0,0.29612073837965835,0.29612073837965835
1310,1,0.0629392588379594,0.035017642993045515,0.006414046488164468,1.0859216760001589,1.2474385698155581,1.2128488460007051e-8,275456.9202819634,-38.783418656904786,7.0,1.0,0.2802236830493978,-38.783418656904786,40.8192360182725,-0.08682357896979909,682.909069835024,3.0,0.0,0.29612073837965835,0.29612073837965835
1311,1,0.06315263163038931,0.0703961945928534,0.006445414013449461,0.9676070531614752,1.1846472593564563,1.1072609421123512e-8,267090.589774201,-38.707382892167594,3.0,1.0,0.5905413112437963,-38.707382892167594,41.8786518009464,0.06609363279026326,84.99409850033675,1.0,0.0,0.29612073837965835,0.29612073837965835
1312,1,0.06315263163038931,0.0703961945928534,0.006445414013449461,0.9676070531614752,1.1846472593564563,1.1072609421123512e-8,267090.589774201,-38.707382892167594,3.0,1.0,0.15416857969653802,-38.707382892167594,43.40145559700284,0.0,69.90044072451016,2.0,0.0,0.29612073837965835,0.29612073837965835
1313,1,0.076219795404784,0.049031022596757096,0.0257932271034618,1.2005673003430148,1.13777668146387,9.780386054471893e-9,395989.1343221961,-39.71921420289062,8.0,1.0,0.1237636972833299,-39.71921420289062,44.0989835305918,0.7829913221233937,11299.192776073272,3.0,1.0,0.29612073837965835,0.29612073837965835
1314,1,0.05492655087711832,0.05847986028164044,0.010127606292412529,1.2723430352592449,1.022066526087098,2.459674210453199e-8,368712.9746587778,-37.68298482331217,15.0,1.0,0.08632932901777143,-37.68298482331217,42.77566544445954,-1.2022083518858508,6.413925695153154,3.0,0.0,0.29612073837965835,0.29612073837965835
1315,1,0.05808611995751399,0.06940721661522037,0.008807295389908074,0.9276818622102493,1.06964265324821,1.940333468468568e-8,486656.21804060566,-39.00185213394603,47.0,1.0,0.01448693875188004,-39.00185213394603,41.15943388692152,1.6818606931337428,232.35682615642767,5.0,0.0,0.29612073837965835,0.29612073837965835
1316,1,0.06801685454136637,0.06469966015936662,0.004603834883056986,1.168045859480055,0.847864899249674,2.2072346806935528e-8,408436.986485255,-38.88315899666612,3.0,1.0,0.35730281614634823,-38.88315899666612,40.473267774826176,0.03127012173517585,704.1324972795621,1.0,0.0,0.29612073837965835,0.29612073837965835
1317,1,0.06801685454136637,0.06469966015936662,0.004603834883056986,1.168045859480055,0.847864899249674,2.2072346806935528e-8,408436.986485255,-38.88315899666612,13.0,1.0,0.00035647383942193447,-38.88315899666612,43.36228460772397,0.0,Inf,3.0,1.0,0.29612073837965835,0.29612073837965835
1318,1,0.04820577862373182,0.051576895336910684,0.007134470673988397,0.816197569006365,0.8995478327304882,1.6797685359587884e-8,762218.3315165489,-40.30927872039013,3.0,1.0,0.15528228060069707,-40.30927872039013,43.33999422039102,0.7638983645396351,313.56845526566167,2.0,0.0,0.29612073837965835,0.29612073837965835
1319,1,0.08954786241270633,0.062336575618815136,0.03798606465976592,1.7147173290707898,0.18370250689343742,2.145804652904202e-8,393882.5924932123,-40.84217932550722,7.0,1.0,1.0,-40.84217932550722,41.6536935202209,-0.1023259517202959,-0.3601633477566395,3.0,0.0,0.29612073837965835,0.29612073837965835
1320,1,0.08954786241270633,0.062336575618815136,0.03798606465976592,1.7147173290707898,0.18370250689343742,2.145804652904202e-8,393882.5924932123,-40.84217932550722,1.0,1.0,1.7265595553282486e-251,-40.84217932550722,47.502360308413905,0.0,577.40272760942,1.0,0.0,0.29612073837965835,0.29612073837965835
1321,1,0.08954786241270633,0.062336575618815136,0.03798606465976592,1.7147173290707898,0.18370250689343742,2.145804652904202e-8,393882.5924932123,-40.84217932550722,1.0,1.0,0.0,-40.84217932550722,47.27533494798061,0.0,816.0835451003181,1.0,0.0,0.29612073837965835,0.29612073837965835
1322,1,0.06445808551113279,0.04053141218133185,0.006199399051861337,1.414442419855265,1.191789053442837,1.0301296035128292e-8,642404.6539142957,-40.26907110487601,7.0,1.0,0.698336756727864,-40.26907110487601,44.0724080176469,0.3860064838027455,0.4292322959580801,3.0,0.0,0.29612073837965835,0.29612073837965835
1323,1,0.07242425261313767,0.021064009705305593,0.011915632049474677,1.3085637438499687,1.2008024239907498,9.39714299882523e-9,530929.0465389658,-40.10276510395891,13.0,1.0,0.18152610180242412,-40.10276510395891,43.11030025334199,-0.0343879597412311,Inf,3.0,1.0,0.29612073837965835,0.29612073837965835
1324,1,0.08342249775498216,0.02632948458165167,0.0035063304516319647,0.7726823432543845,1.2109620198915765,1.626571017747811e-8,473326.49861123983,-42.74010073719928,3.0,1.0,0.3333333333333333,-42.74010073719928,47.25144132046319,-0.45913005127854234,206.5180827981724,2.0,0.0,0.29612073837965835,0.29612073837965835
1325,1,0.03995451908815696,0.06527495826362813,0.005893251183264053,0.9455546874906534,0.5962108412038252,1.6067608579639827e-9,1.2412452749261803e6,-43.469369413426236,7.0,1.0,0.3630738570668427,-43.469369413426236,47.50412098917618,0.20578266647284948,26.54315638473318,3.0,0.0,0.29612073837965835,0.29612073837965835
1326,1,0.04637177376593549,0.029775717650479393,0.2142144945763123,1.2076119870892792,0.9830582174020341,9.571012818423523e-10,9.138391720062364e6,-44.44122086588253,7.0,1.0,1.0,-44.44122086588253,48.80305734184696,-0.2245962867675857,-2.653906761430939,3.0,0.0,0.29612073837965835,0.29612073837965835
1327,1,0.04325514978239201,0.022720111588806872,0.1393508688459113,0.9209552171159647,0.26118378775765433,6.62953210538146e-10,1.9888709581818813e6,-45.81851612509986,7.0,1.0,0.8128064793501439,-45.81851612509986,48.39650270244052,-0.24911564145865128,0.6561138945858218,3.0,0.0,0.29612073837965835,0.29612073837965835
1328,1,0.042604324702463864,0.07818353243006058,0.07596828852939776,0.7925435601443293,0.27908290264285635,6.002447348691942e-10,7.363847591273391e6,-45.986228463347814,15.0,1.0,0.6871859021593395,-45.986228463347814,49.10634841098536,0.18816381412251104,0.7664948261354994,3.0,0.0,0.29612073837965835,0.29612073837965835
1329,1,0.08590899649998425,0.050787226559028606,0.49746020725142853,1.0782052127342538,0.6730514057961077,9.999837983272715e-8,7.542064250090044e6,-45.16882069520118,15.0,1.0,0.896631403861145,-45.16882069520118,49.20690649636548,0.18406051390186207,-0.39453851052552125,4.0,0.0,0.29612073837965835,0.29612073837965835
1330,1,0.04388517661699784,0.011103747434162993,0.0329598834801079,1.6783043396105155,0.7306354431257157,1.365347915271945e-8,3.253999556461585e6,-44.33423723779002,15.0,1.0,0.8765240700961862,-44.33423723779002,51.047207626104914,0.1542754330523337,0.25935092044846186,4.0,0.0,0.29612073837965835,0.29612073837965835
1331,1,0.09754046890940861,0.01654523658680388,0.06334975611704538,1.870360663699663,0.5050073640813086,1.2778850986753039e-8,991931.0008459042,-43.36207687506742,11.0,1.0,0.23727447009844632,-43.36207687506742,48.79571523650833,-0.3351838344562381,Inf,3.0,1.0,0.29612073837965835,0.29612073837965835
1332,1,0.09693499613988406,0.02057430591678358,0.054786175305876005,1.8417237660210137,0.7469875888364216,1.5326652073245583e-8,501787.291425484,-42.34549852733363,7.0,1.0,0.2530242012436291,-42.34549852733363,45.52058551384109,0.1395392994858895,162.84686294659747,3.0,0.0,0.29612073837965835,0.29612073837965835
1333,1,0.08751471947615803,0.06468182461142126,0.23877917628131706,1.4259171586639552,0.10481649933827002,2.8684707144486408e-8,3.13184815973856e6,-41.81253899301498,7.0,1.0,0.28095257287364955,-41.81253899301498,46.30615557023751,1.414938379602468,38.73527473323956,3.0,0.0,0.29612073837965835,0.29612073837965835
1334,1,0.06899596408017433,0.04591324588525263,0.1552180415887936,0.878857097116132,0.14741587201127335,2.78466705658407e-8,5.1456332452112185e6,-41.32521913617894,7.0,1.0,0.9755475105890213,-41.32521913617894,43.45255515364737,0.02476734673423664,0.0809692109897,3.0,0.0,0.29612073837965835,0.29612073837965835
1335,1,0.04446462751129771,0.048593249566642155,0.034861516129143774,0.7177599532449028,0.12204771766256754,4.657861900183217e-9,1.7086435291444778e6,-43.62833729286122,9.0,1.0,0.8640702400252325,-43.62833729286122,44.809479164984545,0.143953135742116,1382.0503181248512,3.0,1.0,0.29612073837965835,0.29612073837965835
1336,1,0.057871387721877034,0.07050728865041958,0.07541950001735301,0.47071670439726054,0.07632364233942358,1.658856845092554e-8,2.6020629647408035e6,-43.27081400321235,15.0,1.0,0.40222493780038016,-43.27081400321235,51.9774142049739,-0.12249607611243363,257.4808582323452,4.0,0.0,0.29612073837965835,0.29612073837965835
1337,1,0.05887007149084635,0.03867771921357722,0.76402421445338,1.6019342212063152,1.3936737149203984,2.966089509229462e-8,5.810880013814484e6,-43.02482587660596,15.0,1.0,0.9791494609590136,-43.02482587660596,45.18273853563508,0.023719572486307072,0.08282340959483037,4.0,0.0,0.29612073837965835,0.29612073837965835
1338,1,0.06384790908599422,0.07003847852735492,0.05388454082764828,1.6153030382485019,0.20740394762887765,6.522066667758e-8,3.011532131739763e6,-41.00611536051522,7.0,1.0,1.0,-41.00611536051522,44.23217937243499,-0.05253489794684896,-0.08867415403804557,3.0,0.0,0.29612073837965835,0.29612073837965835
1339,1,0.08358520885726187,0.039349656233800795,0.04223592758471424,1.7549802977679874,0.8378840920169195,4.32507687299481e-8,1.143552191357565e6,-39.625020902195494,7.0,1.0,0.9604679498581866,-39.625020902195494,41.74384928135002,-0.22096014620557014,-0.22096014620557014,3.0,0.0,0.29612073837965835,0.29612073837965835
1340,1,0.09748746454507934,0.0799192778403515,0.07661805130156399,1.7714354924798859,0.680583110528269,3.33326834574372e-8,1.2365560145416975e6,-41.90612338832861,7.0,1.0,0.8354146737611566,-41.90612338832861,43.69854607297918,0.06373207352727661,2.205007554168958,3.0,0.0,0.29612073837965835,0.29612073837965835
1341,1,0.012129638674855468,0.048117860675544855,0.8161827392833946,0.38631198358690455,1.0069216896521551,6.329099440278783e-8,5.338495155273531e6,-43.47213101792374,15.0,1.0,0.8683600231910643,-43.47213101792374,46.69086428717369,0.11364792068030738,0.2313947003514656,4.0,0.0,0.29612073837965835,0.29612073837965835
1342,1,0.012156348737658905,0.050740667154016886,0.7321450557246216,0.9532876893955023,0.8755648530528953,6.013274404687982e-8,2.850829147869548e6,-42.45383833363968,15.0,1.0,0.9915882428964881,-42.45383833363968,44.54494869455011,-0.07091796858728827,-0.09770989650065331,4.0,0.0,0.29612073837965835,0.29612073837965835
1343,1,0.01688241224155898,0.05156580829500162,0.2734238103159697,0.5152951557579587,0.2640755048231334,5.997872731112893e-8,6.387316419246857e6,-42.080135348471615,7.0,1.0,1.0,-42.080135348471615,43.599536683139235,-0.0011490376140343983,-0.09488658774005643,3.0,0.0,0.29612073837965835,0.29612073837965835
1344,1,0.015205780306671121,0.09750119608577827,0.4322304500079069,0.38418192438956145,1.2258945783751942,6.279936310575462e-8,1.4906384251948219e7,-46.01032419437841,15.0,1.0,0.8352935752696471,-46.01032419437841,47.60683441119089,0.16419255221841667,0.37295789548895186,3.0,0.0,0.29612073837965835,0.29612073837965835
1345,1,0.018681398635145403,0.06556431646842431,0.25279571794770034,0.6992719935855141,0.7751553876234389,5.8908316889038835e-8,5.928427443724908e6,-41.079634300184665,7.0,1.0,0.9634600551854217,-41.079634300184665,48.34490983028797,-0.2472510507842287,-0.3186517098414967,3.0,0.0,0.29612073837965835,0.29612073837965835
1346,1,0.017551667040968746,0.06409893996168096,0.23798326134452655,0.9773453567109633,0.9495441877328104,6.559512485225958e-8,2.2806625362258977e6,-41.824623527716255,7.0,1.0,0.3132712517345847,-41.824623527716255,44.58033565177797,-0.3996367580648581,1.7979554311345112,3.0,0.0,0.29612073837965835,0.29612073837965835
1347,1,0.030891907978703635,0.06316658470720601,0.08756292612387331,0.5150271574866173,0.24986230273404988,4.821741260370943e-8,9.351761673146136e6,-42.50703269021272,7.0,1.0,0.994610162455802,-42.50703269021272,43.93497500963628,0.014320374334225505,-0.125533257688204,3.0,0.0,0.29612073837965835,0.29612073837965835
1348,1,0.07447393997633021,0.037988919867834973,0.8127008429932155,1.7836027705824788,1.278042794825113,5.38960743431594e-8,1.2192521743955791e7,-43.33791036122574,15.0,1.0,0.9756552220418834,-43.33791036122574,45.116678372497965,0.08073182866221629,0.1291354479648632,4.0,0.0,0.29612073837965835,0.29612073837965835
1349,1,0.038445300472994104,0.045419570094194624,0.034045058743786806,0.4561318229154159,0.14567534517451583,7.958485667507612e-8,8.2971551896899585e6,-44.041690258821696,15.0,1.0,0.9846327933051027,-44.041690258821696,47.324879228266475,-0.054695508355791844,-0.20135008941466737,4.0,0.0,0.29612073837965835,0.29612073837965835
1350,1,0.014183292965559601,0.052466881918658385,0.06410629851324924,0.24201907767637468,0.6535438339803994,8.724030323432235e-8,1.2811439699696776e7,-45.764842707117666,15.0,1.0,0.4976967447423301,-45.764842707117666,48.26601679366403,0.01650053780593197,1.9485917333102023,4.0,0.0,0.29612073837965835,0.29612073837965835
1351,1,0.055234668804809046,0.02679330729361721,0.3284222889605418,0.3180350991935869,0.4330189001467003,6.010121445506841e-8,3.0497485928482916e6,-41.115080251988566,7.0,1.0,0.9788322108536108,-41.115080251988566,46.57163051996955,-0.2984871959877964,-0.30624958314599127,3.0,0.0,0.29612073837965835,0.29612073837965835
1352,1,0.060010918441973427,0.02229676767810635,0.30886863642576623,0.26345961172101123,0.6083021290185456,6.51864708530119e-8,2.8110139323913553e6,-41.6316348898482,3.0,1.0,0.9499731163439312,-41.6316348898482,42.162056507561324,0.01105712377785295,0.13803209442519915,2.0,0.0,0.29612073837965835,0.29612073837965835
1353,1,0.01346852087203547,0.03870720351803042,0.7770672837303322,1.5980049653924973,0.2588135790209964,6.8341940884271626e-9,6.112134484300374e6,-44.502771951850335,15.0,1.0,0.9288533912648002,-44.502771951850335,47.191359496505626,0.09706357480960293,0.12671995246041234,4.0,0.0,0.29612073837965835,0.29612073837965835
1354,1,0.017806765725027714,0.07270452958305405,0.26186496212045457,1.4009782209452841,0.11031492728894801,4.6686121917582613e-8,1.0988376999958228e7,-43.49827579755565,7.0,1.0,0.9856075847171095,-43.49827579755565,47.187990750451206,0.005837918967294797,-0.16701642343230105,3.0,0.0,0.29612073837965835,0.29612073837965835
1355,1,0.014717128063876178,0.06112705043325632,0.23528467263204758,1.5362804962851961,1.1291513606445855,4.075270397501189e-8,1.7664103284239827e6,-43.99769254990329,15.0,1.0,0.9800893881068052,-43.99769254990329,46.77893158061302,0.35189170641950795,0.35189170641950795,4.0,0.0,0.29612073837965835,0.29612073837965835
1356,1,0.02366022471215574,0.06348744606525712,0.8096191626590564,0.3758594039083657,0.34149785121021575,4.261374067852063e-8,1.0420964653655265e7,-42.6613289652111,15.0,1.0,0.5583648249281897,-42.6613289652111,49.699601144843335,0.6373366028367258,1.4607787915635058,4.0,0.0,0.29612073837965835,0.29612073837965835
1357,1,0.07855964730680372,0.06069366972315105,0.4919450580971825,0.81676883278586,0.9318085122936356,9.16685997462646e-8,3.3840427494245754e6,-40.939453173430095,15.0,1.0,0.9741111046671843,-40.939453173430095,44.659119560783424,-0.16865289870727196,-0.3604551326729535,4.0,0.0,0.29612073837965835,0.29612073837965835
1358,1,0.05126223353006461,0.05029876861278121,0.13781575019212147,1.3375445434972861,0.6891482773833048,5.968517985864653e-8,3.057579641279185e6,-39.718029549338084,7.0,1.0,0.8863694658043494,-39.718029549338084,42.92683658425828,-0.06937307695209682,0.19091466728789186,3.0,0.0,0.29612073837965835,0.29612073837965835
1359,1,0.04046279352318871,0.04725493366873934,0.12348801254603108,1.1267747102526533,0.8709084585723799,7.207984781838545e-8,4.290901896348968e6,-40.28340017649907,15.0,1.0,0.9519979641962851,-40.28340017649907,42.11689104305066,0.04356754829304066,-1.596108059687083,3.0,0.0,0.29612073837965835,0.29612073837965835
1360,1,0.06331145218040259,0.06611687554575191,0.5763808401063543,1.5598457575887317,0.38402021304522704,8.141329375441023e-8,1.8908638617713552e7,-42.430453710041895,7.0,1.0,0.8900115901188564,-42.430453710041895,44.07187818626782,0.15506871156889446,-0.45767492409665067,3.0,0.0,0.29612073837965835,0.29612073837965835
1361,1,0.09807943327579816,0.016917187671794974,0.5249622629679411,1.2389828694822151,0.0739086825638225,9.833011065942595e-8,4.478286401165986e6,-47.615702502020014,7.0,1.0,0.8848712587002606,-47.615702502020014,50.85585925781211,0.06416562758007416,0.219679654080565,3.0,0.0,0.29612073837965835,0.29612073837965835
1362,1,0.036261095596591915,0.029828109087888084,0.5817602679706647,0.785602178841377,0.9134056879200461,4.30838271253151e-8,3.6096048152103224e6,-40.11948036943981,7.0,1.0,0.9927005740640394,-40.11948036943981,49.01694471871215,-0.2614726553786255,-0.2614726553786255,3.0,0.0,0.29612073837965835,0.29612073837965835
1363,1,0.07761413261508275,0.0859161422395968,0.3469345119260685,0.5928698001531069,1.0273872488464597,8.505619473969147e-8,6.032580886406034e6,-41.6444312383513,7.0,1.0,0.9515645436912507,-41.6444312383513,42.37513823920872,0.08094180806357798,0.08094180806357798,3.0,0.0,0.29612073837965835,0.29612073837965835
1364,1,0.042626834892073695,0.027847080136843894,0.2636402149815776,0.6147222358701615,0.22841391633265812,4.926116791971092e-8,2.5041167141035874e6,-41.319771985932036,15.0,1.0,0.9815645289128717,-41.319771985932036,44.25861815955373,0.012801733112503655,-0.10503074082971153,4.0,0.0,0.29612073837965835,0.29612073837965835
1365,1,0.04064357365556227,0.09301651793478852,0.6509679356038153,0.27657999287595203,0.7878330936285697,5.430104375083128e-8,1.0254232001040548e7,-42.80830177272661,7.0,1.0,0.9009138484207976,-42.80830177272661,44.741436035677935,0.12835212580111488,0.1685428407477545,3.0,0.0,0.29612073837965835,0.29612073837965835
1366,1,0.05236947134113766,0.06996611045666476,0.5211620990264821,1.8720763647516645,0.3106159271978846,7.63080901895638e-8,2.1289270302344807e6,-42.324555952249824,15.0,1.0,0.9357037726053669,-42.324555952249824,45.874920261779764,0.07131823656710878,1.291925578481525,3.0,0.0,0.29612073837965835,0.29612073837965835
1367,1,0.07373186161852008,0.01933035523714705,0.8326687399296748,0.301577896151801,1.031954655445917,3.110307651019164e-8,4.668412609365028e7,-46.148818276982084,15.0,1.0,0.34073590720537494,-46.148818276982084,48.54257258512396,0.7739634850650461,4.052075253633149,4.0,0.0,0.29612073837965835,0.29612073837965835
1368,1,0.08686487523015657,0.027469600218245162,0.8071643209772899,0.3019030064275901,1.065556036075134,3.535250907524534e-8,3.795236203737601e7,-45.57946466380993,15.0,1.0,0.951905870583013,-45.57946466380993,48.02613406524362,-0.0029207764874286113,-1.0593134993376125,4.0,0.0,0.29612073837965835,0.29612073837965835
1369,1,0.04161586637996409,0.08599436157622994,0.1664249711455599,1.1976966088877299,0.2794879978335643,4.9522291378853474e-8,1.6073017589362916e6,-42.804700929796155,7.0,1.0,1.0,-42.804700929796155,45.883314709023296,-0.5604833788404093,-0.5604833788404093,3.0,0.0,0.29612073837965835,0.29612073837965835
1370,1,0.024980582345463215,0.07333740941078129,0.26179357358239014,0.6608673704270244,1.3953325988811667,8.93297546113393e-8,7.48801134821372e7,-48.32592953153039,15.0,1.0,0.16373410117011272,-48.32592953153039,50.70448884619215,1.1761132987662535,2.99506801339205,3.0,0.0,0.29612073837965835,0.29612073837965835
1371,1,0.09388813877187556,0.05154752974007967,0.8745204256888234,1.916721352818548,1.0015994219529556,8.878769722683072e-8,2.0502726784220552e6,-45.50293863778573,15.0,1.0,0.8856218732093046,-45.50293863778573,50.84263527746984,-2.6061049276794748,-2.6061049276794748,3.0,0.0,0.29612073837965835,0.29612073837965835
1372,1,0.04547571833405559,0.03505605004843063,0.09365536393592644,0.8905407462024306,0.8912399364176262,2.0792615847757e-8,1.074192039285766e7,-41.98977025019401,15.0,1.0,0.8953119494494984,-41.98977025019401,48.20191060155369,0.054086877271913636,0.23678229466366219,3.0,0.0,0.29612073837965835,0.29612073837965835
1373,1,0.05740530042507646,0.07070198014133962,0.8801971937887961,1.5123409696287542,0.5316282544824761,5.486601756288949e-8,1.6899810868708675e6,-43.298356680286425,15.0,1.0,0.8076589317636635,-43.298356680286425,45.2431629973716,0.590809502584996,0.9129070483052502,4.0,0.0,0.29612073837965835,0.29612073837965835
1374,1,0.05740530042507646,0.07070198014133962,0.8801971937887961,1.5123409696287542,0.5316282544824761,5.486601756288949e-8,1.6899810868708675e6,-43.298356680286425,3.0,1.0,0.0016134516562966168,-43.298356680286425,46.82075448145843,0.0,14.67612885814453,2.0,0.0,0.29612073837965835,0.29612073837965835
1375,1,0.09973962648857253,0.04529078587430205,0.7105855450005262,1.494554719934971,0.21450349459943857,8.764645922740401e-8,2.0113631360402003e7,-47.896173075036685,7.0,1.0,0.950822028845634,-47.896173075036685,50.55530015447248,0.06884010690198039,-0.19036951140437708,3.0,0.0,0.29612073837965835,0.29612073837965835
1376,1,0.09971950206205689,0.03967861260473596,0.5955771418572735,1.3730220905334007,0.22849127179520953,8.030537456532649e-8,2.0513970708453584e7,-47.169271236199336,3.0,1.0,0.9999957459527694,-47.169271236199336,48.445042752083026,-0.01837348122615623,-0.0542658493738557,2.0,0.0,0.29612073837965835,0.29612073837965835
1377,1,0.09976393314445232,0.08997246874425012,0.6551767198919213,1.0175409481425888,0.39663065112903345,6.43208115331533e-8,3.1628399258062817e7,-48.08240073303233,7.0,1.0,0.8840400422905742,-48.08240073303233,50.67914595265626,0.018447200679496234,1.2352549870340894,3.0,0.0,0.29612073837965835,0.29612073837965835
1378,1,0.052961054355578394,0.019976126928765527,0.3002615112268724,1.2481303065228064,0.9767928239496225,1.5631440416940835e-8,1.457808481146605e6,-43.75801725367974,7.0,1.0,1.0,-43.75801725367974,48.5173367950356,-0.6075042375239619,-0.6075042375239619,3.0,0.0,0.29612073837965835,0.29612073837965835
1379,1,0.04209136603494458,0.017885598858917558,0.20639790961439816,0.9342488777556053,1.0194975520434304,1.8569497995744396e-8,1.6132069458249446e6,-43.44858265204934,7.0,1.0,0.5094341055199646,-43.44858265204934,46.29726458836693,-0.5580823486136381,1.2883363942972323,3.0,0.0,0.29612073837965835,0.29612073837965835
1380,1,0.07263124861182269,0.04861090162777054,0.7419718661096679,0.1550220251224705,0.33758464909318475,8.301670941121651e-8,1.2843404260702912e7,-44.21149304268954,15.0,1.0,0.8450398244655101,-44.21149304268954,48.87172216143004,-0.1815127706198254,1.008835242678984,4.0,0.0,0.29612073837965835,0.29612073837965835
1381,1,0.066324887475955,0.05766645836311334,0.7853042985089005,1.0061912086208795,1.2399499864550285,8.698903798082808e-8,2.553163907733352e6,-41.884172341055645,15.0,1.0,0.9705712738671336,-41.884172341055645,46.28113647689688,-0.24983251451443778,0.3984238727240452,3.0,0.0,0.29612073837965835,0.29612073837965835
1382,1,0.04353431234006233,0.0159257123256053,0.5300136054103816,1.7577019639697573,0.9293015033797873,4.812722152594004e-8,6.439762893442374e6,-41.9293204950681,15.0,1.0,0.9831811305078557,-41.9293204950681,45.13754027766773,-0.008695365120487963,-0.06399908943319588,4.0,0.0,0.29612073837965835,0.29612073837965835
1383,1,0.04702554330443081,0.08542043249596051,0.4451556674107144,1.718253998600861,0.08336710145202839,3.990256992757382e-8,3.25068806095889e6,-42.507279276807765,15.0,1.0,0.9880410538714917,-42.507279276807765,44.33353213214033,-0.005588302097230269,-0.05610573725116552,4.0,0.0,0.29612073837965835,0.29612073837965835
1384,1,0.03394683640790659,0.058197584907736334,0.4907536839321047,1.3831472852311635,1.0922870817530188,1.2426888660217328e-8,4.793581372075207e6,-40.90656072968085,15.0,1.0,0.9993659127804421,-40.90656072968085,44.041744659152556,-0.0634470737337054,-0.08148279250215751,4.0,0.0,0.29612073837965835,0.29612073837965835
1385,1,0.047360627233541314,0.06457566992309305,0.8078862401816486,1.8187238878160528,0.24799617620385833,1.0295913656565124e-8,9.669048749065563e6,-43.520933834468735,7.0,1.0,0.8922272675675588,-43.520933834468735,45.60554687097059,0.14806262823582728,0.17898667070887342,3.0,0.0,0.29612073837965835,0.29612073837965835
1386,1,0.08717944305871178,0.04483144371106041,0.2474702879226273,1.276104924051229,1.2051535013424146,6.257267295466614e-8,1.603292363444952e6,-42.02451130943651,7.0,1.0,0.951742563593588,-42.02451130943651,48.42804481764372,0.06537577169346775,-0.32131762894862703,3.0,0.0,0.29612073837965835,0.29612073837965835
1387,1,0.0892498536506326,0.055210373355696625,0.022365226358982682,1.4529863243809937,1.147164508419411,6.398284813702471e-8,4.403832592583873e6,-42.49169756602672,7.0,1.0,0.7438355143408903,-42.49169756602672,43.90561300333485,0.5033727882422099,0.5033727882422099,3.0,0.0,0.29612073837965835,0.29612073837965835
1388,1,0.042169086169164004,0.03924159436923952,0.5938789076159922,0.44478052090881237,0.7523888227623359,7.01521598494301e-8,6.802132740585066e6,-40.63957752147532,15.0,1.0,0.9885781749443396,-40.63957752147532,44.713835129950716,-0.37266210260843735,-0.5520410893483287,4.0,0.0,0.29612073837965835,0.29612073837965835
1389,1,0.09088425886025336,0.0802754125710537,0.40999179377418016,0.3038526449177552,0.35946207987343326,4.012676234898449e-9,3.343489620118863e6,-43.93988076919956,15.0,1.0,0.9498545315571498,-43.93988076919956,45.4722030321381,0.06834129460020932,0.0988379340551333,3.0,0.0,0.29612073837965835,0.29612073837965835
1390,1,0.018507110360999255,0.024032001171743644,0.6075719143412682,1.7549980916868848,0.9358616729856132,9.608280833365968e-8,3.2218190840554456e6,-43.93529928929252,15.0,1.0,0.9899213195084736,-43.93529928929252,46.481587136451076,0.008454232654926841,-0.05532249270437006,4.0,0.0,0.29612073837965835,0.29612073837965835
1391,1,0.019080825841139064,0.015331671813208457,0.5159177835161088,1.6614395663565777,1.1265338199995523,9.757268416504804e-8,4.955600447711184e6,-45.09984577063399,7.0,1.0,0.9358567788187564,-45.09984577063399,47.775263087446305,0.07894877624452334,0.11386762771714842,3.0,0.0,0.29612073837965835,0.29612073837965835
1392,1,0.01920164653734035,0.014794604262276138,0.4330833033386436,1.6982734692952859,1.1774876430621088,9.609097516939482e-8,5.944768948127698e6,-45.12734562244359,7.0,1.0,0.9964794404917348,-45.12734562244359,45.995660531013954,0.016802558684609892,-0.15599506929126505,3.0,0.0,0.29612073837965835,0.29612073837965835
1393,1,0.05896337186621586,0.031233111832231215,0.33447911477217845,1.580908305193324,1.0130208450798814,9.800793652783068e-8,2.677111593804995e6,-42.71776352105313,15.0,1.0,1.0,-42.71776352105313,46.40680791444331,-0.11871984744671238,-0.20258452100285496,3.0,0.0,0.29612073837965835,0.29612073837965835
1394,1,0.0758580767268518,0.09312625550800283,0.16023796507339574,1.683810539959633,1.1477262050147512,8.218407846692348e-8,1.8400133946588736e7,-44.7353856868863,7.0,1.0,0.4200856214352871,-44.7353856868863,47.51454306726329,0.906283826371137,1.1763539787993906,3.0,0.0,0.29612073837965835,0.29612073837965835
1395,1,0.0817709526132657,0.09814396194706154,0.524403420518069,1.7741043316127454,0.6836289677930264,9.377364974154818e-8,7.126528502852567e6,-44.90519129793779,7.0,1.0,0.9398902307328285,-44.90519129793779,48.60351203706815,-0.07253887854384544,0.546052855267348,3.0,0.0,0.29612073837965835,0.29612073837965835
1396,1,0.05883273461636783,0.018174413026317882,0.39646085574278933,1.3477960442672219,0.5722951199137882,3.402374928081401e-8,2.7236330479575987e6,-40.69887960539671,7.0,1.0,0.9973990143679645,-40.69887960539671,45.58616453747797,-0.14912599347920974,-0.17759880180533827,3.0,0.0,0.29612073837965835,0.29612073837965835
1397,1,0.02876737468809685,0.014090663862356152,0.516551543188602,1.2777970280225983,1.1816961717551437,4.970150773195158e-8,6.088432820640758e6,-42.30461716669528,7.0,1.0,0.7823020173534407,-42.30461716669528,44.16210809069657,0.24078145155520048,0.5631411869225929,3.0,0.0,0.29612073837965835,0.29612073837965835
1398,1,0.05749211523383406,0.02863943137502726,0.4389121815789863,1.6638042321065731,1.3333989783156166,1.1772700594198042e-8,1.2979856441709703e7,-43.78515363691952,15.0,1.0,0.927409984906367,-43.78515363691952,46.2827569545116,0.05883264046387637,0.4701575645842695,4.0,0.0,0.29612073837965835,0.29612073837965835
1399,1,0.057215717338359895,0.09026811941627612,0.3920561552367315,0.4938524136752075,0.12010803548703772,2.9683974447370508e-8,1.7322106030183304e7,-44.02742374338354,15.0,1.0,0.907622967822769,-44.02742374338354,47.205220043134574,0.22837926307746415,0.48456940363786316,4.0,0.0,0.29612073837965835,0.29612073837965835
1400,1,0.025580892286560814,0.03052919756064533,0.9502184835901593,0.5568676965455435,1.0482397601054922,2.5310717690506966e-8,1.7985301922468976e6,-46.39989133166054,7.0,1.0,0.8916273328600425,-46.39989133166054,48.80467422977746,0.5644793025401924,0.5644793025401924,3.0,0.0,0.29612073837965835,0.29612073837965835
1401,1,0.025580892286560814,0.03052919756064533,0.9502184835901593,0.5568676965455435,1.0482397601054922,2.5310717690506966e-8,1.7985301922468976e6,-46.39989133166054,15.0,1.0,0.11636249301498489,-46.39989133166054,54.417986293451335,0.0,12.418039259742812,3.0,0.0,0.29612073837965835,0.29612073837965835
1402,1,0.029178702494869105,0.03141364840614397,0.9477619914818702,1.3359608934235312,1.193682517477186,5.7916281184396896e-8,1.5514662937386343e7,-45.2746477933336,7.0,1.0,0.5276180495821529,-45.2746477933336,50.93790630151658,0.7953579249759031,0.8231233816079992,3.0,0.0,0.29612073837965835,0.29612073837965835
1403,1,0.037453738683631894,0.07924150747104072,0.059896738741749014,1.5562804327058355,0.9822634890339211,1.034985270082151e-8,2.122526420691474e6,-41.97186130144429,15.0,1.0,0.850162976798039,-41.97186130144429,48.29738642297768,-0.6899687875201153,8.97922047138654,4.0,0.0,0.29612073837965835,0.29612073837965835
1404,1,0.07959534097800651,0.09734315877675907,0.14374592004257475,1.5711720762422812,1.305248152780044,7.812797982083431e-8,3.209267614721225e6,-43.6873336682399,13.0,1.0,0.9065756412767484,-43.6873336682399,45.884379371941925,0.03866316642327661,36.95756712875275,3.0,0.0,0.29612073837965835,0.29612073837965835
1405,1,0.026575094787745432,0.01573999276070296,0.7292699856241073,0.3767147960564926,0.2420683241918658,9.206301914581147e-8,6.81746281412815e6,-44.48544465134107,15.0,1.0,0.9905340962796726,-44.48544465134107,46.820290894892025,0.04926098733353257,-0.0981575958291856,4.0,0.0,0.29612073837965835,0.29612073837965835
1406,1,0.07848511137917756,0.09789117763518199,0.5303529417992091,1.0968691517255849,0.5084288424652441,6.617625508278906e-8,2.6373914723832896e6,-42.44873132243967,15.0,1.0,0.9998982333199832,-42.44873132243967,46.61759737411049,-0.05729647723050135,-0.12071933124848755,4.0,0.0,0.29612073837965835,0.29612073837965835
1407,1,0.06819601074459825,0.0893078699969682,0.6574540190793912,1.8000314945237075,0.07549219330893119,6.180196559025417e-8,3.4650531173290047e6,-43.38312672136897,7.0,1.0,0.9030945572816871,-43.38312672136897,48.719756922208674,0.07512193727421845,0.15731946080725123,3.0,0.0,0.29612073837965835,0.29612073837965835
1408,1,0.045975538279398626,0.019125960969414546,0.18864169309906562,0.4708447646391647,1.3789159348395537,4.812676458121731e-8,3.8932074861221095e6,-43.170742200400596,15.0,1.0,0.9933580144536175,-43.170742200400596,44.730932408528346,0.0024124069141393534,-0.0963812064771048,4.0,0.0,0.29612073837965835,0.29612073837965835
1409,1,0.01792458164649901,0.07083827692025702,0.2889152789107401,0.25649719854437036,1.1962292936548096,4.953217433949394e-8,4.975487873220654e6,-42.659344563445444,15.0,1.0,0.9940813181652447,-42.659344563445444,45.69429447095706,-0.030655644694249418,-0.08043662014030417,3.0,0.0,0.29612073837965835,0.29612073837965835
1410,1,0.027239671419157938,0.07305635475644709,0.16246011344251673,1.4147107352478832,1.1172807629708665,1.3628978922186821e-8,2.170246955261236e6,-42.397244251562896,15.0,1.0,0.9884865152789384,-42.397244251562896,45.52334110184953,0.08563957455825744,-0.13078400778021404,4.0,0.0,0.29612073837965835,0.29612073837965835
1411,1,0.09059144313195501,0.03425085788653455,0.15409016827159552,0.7480143586712777,0.3444502423842752,3.52158171127126e-8,1.7579069770195782e6,-41.81139594660179,15.0,1.0,0.981342577437968,-41.81139594660179,44.75973609957436,-0.4882989465553962,-0.4882989465553962,4.0,0.0,0.29612073837965835,0.29612073837965835
1412,1,0.060887062460857413,0.0346061334894331,0.04897578494892324,1.1771575034899093,1.3722130652440607,6.91399426859202e-8,3.0552595150315235e6,-42.11571121880835,15.0,1.0,0.7410029177614433,-42.11571121880835,46.87108038118066,0.126364497535846,0.46355475674145197,4.0,0.0,0.29612073837965835,0.29612073837965835
1413,1,0.05737154185132312,0.06854618593150258,0.01683867908183248,0.9567484941318367,1.421596160601053,5.967829698711626e-8,6.539130239318291e6,-46.115205759509124,7.0,1.0,0.905703930601487,-46.115205759509124,46.80465913150231,0.15287495126720785,-0.2821322169049765,3.0,0.0,0.29612073837965835,0.29612073837965835
1414,1,0.07740767471394176,0.06691221465523567,0.0187885786206927,1.6874992706541958,0.0852383963779056,7.643679961578666e-9,1.864122105235008e6,-43.27207432003844,15.0,1.0,0.9859157974182245,-43.27207432003844,50.33962464162682,-0.21106038244710135,-0.21106038244710135,4.0,0.0,0.29612073837965835,0.29612073837965835
1415,1,0.07825102088667338,0.07115222957371983,0.0553272226875682,1.3226761575772241,0.539084296820759,9.438195110096955e-9,768453.933758441,-41.166078940112016,15.0,1.0,0.33446542775803956,-41.166078940112016,45.11552718785308,-0.058008930457859265,42.10256216056927,4.0,0.0,0.29612073837965835,0.29612073837965835
1416,1,0.03955412673046747,0.07368660924479531,0.008146405761114275,1.2252914754920126,1.2485361704345834,1.756032021382816e-8,1.1508968367558203e6,-41.71307026793232,11.0,1.0,0.3532491486093061,-41.71307026793232,44.87486611111002,1.4578935452289983,105.17686131131768,3.0,0.0,0.29612073837965835,0.29612073837965835
1417,1,0.04585783181127475,0.06755681977998666,0.013483936771255443,1.082569919866984,0.9906745924406493,1.3465157251912099e-8,2.97995814474328e6,-41.61672535197837,5.0,1.0,0.6,-41.61672535197837,46.93205636212411,-0.07551304681158655,2219.2544113079807,2.0,1.0,0.29612073837965835,0.29612073837965835
1418,1,0.08515840623857712,0.03684845651834609,0.04419742373015699,0.5290197980192254,1.032604351681393,5.2897158689177245e-8,3.6187285623942367e6,-41.58863682843386,7.0,1.0,0.9755191189274022,-41.58863682843386,44.43710357296373,0.038107020298191685,0.12142532270025441,3.0,0.0,0.29612073837965835,0.29612073837965835
1419,1,0.09721572705516092,0.04445228033955792,0.277537829882081,1.0174100614323756,1.3140575946235706,1.8257493448534466e-8,3.0814233545087418e6,-43.07774434073234,15.0,1.0,0.9719670416848328,-43.07774434073234,45.33898637921573,-0.002913408351140845,-0.10027104988672875,3.0,0.0,0.29612073837965835,0.29612073837965835
1420,1,0.09595659943575412,0.03611246328317757,0.17384481934384302,1.2251140112756882,1.1660679063655934,1.4504616248959474e-8,2.675438718884001e6,-42.285942681636946,9.0,1.0,0.8888644039065406,-42.285942681636946,45.373462940274116,-0.009255706718668932,131.26579654024607,3.0,0.0,0.29612073837965835,0.29612073837965835
1421,1,0.014712745337949189,0.029427730483911264,0.7184475135059546,1.052156816683533,0.14228526883924922,8.48340755038656e-8,3.3253714113848926e6,-43.570696906354385,15.0,1.0,0.9920716910449763,-43.570696906354385,45.282924655538544,0.04264584595465948,-0.05432990481687483,4.0,0.0,0.29612073837965835,0.29612073837965835
1422,1,0.011952956715749485,0.04989720252707402,0.23479610263744005,0.17688338021714844,1.3123411774316742,4.37061518360991e-8,3.0186134875127403e6,-45.41362782561383,15.0,1.0,0.9712042626130714,-45.41362782561383,49.66409941451522,0.01746752462192802,-0.10906206528247964,4.0,0.0,0.29612073837965835,0.29612073837965835
1423,1,0.016881717666094573,0.010627312516412472,0.9282894603633225,0.19458123275868233,1.2380491981313508,9.27107256442069e-8,1.0336459538721196e7,-50.832993965956234,7.0,1.0,0.7473849984822405,-50.832993965956234,54.36480869581485,0.35519815722643244,0.36985724993137126,3.0,0.0,0.29612073837965835,0.29612073837965835
1424,1,0.08501776398994562,0.09818606655314199,0.6825848471982335,1.9946446536338946,0.23317515195816715,1.7824811863546133e-9,3.081520136703136e6,-50.51010151468048,15.0,1.0,0.9757594832654208,-50.51010151468048,54.870874035849965,-0.08549761016531221,-0.4836941715387084,4.0,0.0,0.29612073837965835,0.29612073837965835
1425,1,0.06994274830342646,0.07831368638715924,0.010176457034687985,1.908605807560577,0.8281138476509738,3.6734484351854482e-9,1.4906952638308518e6,-44.04855161918409,11.0,1.0,0.5311021555597372,-44.04855161918409,52.885210501776434,0.10381901418135442,Inf,3.0,1.0,0.29612073837965835,0.29612073837965835
1426,1,0.06254340478005964,0.06037524343888225,0.0068663414941350556,1.9013468158191407,0.5593116272734495,1.3314492373191975e-8,2.8004011814915007e6,-43.776555702908695,5.0,1.0,0.8003031236718561,-43.776555702908695,46.87216266754314,-0.12312811370353671,6.491931765353456,2.0,0.0,0.29612073837965835,0.29612073837965835
1427,1,0.09203452964721638,0.04863161191716853,0.516928048510517,0.38298103604101663,1.1444303904456656,7.769820567978758e-8,3.66620844323314e6,-41.932689533915116,15.0,1.0,1.0,-41.932689533915116,44.20074966895437,-0.646538498545354,-0.9065370455084576,4.0,0.0,0.29612073837965835,0.29612073837965835
1428,1,0.09339396899569367,0.05359407268777996,0.016214376625778397,0.3066350364516859,0.3654170270718736,3.0527421463391528e-9,1.4110540603114625e6,-45.42172382162427,13.0,1.0,0.852679212893918,-45.42172382162427,48.91690272424888,0.17669116796349726,485.3541946556791,3.0,0.0,0.29612073837965835,0.29612073837965835
1429,1,0.09167801523637913,0.05115693198456167,0.014250824519997315,0.7769466956128592,1.1577680069177716,1.0934397488810824e-8,1.725946136131417e6,-42.214877630812694,7.0,1.0,1.0,-42.214877630812694,46.79010121264695,-0.07257633228260829,-1.0283771592155588,3.0,0.0,0.29612073837965835,0.29612073837965835
1430,1,0.09496277514448499,0.050781087484297695,0.43552075421717135,0.5885082751132561,1.4111062421108889,1.9968006054156275e-8,4.687504415375583e6,-44.68123724063675,7.0,1.0,0.3945881038199893,-44.68123724063675,52.06272769176138,-0.03270190113951088,71.71591113354398,3.0,0.0,0.29612073837965835,0.29612073837965835
1431,1,0.09592282912845278,0.05581523318164405,0.3433844838381472,1.0954884836786203,1.4171800122735516,4.448459694841102e-9,1.987510906689572e7,-48.493266935384426,15.0,1.0,0.8634142055872402,-48.493266935384426,50.829448576661484,0.1907608170615518,-0.31074516751074555,3.0,0.0,0.29612073837965835,0.29612073837965835
1432,1,0.09375094249315778,0.06165365303748225,0.5598651303975833,0.5292057449253927,1.4258804827669374,8.79339940449329e-9,2.3224697787191113e6,-48.59283504321829,7.0,1.0,0.9988128416540426,-48.59283504321829,51.91670141832888,-0.6648550264376496,-0.6648550264376496,3.0,0.0,0.29612073837965835,0.29612073837965835
1433,1,0.010352735512764452,0.04942030191856667,0.38343472760048014,0.8295957676421257,1.190738657315503,9.32127806438379e-8,1.2022239395435698e7,-46.64860634182987,15.0,1.0,0.7395356751718722,-46.64860634182987,54.124628539157484,0.20842527722056303,0.9035430130861855,4.0,0.0,0.29612073837965835,0.29612073837965835
1434,1,0.06124312123346851,0.06281992454640509,0.5381926462622703,1.6917196064198352,0.25280507951218484,6.667603335279754e-9,4.103166412286019e6,-41.928279049598586,15.0,1.0,0.9970615542171738,-41.928279049598586,50.0586298334234,-0.29939420871004074,-1.4456790013569218,4.0,0.0,0.29612073837965835,0.29612073837965835
1435,1,0.054602430659578004,0.04794738095337417,0.24706376835260266,0.9092650871201396,1.194861455401038,9.530578699262077e-8,2.478717550859735e6,-42.129407452514926,15.0,1.0,0.9777964196440038,-42.129407452514926,43.70319985026777,-0.01291557351855488,0.12006901034403938,3.0,0.0,0.29612073837965835,0.29612073837965835
1436,1,0.0367242953649124,0.06698110207923183,0.7859930803635021,0.30195597247942707,0.4523647840240125,1.2457590679351789e-8,1.577321125963643e7,-43.64727047264594,15.0,1.0,0.7953660036671801,-43.64727047264594,45.811677829515695,0.372397159825951,0.4810854192038647,3.0,0.0,0.29612073837965835,0.29612073837965835
1437,1,0.0456439529412489,0.039609710185482205,0.5185584808207662,1.8425874563376803,0.19717235834887903,7.62123035661526e-8,1.7784863818986383e6,-43.4760833448656,15.0,1.0,0.9995367234280972,-43.4760833448656,45.38394567907966,-0.3727554603969665,-0.8990757608758102,4.0,0.0,0.29612073837965835,0.29612073837965835
1438,1,0.06334169684586391,0.0282702670877926,0.3576493080812868,0.9574275123023969,0.9496067915150371,6.947517996287694e-8,1.2797705333307104e7,-41.327070081330405,7.0,1.0,1.0,-41.327070081330405,44.01830591601806,-0.3266217241382634,-0.5568342255880268,3.0,0.0,0.29612073837965835,0.29612073837965835
1439,1,0.07160270840969034,0.0652109501943724,0.16610011701960786,0.41361063886108285,0.9834029734906802,4.3413702611902535e-8,1.0705674673521345e7,-41.73250708378025,7.0,1.0,0.9266496642842466,-41.73250708378025,43.36459133262799,0.015209529534388366,0.6215612293079715,3.0,0.0,0.29612073837965835,0.29612073837965835
1440,1,0.07333775933893373,0.037226499444132165,0.37070264145819126,1.9023729731816423,0.8500778759500399,3.88522050200331e-8,3.9777050090899356e6,-41.15312051987033,15.0,1.0,0.993481394162692,-41.15312051987033,44.856817704357006,-0.1133190636271948,-0.19179940479033775,3.0,0.0,0.29612073837965835,0.29612073837965835
1441,1,0.0274096865971358,0.07626316329165606,0.468277468303921,1.5602103850261393,0.2199108792643933,4.1991186225907236e-8,4.963643665171846e6,-41.219674321820236,7.0,1.0,0.8957085294165467,-41.219674321820236,44.68010392952919,0.05118434723078735,0.17691543669867116,3.0,0.0,0.29612073837965835,0.29612073837965835
1442,1,0.026947441807251005,0.05177795048292585,0.4852418346180413,1.10411438802765,0.4106322896076127,8.852874293505543e-9,3.140482303578344e6,-41.33119289600499,15.0,1.0,0.9728950607661841,-41.33119289600499,44.49436131016279,-0.004501439115038863,0.07852610616125588,4.0,0.0,0.29612073837965835,0.29612073837965835
1443,1,0.09047879939391042,0.020341548137290562,0.9544045313664904,1.5371679538262966,1.1179822836626818,3.958331928120915e-8,5.754929751049129e6,-45.79474890809648,7.0,1.0,0.830099136933318,-45.79474890809648,47.88209977502495,0.23162912911627132,0.23162912911627132,3.0,0.0,0.29612073837965835,0.29612073837965835
1444,1,0.01909161312953049,0.08405487297824159,0.007084325921924641,0.560472701089137,0.5729186712497853,4.4613298401005064e-8,2.8449914486927697e6,-44.46384640292297,15.0,1.0,0.9989105660856261,-44.46384640292297,48.06507182498117,-0.1291840877086443,-0.18595563692628758,4.0,0.0,0.29612073837965835,0.29612073837965835
1445,1,0.08595411985950116,0.026202580025989686,0.6787824845566734,0.32579078180954935,1.035505340564187,9.140889727986747e-8,4.286317377179878e6,-42.89441997409761,15.0,1.0,0.9875309935208025,-42.89441997409761,48.016872968336926,-0.10938188298607088,-0.15292595909167517,4.0,0.0,0.29612073837965835,0.29612073837965835
1446,1,0.07866508625029787,0.08688032242073242,0.21445276466870367,0.30624095814447355,0.08203854144506767,6.576788399526199e-8,1.687027450491664e7,-45.31160424301734,15.0,1.0,0.936946739288714,-45.31160424301734,48.16956804113377,0.19919291122101868,-0.408583537712083,4.0,0.0,0.29612073837965835,0.29612073837965835
1447,1,0.06865149255792302,0.034027055127900704,0.703311191264129,0.2695438471178956,0.07270009939816384,9.215688656661072e-8,5.1362615165889e6,-44.41516120300005,15.0,1.0,0.7650047733163334,-44.41516120300005,50.59594861109604,-0.12120918319611462,0.5510986529361332,4.0,0.0,0.29612073837965835,0.29612073837965835
1448,1,0.059442247625338215,0.0655183018479215,0.791384557638008,0.17664442861763952,0.9773306421100988,2.209332315742581e-8,6.112188856656794e6,-42.571977597323155,15.0,1.0,0.9531052386643108,-42.571977597323155,47.722436532463036,-0.04916442368466534,0.22435067253474728,4.0,0.0,0.29612073837965835,0.29612073837965835
1449,1,0.0391586658696254,0.08172273403275733,0.06567541022844284,1.9423072389163907,0.6326941937643827,6.888184827424988e-8,5.615061822091009e6,-43.31178419228232,15.0,1.0,0.9649959609289094,-43.31178419228232,47.33583617178113,0.017578223740699173,0.1931025416964971,3.0,0.0,0.29612073837965835,0.29612073837965835
1450,1,0.03814786750720382,0.03484147538886646,0.24688522445544972,1.442275985706551,0.13526750203234597,5.273614021553693e-8,8.952527072012974e6,-42.04294159499101,11.0,1.0,0.7303638308127082,-42.04294159499101,46.60307142621702,-0.036086621579670464,9.672905453104363,3.0,0.0,0.29612073837965835,0.29612073837965835
1451,1,0.07911375659329549,0.09185188081510193,0.3482087086666768,0.28477956777325186,1.2878528521609545,9.60975202297479e-8,2.7853955424750717e6,-45.03833427783247,7.0,1.0,0.9474330029219217,-45.03833427783247,47.0984765943587,-0.06719601488089211,0.3686416232575951,3.0,0.0,0.29612073837965835,0.29612073837965835
1452,1,0.08442614234435397,0.04029656091985559,0.844228155859156,1.7696239143869648,0.06631429459986553,5.237637813452738e-9,1.1839138451631688e7,-46.64488359853172,15.0,1.0,0.8407110390412665,-46.64488359853172,50.73384432793762,0.10886295988744621,0.7409883282007641,4.0,0.0,0.29612073837965835,0.29612073837965835
1453,1,0.06464748404656227,0.033019558216251146,0.69783521625019,0.9945753004445197,0.45453819868293394,4.10942260415949e-9,3.1854293379037646e6,-41.97195143987831,7.0,1.0,0.9976774345397954,-41.97195143987831,47.78600718343958,-0.29870628174606395,-0.32748735155862363,3.0,0.0,0.29612073837965835,0.29612073837965835
1454,1,0.05005170807496394,0.08284226225083166,0.1630306432219416,1.7246214336407912,0.9278345143356576,9.35405127171425e-8,5.803428007303073e6,-42.55775040373014,15.0,1.0,0.8994773753701314,-42.55775040373014,45.649149538800955,0.09456323431849256,0.34957688443339663,4.0,0.0,0.29612073837965835,0.29612073837965835
1455,1,0.03370909401539424,0.06798573548602159,0.8788629473272526,0.8583215478693814,0.10986667858165104,6.794272217205064e-8,2.986581527574821e6,-42.748871964025064,15.0,1.0,0.5579326585313562,-42.748871964025064,45.708552229943685,0.01436475393174419,5.455712551394711,4.0,0.0,0.29612073837965835,0.29612073837965835
1456,1,0.02105411321045105,0.07724301590736281,0.9214974918247548,1.1192261418339013,0.10087507607581371,4.1224939152074393e-8,6.803273295056466e6,-44.328135905380165,15.0,1.0,0.5868418306013559,-44.328135905380165,50.53869214942473,0.28031802933924865,0.9751014098482997,3.0,0.0,0.29612073837965835,0.29612073837965835
1457,1,0.08828564607410616,0.031563566788569496,0.2126819650785761,1.6313289651574634,1.0314792734857885,3.335807820846324e-8,2.824927946558039e6,-40.884792806676245,7.0,1.0,0.9927376650182106,-40.884792806676245,46.54482156806051,0.0031604993592466712,-0.15042538596589594,3.0,0.0,0.29612073837965835,0.29612073837965835
1458,1,0.09582225363339364,0.06693223841899165,0.05930665242293144,1.1321994282184813,0.24506662043308344,7.445394854444641e-8,2.4355067643819368e6,-42.25488481342536,7.0,1.0,0.9717954291120469,-42.25488481342536,43.482740293567964,0.05587248307357129,0.05587248307357129,3.0,0.0,0.29612073837965835,0.29612073837965835
1459,1,0.08291260975349153,0.07005574205282773,0.34308259155164705,0.8928991538712724,0.36144823908810836,1.9524985778672372e-8,4.142566991380412e6,-40.6684665964936,15.0,1.0,0.968116247525696,-40.6684665964936,43.86927093314577,-0.03081205503905693,0.11447913561416811,3.0,0.0,0.29612073837965835,0.29612073837965835
1460,1,0.08500760678731721,0.03462773627008399,0.3152803017020059,0.3065040642401118,0.26835863373114416,4.712361212906058e-8,4.734815207658034e6,-41.73788927259096,15.0,1.0,0.9721100661256059,-41.73788927259096,43.077930072082495,0.03925097475253381,0.06570177547126121,4.0,0.0,0.29612073837965835,0.29612073837965835
1461,1,0.07974548358914807,0.08403854125892615,0.5268643581405723,0.18312741297649227,0.14737188915000315,4.128343081757931e-8,6.128725996438274e6,-43.44644534806757,7.0,1.0,0.9725829471097159,-43.44644534806757,45.340819279312534,0.045589911412562856,0.06460773894570337,3.0,0.0,0.29612073837965835,0.29612073837965835
1462,1,0.07789196589501383,0.059543406945619895,0.20671985706793453,0.3503988176012969,0.5085634615762512,2.2753624268633927e-8,5.170971115961106e6,-41.25396707483736,7.0,1.0,0.9937183572220564,-41.25396707483736,45.531922646025556,-0.058716869691060936,-0.07648477818296584,3.0,0.0,0.29612073837965835,0.29612073837965835
1463,1,0.02131181207569711,0.0896804008630688,0.7334484448382623,0.9079073484552481,0.6452983630207316,3.712677130183042e-8,5.839288402044858e6,-41.698750145407104,15.0,1.0,0.9636330065014748,-41.698750145407104,43.770123306293684,0.04030202479390965,0.1323984348386631,4.0,0.0,0.29612073837965835,0.29612073837965835
1464,1,0.08922532912198022,0.05065876713870594,0.39575237174036254,1.5942439477155979,0.6210870853540419,5.749564156215785e-8,5.421066649203589e6,-40.62291431651555,15.0,1.0,0.9807256710617769,-40.62291431651555,44.01577162760623,-0.037180931277582374,-0.07794181612732842,4.0,0.0,0.29612073837965835,0.29612073837965835
1465,1,0.02450447606560365,0.012220278664031867,0.40229559821950167,0.9971022577512867,0.7524954782825279,3.771411522186113e-8,2.6926126600691336e6,-42.61890312618355,15.0,1.0,0.9178305894237997,-42.61890312618355,44.29960730614593,0.13459819356563685,0.13459819356563685,4.0,0.0,0.29612073837965835,0.29612073837965835
1466,1,0.05109608581385773,0.06170548300268684,0.3158318759647792,1.6278347852277448,0.11370488300078582,6.229931178994532e-8,4.982784268306014e6,-41.40264930815239,15.0,1.0,0.9907164634855999,-41.40264930815239,45.1288708149477,-0.07918718888882381,-0.07918718888882381,4.0,0.0,0.29612073837965835,0.29612073837965835
1467,1,0.08771274624639859,0.0610356390657332,0.03587410723181566,1.777023294751732,0.2759145054624457,4.7301662306832835e-8,856969.1848044927,-40.635501216830846,7.0,1.0,0.3837759564255103,-40.635501216830846,46.27088317491082,-1.304902408234156,99.86063568954404,3.0,0.0,0.29612073837965835,0.29612073837965835
1468,1,0.09042967150059449,0.056836670381150874,0.47792186864669955,0.24549377276435688,0.617458757632115,8.533800160468803e-8,1.684750806928288e7,-43.93214436212712,15.0,1.0,0.15747882522446413,-43.93214436212712,46.64771418194658,2.066327628748354,2.1120815635683456,4.0,0.0,0.29612073837965835,0.29612073837965835
1469,1,0.04380872769948425,0.04817534056914003,0.5980614014413751,0.8017669268405203,0.37056827998878034,5.3115506888341075e-8,3.346873515463271e7,-42.75258099517248,11.0,1.0,1.0,-42.75258099517248,46.70169631523592,-0.06039760374911651,-0.6703467326036758,3.0,0.0,0.29612073837965835,0.29612073837965835
1470,1,0.07703002581941654,0.0667469504315037,0.5127487004122175,0.7072978689172824,0.3637260493522013,6.110112391990282e-8,2.8338733207221594e7,-42.76780572370309,7.0,1.0,0.8716193232784659,-42.76780572370309,44.02716161709803,0.009561425715425287,2.0921615206516435,2.0,0.0,0.29612073837965835,0.29612073837965835
1471,1,0.09334088347676714,0.03123322854331701,0.7706158018262005,0.288184407443117,0.8149973111223991,5.593579012898064e-8,1.9435942428675666e6,-43.886339678857354,7.0,1.0,0.6226485451369059,-43.886339678857354,45.87111588071444,-0.6488130904938032,1.449415463697342,3.0,0.0,0.29612073837965835,0.29612073837965835
1472,1,0.07628238120186659,0.07014556749809737,0.2750213244972376,0.2662419415469175,0.6918048308211996,6.829158254506646e-8,1.2640243685908226e7,-42.36942644777737,7.0,1.0,1.0,-42.36942644777737,44.640951612428935,-0.2681830201837485,-0.38648688522513197,3.0,0.0,0.29612073837965835,0.29612073837965835
1473,1,0.05487387633852372,0.07792654381442811,0.6006394560805061,0.297464881499405,0.9334722230877004,8.422715989826976e-8,3.002915425357122e6,-41.61284379354045,7.0,1.0,0.9662652370797051,-41.61284379354045,43.45719944036914,-0.16666545390658172,0.24526563984217375,3.0,0.0,0.29612073837965835,0.29612073837965835
1474,1,0.04967415995383134,0.07954479263298406,0.24284319443007893,0.35412924810878066,0.21109540460033274,6.34206720243518e-8,6.793220543833822e6,-41.91676594022347,7.0,1.0,0.9460646067173722,-41.91676594022347,43.537074636331795,0.07803137252726344,0.1294764304412439,3.0,0.0,0.29612073837965835,0.29612073837965835
1475,1,0.06748833984372249,0.018862624160431947,0.6632593055005922,1.6721698762711823,0.6270935961180526,3.4732868970333365e-8,2.4295536348184217e6,-41.53053892404085,15.0,1.0,0.9809446517531548,-41.53053892404085,44.69495008276645,-0.11200766453899291,-0.1173167061537086,4.0,0.0,0.29612073837965835,0.29612073837965835
1476,1,0.07271922783087653,0.09090924373410834,0.1387382483861894,1.9652890232550084,0.5311224353097831,2.3544201988515226e-8,1.067994713137175e7,-45.01308960483802,7.0,1.0,0.7356996842237772,-45.01308960483802,45.646184749838824,0.3596991650663526,0.45463512632051817,3.0,0.0,0.29612073837965835,0.29612073837965835
1477,1,0.03602117496405963,0.02197890865481834,0.7867350451237605,0.27959836586233666,0.5391999353910468,1.738646299589235e-9,5.889313720308122e6,-44.98394282764753,15.0,1.0,0.9552776861928369,-44.98394282764753,49.64163854161291,0.0048257389825892005,0.3175284257004378,4.0,0.0,0.29612073837965835,0.29612073837965835
1478,1,0.0905513519543627,0.09659787479940861,0.9182292127035567,1.5418690401015873,0.29201082077441665,5.322209274264143e-8,2.7164285573653444e6,-45.0056111750943,15.0,1.0,0.9568681403336379,-45.0056111750943,50.71635044075257,0.05861558800425826,-0.22653858639954905,3.0,0.0,0.29612073837965835,0.29612073837965835
1479,1,0.09903528397493667,0.0947168746500542,0.7777722669117052,0.5760033690974536,0.733440173858235,4.5952200708599075e-8,5.807557701852373e6,-44.9464883171427,7.0,1.0,0.9957158402533898,-44.9464883171427,49.40592312027263,-0.06178042496142666,-0.3265836111049225,3.0,0.0,0.29612073837965835,0.29612073837965835
1480,1,0.017570647451260153,0.082042530759241,0.20411595571674884,1.7726263789222882,0.8370269411220855,1.6986754106704793e-8,9.452346734667946e6,-43.567158856229696,15.0,1.0,0.9844962977976592,-43.567158856229696,47.80981648464206,-0.00980305667302872,-0.2911932669291559,4.0,0.0,0.29612073837965835,0.29612073837965835
1481,1,0.06865952257672873,0.03630990445231202,0.655921778425728,1.1649578291102318,0.9719448478463851,5.9567304168258745e-8,1.6371313626361817e7,-41.54738395737195,15.0,1.0,1.0,-41.54738395737195,45.492989919627654,-0.06915135107256276,-0.45565855067710004,3.0,0.0,0.29612073837965835,0.29612073837965835
1482,1,0.06106264966977613,0.06665718681223282,0.3511936860829899,0.5715729005419224,0.36731105367548894,1.8555795108256288e-8,6.930917569109761e6,-40.93228257919384,7.0,1.0,0.999134301745034,-40.93228257919384,43.41193863054643,-0.05012191250970233,-0.2740122599280639,3.0,0.0,0.29612073837965835,0.29612073837965835
1483,1,0.02572260665000666,0.06691756765135602,0.6061954911630965,1.9564999788722963,1.0616589721369292,7.414641647143456e-8,1.170718633606372e7,-44.02885265039396,15.0,1.0,0.8790505205413252,-44.02885265039396,47.15579963172025,0.10120585754241773,0.5638979807121771,4.0,0.0,0.29612073837965835,0.29612073837965835
1484,1,0.04778050390327653,0.05497424432167124,0.7245303361191644,1.9596371539657447,0.9943361680154833,8.611602917400407e-8,2.5793061177070286e7,-45.44090329752354,7.0,1.0,0.9907628747001925,-45.44090329752354,46.65794773284548,0.018310151090709326,-0.4105926408373435,3.0,0.0,0.29612073837965835,0.29612073837965835
1485,1,0.07713926050637372,0.026011155707307915,0.09178055687663807,0.7923453883375501,0.3445560696514587,5.6871624698675114e-8,2.3570818353899634e6,-40.81772726566567,15.0,1.0,0.8648874509945329,-40.81772726566567,46.54162310318126,-0.5616092222443854,0.9063264277829575,4.0,0.0,0.29612073837965835,0.29612073837965835
1486,1,0.07791089853428376,0.042473397092427666,0.6423859337231679,0.3469884141210266,0.6618622993271867,2.391342970733335e-8,5.437607276250446e6,-41.07468437737309,15.0,1.0,0.8050736270638519,-41.07468437737309,45.93248410188647,-0.1880678662609725,12.469712672137412,3.0,0.0,0.29612073837965835,0.29612073837965835
1487,1,0.0632592061536448,0.044200620897212065,0.6629042220862441,0.39974460566156134,0.6594596512222696,2.4100652624679768e-8,4.123856892250312e6,-40.539976215711604,7.0,1.0,0.9955450301145091,-40.539976215711604,41.98620558159285,-0.035926262113719076,-0.05138231606000687,3.0,0.0,0.29612073837965835,0.29612073837965835
1488,1,0.0772546643021454,0.032410601731536384,0.5342052606153022,0.45140657958321073,0.6881060200311558,1.2486406620624684e-8,3.369510555854182e6,-41.2492289487561,13.0,1.0,0.8786988050774482,-41.2492289487561,43.819388214296595,0.03712226412183384,44.973064985726765,3.0,0.0,0.29612073837965835,0.29612073837965835
1489,1,0.03626462113799067,0.03503433283689037,0.3676414667007338,1.6442871055723498,1.086763434633118,8.821156829880231e-8,2.615564428706285e6,-41.66028689909467,15.0,1.0,0.9411719750201573,-41.66028689909467,44.42140568317055,0.0765208055872435,0.09516577817651495,4.0,0.0,0.29612073837965835,0.29612073837965835
1490,1,0.07334273133300798,0.05625414845220588,0.7608051722704918,1.7397258221534,0.7899734075725613,9.449670994982311e-8,6.347029429315733e6,-42.44309713020301,7.0,1.0,0.9998362922804601,-42.44309713020301,43.48388827312835,0.0011466111441649218,-0.06486879276185675,3.0,0.0,0.29612073837965835,0.29612073837965835
1491,1,0.05412502730153046,0.09275847177892955,0.08021116627703681,0.2844658503260182,0.5928747307378814,9.466290989183464e-9,4.03055785279114e6,-43.63364082470757,15.0,1.0,0.884924750335554,-43.63364082470757,48.42994011116581,0.10658883353870152,0.21397609511818416,4.0,0.0,0.29612073837965835,0.29612073837965835
1492,1,0.05349527220695509,0.07963729270749369,0.05531996779332084,0.5796152206826971,0.8109197707942702,2.6911113657902463e-8,6.640702373499368e6,-41.808750107197596,7.0,1.0,0.9787200608708103,-41.808750107197596,45.21159134487769,-0.012137745061984617,0.13291606309336856,3.0,0.0,0.29612073837965835,0.29612073837965835
1493,1,0.0606764566004111,0.0867657806107336,0.009948263342919237,0.5203796116837168,0.30938607207329605,5.2579938414173785e-8,3.6315204164257636e6,-43.17740000892335,7.0,1.0,0.9076794723668379,-43.17740000892335,45.330575699767934,-0.04986647014532508,-0.7976023320167585,3.0,0.0,0.29612073837965835,0.29612073837965835
1494,1,0.04050080932251275,0.0895049533009742,0.019670063790970947,0.42092948737021063,0.28509161929232013,6.339737648165849e-8,1.3253342482934345e6,-44.53467003760369,3.0,1.0,0.9941576362698316,-44.53467003760369,45.35263800301661,-0.024399136786612985,-0.024399136786612985,2.0,0.0,0.29612073837965835,0.29612073837965835
1495,1,0.03510700833750853,0.07098092845168819,0.030320061212796446,0.45406139337510754,0.34881181162093955,6.536991064009073e-8,1.5776608188051684e6,-43.31617070051013,15.0,1.0,0.800229087920993,-43.31617070051013,46.798180015985125,-0.1819475314292518,0.49434152492408856,3.0,0.0,0.29612073837965835,0.29612073837965835
1496,1,0.038624539995166955,0.07164422116389395,0.018172017176866763,0.6446963031487479,0.37525851182008185,3.289485192978049e-8,1.231294804694884e7,-43.8507694381797,3.0,1.0,0.2955596725288418,-43.8507694381797,47.22710462736639,0.9507730439285069,2.6421862680503665,2.0,0.0,0.29612073837965835,0.29612073837965835
1497,1,0.0526471669977948,0.04790371941981716,0.014813418127550562,1.1501946672637549,0.8383240339066058,5.8416839762247475e-8,3.274465415119168e6,-40.76884541485798,7.0,1.0,0.5680135598679589,-40.76884541485798,46.164148884888256,-0.08825888839929519,66.47242726449957,2.0,0.0,0.29612073837965835,0.29612073837965835
1498,1,0.040970104666350086,0.05462341485214676,0.16289434267434075,1.6123085018882422,0.7929280175967065,2.4832315560879815e-8,1.5655558231746208e7,-42.24080095436376,9.0,1.0,0.8599395566117767,-42.24080095436376,44.604179931566584,0.03717811860220621,14.684738664035528,3.0,0.0,0.29612073837965835,0.29612073837965835
1499,1,0.05723828809526248,0.030732948679150218,0.151696197001099,1.1597085213423517,0.7111311047855653,1.616106046083923e-8,3.3505411979747172e7,-43.82122487715171,7.0,1.0,0.8594217785792032,-43.82122487715171,45.22615898173367,0.027469964191993768,2.325794381811953,3.0,0.0,0.29612073837965835,0.29612073837965835
1500,1,0.08605559075656476,0.016999018907837345,0.20791630616863838,0.5503367059246517,1.31234642383798,7.901918346073657e-8,1.3898873102875546e7,-44.840035184282826,15.0,1.0,0.9632352831276257,-44.840035184282826,47.158484757891394,-0.43204833192383063,-0.7723006078233325,4.0,0.0,0.29612073837965835,0.29612073837965835
1501,1,0.07712624306326536,0.01856378098773767,0.9170744655630015,0.6514478288195615,1.3898592383125805,7.827852663411493e-8,1.9735789729336514e6,-46.55725698975981,7.0,1.0,0.9991703868698829,-46.55725698975981,48.95997640290784,-0.08303413052743736,-0.22483806164687792,3.0,0.0,0.29612073837965835,0.29612073837965835
1502,1,0.06575611865074867,0.0913161431600284,0.08786910172346384,1.1225446775999937,0.09702347068231003,5.7342326560357524e-9,2.5812016354093082e7,-47.139268343254045,15.0,1.0,0.23500105310009559,-47.139268343254045,51.41994713688506,0.8480860034830116,3.924019513595951,3.0,0.0,0.29612073837965835,0.29612073837965835
1503,1,0.07303598615693534,0.06808220315739763,0.6729171870428601,1.0567852400047146,0.32848528373081126,2.8147761933342486e-8,2.375319006774296e6,-40.89046004271907,7.0,1.0,0.604670376602375,-40.89046004271907,47.65151930923925,-0.7484672246428019,3.4061692282182676,3.0,0.0,0.29612073837965835,0.29612073837965835
1504,1,0.07067696617832361,0.08625919966818589,0.021978389635183868,1.1162767602819637,0.34522578669669435,8.657581402859596e-8,3.0606050774560147e6,-42.74559471747723,15.0,1.0,0.922987183980377,-42.74559471747723,47.77474319014036,0.10255677578236089,0.2917535443700743,4.0,0.0,0.29612073837965835,0.29612073837965835
1505,1,0.06939370920849268,0.08236340947955531,0.012084700593999787,1.812607535854153,1.419683975529529,1.0607774652670068e-8,808784.0049812057,-44.977975737915855,13.0,1.0,0.46028431166742867,-44.977975737915855,49.37363795120374,-0.47356093657494114,Inf,3.0,1.0,0.29612073837965835,0.29612073837965835
1506,1,0.074961738273401,0.0690963710853943,0.02946561364775696,1.8324749024894873,1.419817179392304,1.0980390238489007e-8,664164.0085335042,-43.76193655373314,3.0,1.0,0.3333614832067155,-43.76193655373314,45.753279431874496,-0.6153450108895058,42.03089578128801,2.0,0.0,0.29612073837965835,0.29612073837965835
1507,1,0.074961738273401,0.0690963710853943,0.02946561364775696,1.8324749024894873,1.419817179392304,1.0980390238489007e-8,664164.0085335042,-43.76193655373314,3.0,1.0,3.6909028532979857e-13,-43.76193655373314,48.455666980429214,0.0,101.37341131227396,2.0,0.0,0.29612073837965835,0.29612073837965835
1508,1,0.05899552649469218,0.05731199436653868,0.013927996927457765,1.913432910024683,1.4200180588809475,7.508398878033736e-9,552888.4000523462,-44.36701974475036,7.0,1.0,0.18141551116335553,-44.36701974475036,47.44431934227122,0.1251897955534389,439.548882553608,3.0,0.0,0.29612073837965835,0.29612073837965835
1509,1,0.05899552649469218,0.05731199436653868,0.013927996927457765,1.913432910024683,1.4200180588809475,7.508398878033736e-9,552888.4000523462,-44.36701974475036,5.0,1.0,0.05874913721079709,-44.36701974475036,48.88009520144766,0.0,Inf,2.0,1.0,0.29612073837965835,0.29612073837965835
1510,1,0.05816693254746515,0.06344327099999539,0.018843597769753414,1.9265656767758848,1.4203547314385074,8.264450922839627e-9,480932.5450421163,-44.05512794148992,5.0,1.0,0.42946908166729336,-44.05512794148992,44.55654308963339,-0.17995341631531403,1017.43674362872,2.0,1.0,0.29612073837965835,0.29612073837965835
1511,1,0.08275103690896732,0.04676179341924274,0.41269652716265603,1.934529758624829,0.055072313758924255,7.982344999569959e-8,4.531398764497719e6,-44.63930780751551,15.0,1.0,0.5600754146212285,-44.63930780751551,49.486597241133445,0.5967410505331472,0.732744779807561,4.0,0.0,0.29612073837965835,0.29612073837965835
1512,1,0.05981738553892788,0.04975779791669054,0.07426434365450153,1.4700850386728674,0.257861959264115,8.635749347224874e-8,1.7686668720649192e6,-41.23504054638194,15.0,1.0,0.9973781633823838,-41.23504054638194,46.53787725726324,-0.10906432723047743,-0.1818571880627502,3.0,0.0,0.29612073837965835,0.29612073837965835
1513,1,0.08142350800366659,0.04593554946954222,0.6019710875570667,0.5492944590742822,1.2263427096107125,2.0770880362750836e-8,4.95099381632048e6,-41.35732794601573,15.0,1.0,0.9605659716016736,-41.35732794601573,43.94054155034394,0.02333978047547447,0.08689582722344369,4.0,0.0,0.29612073837965835,0.29612073837965835
1514,1,0.07741223842085222,0.07271267210828714,0.641709124613067,0.8154772071228473,1.2324637881903397,3.54111872842767e-8,4.460403634761134e6,-40.77534554745771,7.0,1.0,0.9975540320664186,-40.77534554745771,42.024539344617146,-0.014641167867708305,-0.05950957244466082,3.0,0.0,0.29612073837965835,0.29612073837965835
1515,1,0.057019045112146435,0.08589688550073786,0.22811421978053076,1.0786815765578104,0.13711470573379622,8.544686905592496e-9,3.7881626993132685e6,-42.490861912854555,15.0,1.0,0.9718279527866436,-42.490861912854555,43.76256243838504,0.05267044066643223,0.05322359264707188,3.0,0.0,0.29612073837965835,0.29612073837965835
1516,1,0.06304882264644172,0.027581622336501736,0.018532357119224865,1.5231468985592036,1.1784077492174236,5.8963301665655364e-8,701924.5827939927,-39.96581429843926,14.0,1.0,0.49274182661115795,-39.96581429843926,42.840875315634065,-0.7551996071930986,Inf,3.0,1.0,0.29612073837965835,0.29612073837965835
1517,1,0.050170764925903395,0.032014170863564506,0.01801145383065923,1.3301284716017656,0.9783779730551823,3.1677444453401764e-8,1.0315120013077551e6,-39.26561280552419,7.0,1.0,0.8749305393388241,-39.26561280552419,40.803930691260895,0.08815763472520644,0.5407194114249378,3.0,0.0,0.29612073837965835,0.29612073837965835
1518,1,0.09887283556726242,0.09449675919104653,0.029872083049454042,1.384101903809615,0.4972380273465461,1.3851773190430208e-8,390338.4613575983,-43.80451554367966,15.0,1.0,0.25476376223853225,-43.80451554367966,46.92151581570366,0.08720235007743327,3.550978046269414,4.0,0.0,0.29612073837965835,0.29612073837965835
1519,1,0.09417021829430798,0.05630351536988444,0.01610477168315186,0.8697546086664804,0.2593992220513099,3.420869997375639e-8,2.0161367282258533e6,-42.109584266716034,7.0,1.0,0.2873174207359837,-42.109584266716034,46.161993383535766,0.5013180128647008,40.517828225557075,3.0,0.0,0.29612073837965835,0.29612073837965835
1520,1,0.0242030243062921,0.05437987846192509,0.0567852868627332,1.7391773272657527,1.228595244203988,4.0757985383198e-8,1.0068227981413363e7,-43.70616225640572,15.0,1.0,0.40809784798053333,-43.70616225640572,45.59776153417074,1.7218555584567738,1.7218555584567738,4.0,0.0,0.29612073837965835,0.29612073837965835
1521,1,0.02954609831193416,0.04174575242883121,0.06873579605672818,1.8314898374981312,1.1579123165745397,4.9582305042632195e-8,4.0188383968370613e6,-42.242906537337774,7.0,1.0,0.9521676093414909,-42.242906537337774,44.399318599363866,-0.08691388681678092,-0.28467080108819687,3.0,0.0,0.29612073837965835,0.29612073837965835
1522,1,0.015540281713273551,0.08463177419833173,0.04564129066685938,1.8636161841000778,0.7476326579925718,1.88122489214698e-8,2.1026048251140296e7,-46.93614727912609,7.0,1.0,0.8637095263269144,-46.93614727912609,48.23262639218823,0.1927308895817177,-0.4389736006956113,3.0,0.0,0.29612073837965835,0.29612073837965835
1523,1,0.08991844410932834,0.06667283997435684,0.8264493052695358,1.5518352238667115,0.860398042170705,8.964762763615497e-8,3.4941325500086173e6,-42.314912536601874,15.0,1.0,0.7738027352846424,-42.314912536601874,49.02176978715814,0.031618804114479815,1.7614564693354495,3.0,0.0,0.29612073837965835,0.29612073837965835
1524,1,0.02724423243835728,0.03224962557704251,0.5914978585339161,0.8054340862971362,1.3142997355404524,1.089799378269843e-8,4.395827617876407e6,-42.4313464161512,15.0,1.0,0.9719109960360738,-42.4313464161512,46.216063915695244,-0.0017191707483092955,-0.1556729307588185,3.0,0.0,0.29612073837965835,0.29612073837965835
1525,1,0.03264689780193793,0.03011676536122928,0.034140387918812895,1.9649053612604879,0.6620241310916328,5.0044229574376686e-8,4.38181518382233e6,-43.852833868848336,15.0,1.0,0.5530266193888757,-43.852833868848336,48.80229344587919,0.12497310547475848,45.60635941581358,3.0,0.0,0.29612073837965835,0.29612073837965835
1526,1,0.08330137997146714,0.08027242452013988,0.05652790406352104,1.9933335069737272,0.8795340630842909,3.729672179440652e-8,2.9080241388020464e6,-44.4321830779632,7.0,1.0,0.6011551088634853,-44.4321830779632,47.32748952649385,-0.032865134706796084,4.055532475643069,2.0,0.0,0.29612073837965835,0.29612073837965835
1527,1,0.07074265676094264,0.09374971696734291,0.3074295373980689,1.9886867695731882,0.09330520607717267,1.9432434122135257e-8,3.5461216271057636e6,-46.50276165495797,23.0,1.0,0.8040993533673513,-46.50276165495797,48.865078764268695,0.07707088394153772,53.43704799059928,4.0,0.0,0.29612073837965835,0.29612073837965835
1528,1,0.05612585166697717,0.08559420853890087,0.13889910346811468,1.9851782032117438,0.253918106900179,7.90900653718041e-8,3.5483404307456287e6,-44.5258503212288,15.0,1.0,0.9785193947333959,-44.5258503212288,50.46947747008628,-0.037280060063395126,0.23405312724592164,4.0,0.0,0.29612073837965835,0.29612073837965835
1529,1,0.04485985314756469,0.08418710401677588,0.06770708802402922,0.1247238094023379,0.25070585643910887,5.3210566374833255e-8,3.6621829218157097e6,-44.65344491827348,15.0,1.0,0.9990298152007805,-44.65344491827348,46.074197966230344,-0.01681281405527102,-0.1542775164484098,4.0,0.0,0.29612073837965835,0.29612073837965835
1530,1,0.07782283538444115,0.07221670436852905,0.26803408638364845,0.1895312859550058,0.2954110658231653,7.520942576572733e-8,7.096906763014084e6,-42.85000298041825,7.0,1.0,0.9741013577898008,-42.85000298041825,46.09291043320793,0.010699624014385734,-0.07010021655327137,3.0,0.0,0.29612073837965835,0.29612073837965835
1531,1,0.0709826961603503,0.06941230589913085,0.5759565726223589,0.39333734478958593,0.7854410741931775,8.911659941951306e-8,5.003823710831413e6,-41.274807912701434,7.0,1.0,0.9819057578595553,-41.274807912701434,44.78853923197134,-0.06862587913817464,0.13542998808320306,3.0,0.0,0.29612073837965835,0.29612073837965835
1532,1,0.04535410845355441,0.030908950480536344,0.21188822145054942,1.6351577447896974,0.74664123559957,2.7552432852404416e-8,4.192033467983213e6,-40.536644928904195,15.0,1.0,0.9771959373609501,-40.536644928904195,43.07149807205428,-0.003742075994040306,0.05736451424880329,4.0,0.0,0.29612073837965835,0.29612073837965835
1533,1,0.049535600596498884,0.07518241234343327,0.7435255135050324,1.016358183739454,0.5242621316283984,6.033437958415541e-8,4.186241681776772e6,-40.05936751114431,31.0,1.0,0.917339300185868,-40.05936751114431,42.207324552574086,-0.048215558255044755,0.4975821728383423,4.0,0.0,0.29612073837965835,0.29612073837965835
1534,1,0.07411457641354312,0.0333795091203119,0.0805366355944835,0.9548137694259228,0.8931940897880045,7.504424374324881e-8,2.135858913655125e6,-40.477113370659296,7.0,1.0,0.9762514474300646,-40.477113370659296,41.802848430405504,0.024573304974076393,0.041980829200447545,3.0,0.0,0.29612073837965835,0.29612073837965835
1535,1,0.02846464203698454,0.015183136654425812,0.4717894578429831,1.5495630762992865,1.1233823544948207,6.51705304546338e-8,8.638702972724356e6,-42.69646351099321,7.0,1.0,0.8642676420280517,-42.69646351099321,44.362130088725266,0.1632765980003157,0.22271682219356137,3.0,0.0,0.29612073837965835,0.29612073837965835
1536,1,0.08362308484256638,0.08268837492399395,0.18759562903652494,1.2523293214433338,1.0591896829777452,3.264240564317297e-8,1.8985992370988752e6,-41.158266588360235,15.0,1.0,0.9983161845569837,-41.158266588360235,43.62581703905292,-0.04073687389173131,-0.12868513456918151,4.0,0.0,0.29612073837965835,0.29612073837965835
1537,1,0.07964552961020971,0.05998801369467803,0.009499080846520166,1.4967957893518804,0.785623179490897,5.948746512152465e-8,2.5089568718724754e6,-42.037100277184166,7.0,1.0,0.988505411908293,-42.037100277184166,43.278495752164865,0.08388403583207804,-0.15036690345105796,3.0,0.0,0.29612073837965835,0.29612073837965835
1538,1,0.02496197753060512,0.021515335214115625,0.8511720215832518,0.6881146908495094,1.0073221552808524,4.269847970409702e-8,3.9054250364582124e6,-42.00538725064985,15.0,1.0,1.0,-42.00538725064985,44.694164495117185,-0.12402946068952758,-0.38342410819366535,4.0,0.0,0.29612073837965835,0.29612073837965835
1539,1,0.030602885515196333,0.0920615918497968,0.9262989275358688,1.8847035793630567,0.5365798224536955,6.603848744931219e-8,4.268862258431959e6,-44.49312310220855,15.0,1.0,0.784018602148196,-44.49312310220855,46.49178225655732,0.061728757400487666,80.27126605207468,3.0,0.0,0.29612073837965835,0.29612073837965835
1540,1,0.04750313723294562,0.04152071635709875,0.011322861497503708,1.3430817902277705,0.7247075006221133,4.996566186024798e-8,276264.92799114273,-41.75372740629332,23.0,1.0,0.37429736987264445,-41.75372740629332,48.91401909466278,-4.711657445618329,-4.711657445618329,4.0,0.0,0.29612073837965835,0.29612073837965835
1541,1,0.04412933773942581,0.029782946343423926,0.8411914323638525,1.3994044161261572,1.2326697853520174,2.4821922067076252e-8,4.1123632740304165e7,-45.067724092869454,7.0,1.0,0.5297106386750084,-45.067724092869454,49.58325639625449,0.6068170131366983,17.36055914491621,3.0,0.0,0.29612073837965835,0.29612073837965835
1542,1,0.09301884315085474,0.019941852089812796,0.5221333357840556,1.6766778049283302,1.1864401931313777,6.130262649934557e-8,1.2546848994801763e7,-43.833011597874254,7.0,1.0,0.7022311576284805,-43.833011597874254,51.47166245774305,0.023014015223971285,163.17429005630845,2.0,0.0,0.29612073837965835,0.29612073837965835
1543,1,0.057931974809061454,0.013262867195391735,0.6898114867925027,0.9978884949316799,0.9047297282835947,6.018059661715609e-8,3.8027892196349963e6,-41.54132086193161,7.0,1.0,0.9374699041723803,-41.54132086193161,46.842585699656325,0.04570133275630184,0.24982164493756187,3.0,0.0,0.29612073837965835,0.29612073837965835
1544,1,0.08934678260578373,0.028424985380817204,0.4494466690842935,0.6852354328203495,1.1425636856789134,7.50423517749215e-8,1.6399730889734237e7,-43.116391848156596,7.0,1.0,0.7867324344273897,-43.116391848156596,47.20875186565926,0.23005816262080003,0.3098677280966271,3.0,0.0,0.29612073837965835,0.29612073837965835
1545,1,0.09519574274724911,0.029955173491524024,0.2290042520674518,1.5905523711558427,0.9528495147153454,8.53809585069438e-8,4.916890369739864e6,-42.49876937719221,7.0,1.0,1.0,-42.49876937719221,46.39894624717148,-2.375141808320379,-2.802368048662835,3.0,0.0,0.29612073837965835,0.29612073837965835
1546,1,0.020517732216089393,0.07888724192337448,0.5235654909551098,0.8448562350489255,1.269103080917258,2.77744620156099e-8,6.565732339457478e6,-42.05905510231426,15.0,1.0,0.9507989630018179,-42.05905510231426,45.713186157102115,0.003423876130952408,0.7130054469688503,3.0,0.0,0.29612073837965835,0.29612073837965835
1547,1,0.025407133664769196,0.04047174763005242,0.5184767404668338,0.49198263472141746,0.19639669497924617,3.4266949937237925e-8,2.7957661384296315e6,-41.712836679830325,15.0,1.0,0.995673227422716,-41.712836679830325,44.58430703710575,-0.0073067928464070064,-0.11090499874843829,4.0,0.0,0.29612073837965835,0.29612073837965835
1548,1,0.08666905045444588,0.07122913767978396,0.3322745417932598,1.646989468095811,0.9849773320933715,6.051120382068968e-8,1.6809894892204774e6,-41.85034122805256,15.0,1.0,0.8943949887112516,-41.85034122805256,44.64816224160935,0.3311700009388616,0.3311700009388616,4.0,0.0,0.29612073837965835,0.29612073837965835
1549,1,0.07425230522684567,0.08727499008361096,0.210072667516644,1.3854464047536004,1.2162400983875465,4.826294601215466e-8,3.6858826888557537e6,-41.020626353429115,15.0,1.0,0.8699059233609235,-41.020626353429115,43.929189465731554,0.049723754726237246,0.5569471623490969,3.0,0.0,0.29612073837965835,0.29612073837965835
1550,1,0.04229303352190135,0.01352128931563153,0.6990404271343775,1.4121049872745608,0.41948004595380606,6.48093657294449e-8,1.2446699790963558e7,-43.15477774436205,7.0,1.0,0.9204467928882184,-43.15477774436205,44.56748013003666,0.13795949400651608,0.13795949400651608,3.0,0.0,0.29612073837965835,0.29612073837965835
1551,1,0.07205801875066842,0.012794367216459334,0.0626004728800235,1.4147753093872522,0.7465236297027942,9.396486679191441e-8,2.0697738966664707e6,-43.24378456632436,7.0,1.0,0.9627645660547147,-43.24378456632436,46.36353787392173,-0.1459807725920399,0.3019812029658482,3.0,0.0,0.29612073837965835,0.29612073837965835
1552,1,0.09141694001295209,0.011637973344704308,0.22534649885151006,0.8292571418975977,0.4992252876640065,9.857984321657919e-8,3.4265941281450544e6,-45.89355874478158,7.0,1.0,0.9666303837293676,-45.89355874478158,47.27731588785534,0.0545214059842678,-0.12547293236243462,3.0,0.0,0.29612073837965835,0.29612073837965835
1553,1,0.08042866186111229,0.013655883195674377,0.03663089914064237,0.5982024198288461,0.6087470442735022,9.73537422540614e-8,2.016731720072557e6,-46.090457663294345,7.0,1.0,0.9613321337943596,-46.090457663294345,48.627357306548895,0.2826217729132594,0.2826217729132594,3.0,0.0,0.29612073837965835,0.29612073837965835
1554,1,0.04370491729564656,0.013078944867883625,0.39035160198473323,1.4736816256906318,0.6024697868278152,9.512234719486606e-8,5.382971177388543e6,-43.38289321086201,7.0,1.0,1.0,-43.38289321086201,47.546865691669986,-0.2511567217313413,-0.3070967293147646,3.0,0.0,0.29612073837965835,0.29612073837965835
1555,1,0.05474089577370466,0.08936970984668731,0.4099167801436163,1.2966352714956333,0.9673628490055437,6.845120680973506e-8,5.719198652996679e6,-40.67610442807929,7.0,1.0,0.9972038077346641,-40.67610442807929,44.241035338698005,-0.06180773701764508,-0.10179803205355853,3.0,0.0,0.29612073837965835,0.29612073837965835
1556,1,0.054896359803626525,0.09255963721671588,0.13914105910461888,1.7910589716136214,0.08053546930786283,2.547781560460149e-8,4.225455631794743e6,-43.8903215530523,15.0,1.0,0.8969574262900919,-43.8903215530523,49.30541265778186,0.1326946418789987,0.25927920313388597,4.0,0.0,0.29612073837965835,0.29612073837965835
1557,1,0.028015415235195247,0.0873710842941197,0.7937881360502157,1.5838491244035835,0.9399083935041052,2.9306380116648818e-8,2.697137569485242e7,-44.2332746832028,9.0,1.0,0.7608799725740896,-44.2332746832028,49.32732965413435,-0.08238853089211062,1675.597941198529,3.0,1.0,0.29612073837965835,0.29612073837965835
1558,1,0.034869685468746074,0.06872782161954526,0.2680888892331982,0.7364646637056791,0.46974636946599124,1.0663492089665901e-8,2.5141192578749947e7,-43.48183211848621,15.0,1.0,0.6373921732871148,-43.48183211848621,46.75383009809585,-0.0436086723404685,3.975096610574454,4.0,0.0,0.29612073837965835,0.29612073837965835
1559,1,0.09141614754692017,0.02552685613524116,0.6314184484803517,1.591588933327744,1.005374425280808,8.113770137335384e-9,1.2870765786574252e6,-46.739254752169444,15.0,1.0,0.43402800965791505,-46.739254752169444,48.513765830976425,1.7194543279318069,2.9554337643281485,4.0,0.0,0.29612073837965835,0.29612073837965835
1560,1,0.0944262864105123,0.034673836187954325,0.09680311918995227,0.4070964689823414,0.5658914382881207,2.3039326764722054e-8,4.3117324089922585e7,-46.40334032999848,7.0,1.0,0.9304049563920345,-46.40334032999848,49.435100079683714,0.1261130904542398,-1.8577912898652826,3.0,0.0,0.29612073837965835,0.29612073837965835
1561,1,0.09315343727611466,0.049486697309614004,0.741619891486778,0.6860786962085075,1.1045061985489113,9.404510931937763e-8,8.177525047250442e6,-43.478286891164146,15.0,1.0,0.4749307166924798,-43.478286891164146,49.34801961500179,-0.08726618834531052,4.753100308158402,4.0,0.0,0.29612073837965835,0.29612073837965835
1562,1,0.014314269623870878,0.059776664973323915,0.7293756751729428,0.13243907735983254,0.9693121035559564,2.4687022010588795e-9,2.5617722096348885e6,-47.21968404386678,15.0,1.0,0.9666414472292383,-47.21968404386678,51.25526194396794,0.08525322692017312,-0.14501290296507818,3.0,0.0,0.29612073837965835,0.29612073837965835
1563,1,0.08474678392254786,0.039608757324196636,0.185909282192587,0.1403312256776943,0.5209947926055294,3.137786131186785e-8,9.391940497969577e6,-43.930957936669216,15.0,1.0,0.9846163899304486,-43.930957936669216,48.68736517690463,0.011096498323851733,0.14326973009984556,4.0,0.0,0.29612073837965835,0.29612073837965835
1564,1,0.03171611190681621,0.06786254050054627,0.6015594346114843,1.9206952688385222,0.8617255837834704,6.186408675322991e-8,7.1725766317887865e6,-42.10518127378127,15.0,1.0,0.9750297792358005,-42.10518127378127,46.35455915982702,-0.06129960435369952,0.2851930017857356,4.0,0.0,0.29612073837965835,0.29612073837965835
1565,1,0.09658834763449253,0.03823173551944386,0.9565297361238332,1.9770824953108055,0.337432426816714,9.329547786390707e-8,4.113623989317298e6,-50.29259380132055,7.0,1.0,0.8371379530982236,-50.29259380132055,51.77902218277772,0.20712923808306272,0.274542865437887,3.0,0.0,0.29612073837965835,0.29612073837965835
1566,1,0.012817051686280136,0.08777975565819439,0.004746440303264466,0.20118627021816538,1.2272271284224516,6.652824405409397e-9,4.8542763334773285e6,-49.99674980954222,15.0,1.0,0.993842431268762,-49.99674980954222,52.99764806113764,0.03582135673222098,-0.30066634055770436,4.0,0.0,0.29612073837965835,0.29612073837965835
1567,1,0.011929598612572312,0.03781846794588058,0.10165888560337144,0.7474779615177589,0.8721529111586968,5.969728454633411e-8,2.808130958166932e6,-43.310534262510245,7.0,1.0,0.9974877494349919,-43.310534262510245,52.5398342641232,-0.19251849889251815,-0.3054310446280084,3.0,0.0,0.29612073837965835,0.29612073837965835
1568,1,0.010875802796591167,0.06195342188786598,0.059654130540657935,0.7393116145703607,0.36779850388496876,5.858169989647766e-8,3.143289639330068e6,-44.54300831746324,7.0,1.0,0.9698820481173761,-44.54300831746324,45.82552438930084,0.005554263959069772,0.08896441290704615,3.0,0.0,0.29612073837965835,0.29612073837965835
1569,1,0.036684064475863636,0.027469232386017006,0.09102817060366304,1.6436827825521745,0.07194150933713908,1.2049868584815537e-9,4.079615070081528e6,-46.37767680162449,15.0,1.0,0.914689755906277,-46.37767680162449,52.23711630376327,0.06103799267747689,0.1545578271782162,4.0,0.0,0.29612073837965835,0.29612073837965835
1570,1,0.05418416768302598,0.0807386994655439,0.35467802695779954,1.4778817459671896,0.11608546269959477,4.031552354164621e-9,8.299249950434572e6,-43.9018736924583,7.0,1.0,0.6716085972228584,-43.9018736924583,49.74068335030461,-0.05306837526551078,1544.7875218208017,2.0,1.0,0.29612073837965835,0.29612073837965835
1571,1,0.015646664812450705,0.0586658320023403,0.7660592117339008,0.9719209158444574,1.3883628554470138,9.458366078588713e-8,1.9599253842572458e7,-46.945408224344504,15.0,1.0,0.9344642832991715,-46.945408224344504,50.56970688163753,-0.22057554992605333,-0.57848508104437,4.0,0.0,0.29612073837965835,0.29612073837965835
1572,1,0.04837885126532992,0.09374837708536271,0.41080286317574083,0.8661420257523014,0.08665811588670078,9.429396607359018e-9,7.124480691796491e6,-44.04363932661133,15.0,1.0,0.9042247099367365,-44.04363932661133,52.95704283527381,-0.07130463135817422,7.066751678355978,3.0,0.0,0.29612073837965835,0.29612073837965835
1573,1,0.05259551160432854,0.0785057062015491,0.9065413701062498,1.548118059803892,1.326088678650719,2.6775668903016805e-9,2.887238254121532e6,-45.39896845387591,15.0,1.0,0.9708200356660013,-45.39896845387591,49.08135404247423,-0.01522826582830561,0.2866513635315542,4.0,0.0,0.29612073837965835,0.29612073837965835
1574,1,0.05505569751558342,0.026701924826463705,0.03951284529285576,1.497846853564572,0.13959899363316303,9.037752552232182e-8,799099.000233707,-44.230615093025826,15.0,1.0,0.9992481089706868,-44.230615093025826,45.59292447233132,-1.2740507275974053,-1.2740507275974053,4.0,0.0,0.29612073837965835,0.29612073837965835
1575,1,0.05125162719009319,0.025026858807801602,0.03883404448381517,1.5020269819505097,0.24581323172992742,9.435680884820079e-8,1.0264434198077887e6,-43.39379660357572,15.0,1.0,0.07467035256920121,-43.39379660357572,45.75220008101384,-0.757856482520566,5.606143240149102,3.0,0.0,0.29612073837965835,0.29612073837965835
1576,1,0.05368903787094617,0.017072128237481575,0.03988591560495459,1.4495481714914173,0.6252869986752829,9.208282589617262e-8,2.772628044097267e6,-42.47279109139096,7.0,1.0,0.2209679746499787,-42.47279109139096,45.40463913282918,0.3987497788554606,11.345286070921901,3.0,0.0,0.29612073837965835,0.29612073837965835
1577,1,0.04034451555844435,0.012719577694243488,0.058951243100836076,1.1321225307785114,0.4534497685924617,6.42890426271098e-8,2.0900871352903692e6,-42.516121567847904,7.0,1.0,0.9809237292241891,-42.516121567847904,44.83319878132498,0.008400568072943315,-0.10345526514528558,3.0,0.0,0.29612073837965835,0.29612073837965835
1578,1,0.02150708719297687,0.09553401353634902,0.6232796353228309,1.8985686071074839,0.9202548763275791,8.476104527543083e-8,7.821857264983843e6,-44.73354222373709,7.0,1.0,0.9527026050286082,-44.73354222373709,47.08851700363927,0.06810753817917714,0.09437412473602791,3.0,0.0,0.29612073837965835,0.29612073837965835
1579,1,0.06486402445032675,0.06524010103248394,0.7678547799059638,0.8113410416388361,1.0289290576176031,9.962596636219476e-8,3.5421207143660565e6,-43.9395326761781,15.0,1.0,0.9837035172920757,-43.9395326761781,49.48788896477848,-0.1461251628608764,-0.2035984353191509,3.0,0.0,0.29612073837965835,0.29612073837965835
1580,1,0.07119627621691053,0.05949547881514561,0.6545822860110727,1.0056282070818579,1.0888350125482367,9.456516346280603e-8,4.9655327295520585e6,-41.51602638754157,7.0,1.0,0.998625364706227,-41.51602638754157,44.606695247900184,-0.01966088379656128,-0.12705629782458772,3.0,0.0,0.29612073837965835,0.29612073837965835
1581,1,0.04434026850291316,0.035950154619732784,0.22531747604719135,1.736320709575456,0.39797670024166887,2.1058790758161873e-8,2.894529617021373e6,-41.073293108623915,15.0,1.0,0.9617163917669451,-41.073293108623915,44.22604488246755,-0.03007536742084227,0.14548040460286416,4.0,0.0,0.29612073837965835,0.29612073837965835
1582,1,0.05950808212723788,0.07331505201309903,0.2443171686548124,0.6202891531684571,1.3187908814416727,1.1719621694981755e-8,3.8651176162917907e6,-42.0538938500377,15.0,1.0,0.9345016091362253,-42.0538938500377,45.71476326205596,0.040741160931411,0.1127312537355607,3.0,0.0,0.29612073837965835,0.29612073837965835
1583,1,0.03533573223331512,0.04754503514985256,0.5779640642681735,1.419989889748865,0.30987129801345065,4.470845557787521e-8,5.427601076275867e6,-40.335624701727355,7.0,1.0,0.9957345121234992,-40.335624701727355,42.7147385302209,-0.03743423937861223,-0.0756226379184497,3.0,0.0,0.29612073837965835,0.29612073837965835
1584,1,0.05550580327251906,0.07527639477375037,0.6603096703506746,1.7949509572421156,0.9708102222941226,1.4510959175988795e-8,3.5271293952990165e6,-41.44845723621421,15.0,1.0,0.9711024902857325,-41.44845723621421,42.72704896694545,0.02096484420123801,0.06618740845183169,3.0,0.0,0.29612073837965835,0.29612073837965835
1585,1,0.04839761030576432,0.05991966631441654,0.6908131450718498,1.7838049194078642,0.7593711599859884,1.2569097416623569e-8,2.4862489898269023e6,-41.73829921310807,15.0,1.0,0.9559352531941313,-41.73829921310807,43.217912788985934,0.057008156114584096,0.1342842576520269,3.0,0.0,0.29612073837965835,0.29612073837965835
1586,1,0.042598241974363814,0.05261890699904518,0.30144892355000663,1.506704690894244,0.9557889741705459,6.970503317648831e-10,8.528070285481427e6,-44.44774221985878,15.0,1.0,0.9801497514632842,-44.44774221985878,45.52811088251501,0.04154030068832526,-0.1076671417440096,4.0,0.0,0.29612073837965835,0.29612073837965835
1587,1,0.07758726353931374,0.057465308453201074,0.6267356812465306,0.31205548198303734,0.20494915784998183,3.529170850392214e-8,1.1748515655060034e7,-42.62764284925217,15.0,1.0,0.9793977797772527,-42.62764284925217,48.718867794522566,-0.010242355050614549,-1.13142082602905,3.0,0.0,0.29612073837965835,0.29612073837965835
1588,1,0.08729919125984849,0.06185865899734497,0.5511225544053101,1.6730204735887542,0.11665581694011412,2.0525546999010287e-8,3.230375550630095e6,-42.33472230694575,15.0,1.0,0.979827569945871,-42.33472230694575,44.74402455076961,0.0012520269704054954,0.32045056140075445,4.0,0.0,0.29612073837965835,0.29612073837965835
1589,1,0.027943251813032748,0.04418708128965981,0.13228259034639417,1.78324049489972,0.49102221126500545,7.081730291211232e-8,1.4606528661850503e7,-43.18119799847856,15.0,1.0,0.8073215441659478,-43.18119799847856,46.67476844967438,0.11541919644995602,0.9046941396643007,4.0,0.0,0.29612073837965835,0.29612073837965835
1590,1,0.05059073341951845,0.08357860449814922,0.5846549818568398,1.2333029171914394,0.979756189195912,4.921181082447691e-8,4.170761335605755e7,-43.393475124357565,7.0,1.0,0.7263041336478817,-43.393475124357565,46.34022390469111,-0.04089552496332516,5.511603159573262,3.0,0.0,0.29612073837965835,0.29612073837965835
1591,1,0.03600306561077877,0.09891173521771326,0.24753628315348994,1.2662257863909891,0.45375461787979554,6.13154797639238e-8,1.9209244758396032e6,-44.25842327891974,7.0,1.0,0.7780248557177936,-44.25842327891974,46.192507045232745,-0.625225840991007,1.73681694857288,3.0,0.0,0.29612073837965835,0.29612073837965835
1592,1,0.03664780179685629,0.04976304144059004,0.012867999873836296,1.5688542790696829,0.41943281974105445,2.8680694999512267e-8,1.2007930750929222e7,-44.11990699083468,15.0,1.0,0.6069336427439647,-44.11990699083468,48.21651485718198,0.6200561050547932,0.8517720460256086,4.0,0.0,0.29612073837965835,0.29612073837965835
1593,1,0.025243568420858824,0.02699113681138439,0.011159494369602684,1.531699628854831,0.21146791793674197,2.2933952092347966e-8,3.825276081763142e6,-44.07113471862975,7.0,1.0,0.5674925442738576,-44.07113471862975,46.52719138078227,-0.009644066867359413,50.30374922115541,3.0,0.0,0.29612073837965835,0.29612073837965835
1594,1,0.06643598851390281,0.04352783658278035,0.024054543649185498,1.1843733531580594,0.12398030721541166,2.040614850432962e-8,2.401712932579803e6,-41.38381084117938,15.0,1.0,0.3385912290273961,-41.38381084117938,45.738977929768296,-0.1571657336596033,9.252568567108106,3.0,0.0,0.29612073837965835,0.29612073837965835
1595,1,0.053375703530240876,0.03170306058606946,0.1148883627145038,1.1601429932513359,1.2061666078199036,7.777087499744428e-8,1.373325825015146e6,-42.94173956470772,15.0,1.0,0.5054264715130427,-42.94173956470772,45.092958097888086,0.4484186882485659,32.9792673381766,3.0,0.0,0.29612073837965835,0.29612073837965835
1596,1,0.06336884562440148,0.07447740110427559,0.01785645623685368,1.9182736626134136,0.6011868258643602,1.1181019444598084e-8,5.430860017537082e6,-44.209149175195755,11.0,1.0,0.790480006416222,-44.209149175195755,46.13969427707579,-0.23122863156878992,6.319313989768382,3.0,0.0,0.29612073837965835,0.29612073837965835
1597,1,0.06079705805567675,0.026412592070553423,0.8963805060038856,0.3627303285643394,0.8848078678292792,9.463322655101344e-8,2.522683579145336e6,-44.12183993927076,15.0,1.0,0.995585624235512,-44.12183993927076,46.767723900630926,-0.06695272646777539,-0.255692978592144,3.0,0.0,0.29612073837965835,0.29612073837965835
1598,1,0.06606173653275933,0.09914575743764142,0.6896280668231602,0.40151941889449283,0.5235488378475067,2.7985001459862296e-8,7.796537208905857e6,-44.32368512449784,15.0,1.0,0.9937967218348898,-44.32368512449784,48.76240021030712,-0.049344642075880074,-1.12021673277944,4.0,0.0,0.29612073837965835,0.29612073837965835
1599,1,0.053153605204191656,0.0978037591692122,0.6391271616418639,0.46285059872846357,0.5139719947260385,1.1950168639507936e-8,1.1030001760668512e7,-44.24541588500814,15.0,1.0,0.9644794978758691,-44.24541588500814,48.592960223496014,0.0336586223599582,0.17408569544338803,3.0,0.0,0.29612073837965835,0.29612073837965835
1600,1,0.04828634457110987,0.0968727943930578,0.3674774786943918,1.6560114719074892,0.9155951812212284,6.663183075238405e-8,7.828722222890678e6,-42.5843033471717,15.0,1.0,0.9811550302487686,-42.5843033471717,46.72578648444661,-0.04626427381536047,-0.263846598003596,3.0,0.0,0.29612073837965835,0.29612073837965835
1601,1,0.08106252431426098,0.012491157886357674,0.3019287749066465,1.2039355084747438,0.04623885443126835,2.4717483935279696e-8,5.967360917375635e6,-45.37203215548685,15.0,1.0,0.8892746635395168,-45.37203215548685,49.379744270463924,0.12696272668738828,0.25413058010887823,4.0,0.0,0.29612073837965835,0.29612073837965835
1602,1,0.0734951378908571,0.014904511971473734,0.4564694972706433,0.8242550173600743,0.042338198956332444,1.722801846303882e-8,1.4279216473107727e7,-46.22767257791945,7.0,1.0,0.964004423672838,-46.22767257791945,47.739700688675555,0.02886944981094075,-0.6063033251200309,3.0,0.0,0.29612073837965835,0.29612073837965835
1603,1,0.03575524545970716,0.04076943789580273,0.448449168562565,0.517594460102576,0.30405970857400894,6.418094392344729e-8,3.3102346814781e6,-40.618071019471174,7.0,1.0,0.9713554421786499,-40.618071019471174,47.27418069179999,-0.378442609985818,-0.378442609985818,3.0,0.0,0.29612073837965835,0.29612073837965835
1604,1,0.05908105612307194,0.0223740284612007,0.03974192289499879,0.7187793370086094,0.28962839511438115,9.228560680981106e-8,3.439752109709749e6,-43.05840300414248,15.0,1.0,0.9322204225652702,-43.05840300414248,44.49165241826416,0.08418787061066269,0.13585178841802303,4.0,0.0,0.29612073837965835,0.29612073837965835
1605,1,0.03609269086554565,0.0905260765939178,0.31216790317868637,1.7544922982704159,0.8000001587459957,3.044446531758118e-8,2.224987898744264e6,-42.16443726466916,15.0,1.0,0.8276338982013773,-42.16443726466916,46.237629605217506,-0.031201213743905498,0.414033911151229,3.0,0.0,0.29612073837965835,0.29612073837965835
1606,1,0.08722551519661607,0.03904364049511245,0.18719488627167025,1.2980279815704314,0.1968650429397912,7.233605104101673e-8,5.68118727650555e6,-41.660625914048566,15.0,1.0,1.0,-41.660625914048566,43.7556387512308,-0.0922457109294541,-0.1889144784475647,3.0,0.0,0.29612073837965835,0.29612073837965835
1607,1,0.0710885902109002,0.03269292326624837,0.10023254310366976,0.8966423416119322,0.19550362828903312,7.4684618291459e-8,7.015859736815936e6,-42.026472144749015,15.0,1.0,0.9880066024220612,-42.026472144749015,43.24570885125494,0.019129238715343888,-0.10452090320750784,4.0,0.0,0.29612073837965835,0.29612073837965835
1608,1,0.06976904547880301,0.04266627418627504,0.09119300025430131,0.9022671992064565,0.1005025414158174,6.724462792712502e-8,2.1761065873513096e6,-41.67086872279831,7.0,1.0,0.14332423913005907,-41.67086872279831,46.941189888230625,-0.46644168524028373,19.431419168806258,3.0,0.0,0.29612073837965835,0.29612073837965835
1609,1,0.07586859996011801,0.05681187067757397,0.10988151403702845,1.1013157348747655,0.08459101905094277,6.626905155345242e-8,3.6199547017084165e6,-41.760540794136304,7.0,1.0,0.9918892780539865,-41.760540794136304,42.287628000612415,0.01222432848416588,-0.05350529500261558,3.0,0.0,0.29612073837965835,0.29612073837965835
1610,1,0.0694747216388282,0.03976107175235285,0.05770733275741484,0.6452481783196068,0.949592024771308,3.248128402186934e-8,1.3873592201812158e6,-41.11208988233893,13.0,1.0,0.8487753584584488,-41.11208988233893,43.601096225101266,0.13925886128291864,9067.185600650426,3.0,1.0,0.29612073837965835,0.29612073837965835
1611,1,0.09096362171153928,0.03579017537120306,0.6615224441586376,1.6973092172021635,0.37525444048640355,8.248042244221702e-8,8.544922474720145e6,-42.71466727996773,7.0,1.0,0.9964400749134141,-42.71466727996773,44.631101336734815,-0.00848511545904529,-0.15283972607020502,3.0,0.0,0.29612073837965835,0.29612073837965835
1612,1,0.08925360083524032,0.039543570156468304,0.6528082818249382,1.399514932815778,0.9341577082121154,6.599417246702612e-8,4.903840195776665e6,-40.75908463944638,7.0,1.0,0.9946748305903428,-40.75908463944638,43.82484644536529,-0.08670938306379838,-0.15584159305212353,3.0,0.0,0.29612073837965835,0.29612073837965835
1613,1,0.08661201934669376,0.04261904143272346,0.4278972547530114,1.3069206171591687,1.0868380142827125,6.126936357836509e-8,3.32501090116387e6,-40.30850816188946,7.0,1.0,1.0,-40.30850816188946,41.12567944176977,-0.022896739217159734,-0.044648031027563206,3.0,0.0,0.29612073837965835,0.29612073837965835
1614,1,0.027551978213751646,0.03935174239143026,0.5742034432749491,1.5402822392646138,0.8587904007131428,3.156698868429529e-8,2.234102980404816e6,-41.27841014874781,15.0,1.0,0.953680501972957,-41.27841014874781,44.885005434947544,-0.312211671001144,-0.4110324694370888,4.0,0.0,0.29612073837965835,0.29612073837965835
1615,1,0.08581385609672851,0.06436728211623843,0.27221950415332413,1.399563949129889,0.5696821892706679,5.555106218685971e-8,4.778905408833549e6,-40.200533086698044,7.0,1.0,0.9857106202087046,-40.200533086698044,42.995406218824364,-0.05960083078488054,-0.05960083078488054,3.0,0.0,0.29612073837965835,0.29612073837965835
1616,1,0.06347524941000313,0.028285684561824044,0.806648126328548,0.4878153682183608,1.2183215541682793,7.739718230246091e-8,4.655611787708051e6,-41.90959978726514,7.0,1.0,0.9480215864053999,-41.90959978726514,44.050853812491226,0.052431446493024225,0.09441731639252993,3.0,0.0,0.29612073837965835,0.29612073837965835
1617,1,0.09043772898879764,0.09447769894902107,0.36784482169447913,0.2931261291842071,0.22287980886712114,8.838168492660692e-8,3.5066726832350176e6,-44.424812322028465,7.0,1.0,0.9715146692997114,-44.424812322028465,45.99011920919511,0.061946902827358485,0.07987657552761362,3.0,0.0,0.29612073837965835,0.29612073837965835
1618,1,0.052003312059984826,0.06038227718245407,0.1556976565086463,0.6948616999764664,0.7584511425062564,2.6871071082038826e-8,1.0587209893924067e7,-41.222390053598275,7.0,1.0,0.9372394759875,-41.222390053598275,46.49632071495091,-0.005709889534678325,0.215231983203779,3.0,0.0,0.29612073837965835,0.29612073837965835
1619,1,0.09787341093893741,0.06241377818784536,0.7430531502801997,1.668320649790481,0.2630197441130923,2.3027846389063514e-8,3.2080983535256856e6,-43.45228698760094,15.0,1.0,0.9532938817501377,-43.45228698760094,45.30587166765947,0.06428353600652059,0.3677765318442212,3.0,0.0,0.29612073837965835,0.29612073837965835
1620,1,0.09795815617463619,0.07076423288298529,0.3078599098439921,1.1981919788837416,0.2952207582067135,3.783188788603746e-8,4.410979800752263e6,-42.32400396605208,7.0,1.0,0.995300610797522,-42.32400396605208,45.03687023354951,-0.040058861229141485,-0.053480988945814545,3.0,0.0,0.29612073837965835,0.29612073837965835
1621,1,0.07165250169354115,0.039983158007797025,0.04208037305905965,1.170645642231144,0.29555631640656127,7.51260823044217e-9,1.4780878484884847e6,-40.74171779445677,15.0,1.0,0.567623622458667,-40.74171779445677,45.67900547118914,-0.18046974466653865,6.784746200062486,3.0,0.0,0.29612073837965835,0.29612073837965835
1622,1,0.08113372932637505,0.011637133678371363,0.036446243521134944,1.6986215099466293,0.7434981149045714,3.6101630334963026e-8,376978.7090927468,-41.38337173265417,11.0,1.0,0.77447699360183,-41.38337173265417,43.02446629988943,-0.7125885079394294,Inf,3.0,1.0,0.29612073837965835,0.29612073837965835
1623,1,0.08113372932637505,0.011637133678371363,0.036446243521134944,1.6986215099466293,0.7434981149045714,3.6101630334963026e-8,376978.7090927468,-41.38337173265417,1.0,1.0,4.6658533569060285e-45,-41.38337173265417,44.30452172627411,0.0,102.07605843963654,1.0,0.0,0.29612073837965835,0.29612073837965835
1624,1,0.08113372932637505,0.011637133678371363,0.036446243521134944,1.6986215099466293,0.7434981149045714,3.6101630334963026e-8,376978.7090927468,-41.38337173265417,7.0,1.0,0.0045776084754799665,-41.38337173265417,45.059339635648605,0.0,Inf,2.0,1.0,0.29612073837965835,0.29612073837965835
1625,1,0.08113372932637505,0.011637133678371363,0.036446243521134944,1.6986215099466293,0.7434981149045714,3.6101630334963026e-8,376978.7090927468,-41.38337173265417,1.0,1.0,3.911853873013648e-82,-41.38337173265417,47.69000094935091,0.0,187.44796622756095,1.0,0.0,0.29612073837965835,0.29612073837965835
1626,1,0.08113372932637505,0.011637133678371363,0.036446243521134944,1.6986215099466293,0.7434981149045714,3.6101630334963026e-8,376978.7090927468,-41.38337173265417,7.0,1.0,3.973346830157826e-13,-41.38337173265417,46.34022632322865,0.0,104.07396762682038,3.0,0.0,0.29612073837965835,0.29612073837965835
1627,1,0.07122156684173697,0.017594500407875385,0.025978780996785224,1.8181419838535422,0.46244050042090246,9.029383164876931e-9,366399.9417100829,-39.837122228422494,5.0,1.0,0.46697300300650896,-39.837122228422494,43.357526123149384,0.0015349520599556854,1356.3100645604488,2.0,1.0,0.29612073837965835,0.29612073837965835
1628,1,0.07122156684173697,0.017594500407875385,0.025978780996785224,1.8181419838535422,0.46244050042090246,9.029383164876931e-9,366399.9417100829,-39.837122228422494,1.0,1.0,7.981165820729394e-19,-39.837122228422494,41.139021714756055,0.0,41.672032273272436,1.0,0.0,0.29612073837965835,0.29612073837965835
1629,1,0.04642168373372151,0.04668288536465894,0.005648914483726329,1.307100601970134,0.6074466010728113,7.060694235124786e-9,618920.7392957042,-40.0706574031965,11.0,1.0,0.5454545455384753,-40.0706574031965,44.270474854447116,-0.46290422520467445,470.10182737049064,3.0,0.0,0.29612073837965835,0.29612073837965835
1630,1,0.08410284824904088,0.08530482618080207,0.02469314133576879,0.5978179068741819,1.3340614593428546,1.3596528076478138e-8,1.4034723681436053e6,-43.19377233932515,9.0,1.0,0.6265550218652373,-43.19377233932515,45.42559293717402,0.13978102371130774,164302.87860690357,3.0,1.0,0.29612073837965835,0.29612073837965835
1631,1,0.08410284824904088,0.08530482618080207,0.02469314133576879,0.5978179068741819,1.3340614593428546,1.3596528076478138e-8,1.4034723681436053e6,-43.19377233932515,3.0,1.0,0.5925320826094921,-43.19377233932515,49.798866823530894,0.0,74182.59014987033,1.0,1.0,0.29612073837965835,0.29612073837965835
1632,1,0.031909556102457104,0.0659238173268338,0.040845094429564424,0.9142621816973856,1.1624707889642059,1.167874835440445e-8,3.0287262272179076e6,-42.30160693130409,7.0,1.0,0.9045045396143454,-42.30160693130409,46.9785179127232,0.06356843476427798,0.6457332967262701,3.0,0.0,0.29612073837965835,0.29612073837965835
1633,1,0.08402683552901546,0.05285446883201994,0.8807960375896142,1.2181073574476013,0.30168935560081134,8.584567372243778e-8,3.5011133124621226e6,-42.230269962552306,15.0,1.0,0.9999190790454873,-42.230269962552306,42.76726222889868,-0.004101433295375045,-0.11113212855746468,4.0,0.0,0.29612073837965835,0.29612073837965835
1634,1,0.03535855960115428,0.018737701423947498,0.05304185154453053,0.7343178617760031,0.517778506617851,7.79132562323184e-9,2.8317406101803635e6,-43.03641262424321,15.0,1.0,0.9467064590622325,-43.03641262424321,45.77340764062125,0.0427753916952085,0.22364686284736734,4.0,0.0,0.29612073837965835,0.29612073837965835
1635,1,0.016462986457468458,0.033305448153296446,0.1665841941135921,1.6399834725200675,0.6583898615392648,2.7917576574387725e-8,1.5745851495719366e7,-43.7318646602888,7.0,1.0,0.8064843829630581,-43.7318646602888,48.72391353847945,0.2029768251197055,0.32340746834179157,3.0,0.0,0.29612073837965835,0.29612073837965835
1636,1,0.08440081467246252,0.07539155212594156,0.8792618834168059,1.4697962568913587,1.2098952746304423,8.318326806956151e-8,2.8236523406800716e6,-42.86798765574098,15.0,1.0,0.9799424552256023,-42.86798765574098,45.924599943701764,-0.24415700314015965,0.31283993148301903,4.0,0.0,0.29612073837965835,0.29612073837965835
1637,1,0.05253323462452177,0.09401989537133108,0.9339288637540495,1.4937240813230008,0.433818272049689,8.972022278907505e-8,5.578241652119818e6,-44.537131319576105,7.0,1.0,0.9919091724309987,-44.537131319576105,46.38089123376241,0.014977204209223771,-0.11589285429021601,3.0,0.0,0.29612073837965835,0.29612073837965835
1638,1,0.03403018727625291,0.08333271589015484,0.9342334500772371,1.2227659826523605,0.23360933376116508,5.684940254978878e-8,5.566280390771572e6,-43.237838014976,7.0,1.0,0.9961465266667384,-43.237838014976,46.25950319050515,-0.03646213575535029,-0.1428819382364992,3.0,0.0,0.29612073837965835,0.29612073837965835
1639,1,0.02338222035428121,0.056425639920849,0.28847075118949544,1.070726858529044,1.2727868467682053,4.092134163040906e-8,3.3431706730858246e6,-41.18182492531303,11.0,1.0,0.9045313350119859,-41.18182492531303,44.74125559186448,-0.08599346229020455,55.587569948023464,3.0,0.0,0.29612073837965835,0.29612073837965835
1640,1,0.019041823843934796,0.044161716706837585,0.30330805251141285,1.337350787725895,1.253047793505708,4.5508171932364024e-8,2.8188712213686537e6,-41.70282113788384,23.0,1.0,0.9884754431120281,-41.70282113788384,42.618712076925924,0.03933796148173485,0.047956814386502344,4.0,0.0,0.29612073837965835,0.29612073837965835
1641,1,0.03880340302312995,0.05791301184945068,0.03843562501047303,0.9177858799897106,1.301190535662813,1.5907732429216492e-8,2.913124795216221e6,-42.23358269042587,15.0,1.0,0.9028713752300334,-42.23358269042587,48.21387174969408,-0.013243315246796783,0.17116932261465223,4.0,0.0,0.29612073837965835,0.29612073837965835
1642,1,0.09283429234209684,0.04508433935909215,0.028869994952349338,1.517433422000764,1.4034496709402378,1.3742306132432888e-8,272946.68990207126,-44.21904108599421,7.0,1.0,0.9846309063233252,-44.21904108599421,46.086876258793936,0.10349307549030584,-0.2341600585475021,3.0,0.0,0.29612073837965835,0.29612073837965835
1643,1,0.08255450083554615,0.05743356988462777,0.019430189639169367,1.033113082051741,1.4083154546132852,4.425008107583779e-8,1.3510137137521359e6,-42.67791343336574,7.0,1.0,0.3783689875985567,-42.67791343336574,47.093827659129715,0.1796749207675603,61.82630752463431,3.0,0.0,0.29612073837965835,0.29612073837965835
1644,1,0.061061660967301506,0.04563181381604707,0.013168891178562195,1.6927184919844074,0.039776713017965704,3.0454908718499106e-8,1.581567338368878e6,-43.44587933506263,11.0,1.0,0.7471849110195432,-43.44587933506263,44.79812090212674,0.0711620262733419,173.2786523127771,3.0,0.0,0.29612073837965835,0.29612073837965835
1645,1,0.02660592771911885,0.06525340857195808,0.0033579734683619827,1.2473595552237895,0.04863541744546278,2.6863347033384178e-8,3.003361761907916e6,-46.14423482513396,7.0,1.0,0.69099856442097,-46.14423482513396,48.53073050260152,0.5529201263844357,0.7531043484401394,3.0,0.0,0.29612073837965835,0.29612073837965835
1646,1,0.04014148396881607,0.07121723298907887,0.024422960776951833,1.0034471839529882,0.10613946340308246,7.609583044699062e-8,2.4593202701463606e6,-42.53169294490051,7.0,1.0,0.8532604112107173,-42.53169294490051,48.96016893289503,-0.03623776986554361,0.5805985752321234,3.0,0.0,0.29612073837965835,0.29612073837965835
1647,1,0.055369538375036435,0.055271375032106294,0.026315580912716057,1.5402166057484896,0.3732445605827054,7.278435967511548e-8,5.118945158640665e6,-41.71627175641129,7.0,1.0,0.9435659778249145,-41.71627175641129,44.79013474350512,0.08965766148119769,-0.2853301441563687,3.0,0.0,0.29612073837965835,0.29612073837965835
1648,1,0.07561333808938202,0.052739458871321726,0.25602150447818117,0.7626394837117223,1.0236443688391348,2.453860091332057e-10,1.5612297924488124e7,-48.17541826439515,15.0,1.0,0.8048874007062435,-48.17541826439515,49.6720310616894,0.4643532770095291,0.49085999398557334,4.0,0.0,0.29612073837965835,0.29612073837965835
1649,1,0.03074456888390325,0.043617895910379234,0.7007874717328823,0.817207537060564,0.8436286861676029,4.3787231228391113e-10,4.0719437036276874e6,-44.79329110776476,7.0,1.0,0.971003657682225,-44.79329110776476,50.769740399977536,-0.23681463421022642,-0.23681463421022642,3.0,0.0,0.29612073837965835,0.29612073837965835
1650,1,0.0810600536658718,0.034717415014739905,0.049438524040760094,1.3713917032364416,0.5384301706880388,1.9625011723535142e-8,2.8636335084383367e6,-40.55691972680705,15.0,1.0,0.9749392967659922,-40.55691972680705,47.28776387778195,-0.052486906932387,-0.3626892646153266,4.0,0.0,0.29612073837965835,0.29612073837965835
1651,1,0.08538870243366313,0.02545325092420612,0.03858496096773534,0.9856138361882245,0.1782581447821079,1.6686849576394754e-8,2.106605144734608e6,-41.75252181730936,7.0,1.0,0.7523387219306426,-41.75252181730936,42.89592391568317,0.04179482656051192,67.15597587541362,2.0,0.0,0.29612073837965835,0.29612073837965835
1652,1,0.09269303686842481,0.03275905628304494,0.07754733825930953,0.6336999249211623,0.4535131798760617,5.3610499138232645e-8,3.115580480765611e6,-41.54945014345071,15.0,1.0,0.9993077449530701,-41.54945014345071,44.7838017634107,-0.045907709104184846,-0.09130272897296976,3.0,0.0,0.29612073837965835,0.29612073837965835
1653,1,0.07247013865242684,0.08295280985826668,0.8838394039449919,1.5090515719688662,1.0148946985073974,9.49495684230852e-8,8.954924191786995e6,-43.94106021284712,7.0,1.0,0.9811503088990252,-43.94106021284712,46.04753923507214,0.051851625954370206,0.054750856578230866,3.0,0.0,0.29612073837965835,0.29612073837965835
1654,1,0.04548003879144585,0.037255914686690726,0.17947955004160784,1.6821912977609144,0.9773757791380577,7.097002388444358e-8,2.4263763866331787e6,-40.77741156855258,7.0,1.0,1.0,-40.77741156855258,44.68305063043069,-0.055874271838213474,-0.15162107942924052,3.0,0.0,0.29612073837965835,0.29612073837965835
1655,1,0.09137624798784885,0.02432649975092189,0.023646269099267543,1.1791037658158303,0.8901993884564495,2.9104641525640365e-9,349664.4101713893,-41.52892897924137,31.0,1.0,0.9433941305026244,-41.52892897924137,43.3866911385116,-2.3332804933640645,-2.3332804933640645,4.0,0.0,0.29612073837965835,0.29612073837965835
1656,1,0.09137624798784885,0.02432649975092189,0.023646269099267543,1.1791037658158303,0.8901993884564495,2.9104641525640365e-9,349664.4101713893,-41.52892897924137,23.0,1.0,6.286134115640673e-5,-41.52892897924137,46.04420053781714,0.0,48.853669407795614,4.0,0.0,0.29612073837965835,0.29612073837965835
1657,1,0.08644124385401863,0.03178304736171654,0.007622054499286318,1.217127303371131,0.9974755401039611,8.782466303363899e-9,706395.4751912246,-41.18550947163051,3.0,1.0,0.07863190871216957,-41.18550947163051,47.99499705177951,1.4443654100005006,213.20040965989855,2.0,0.0,0.29612073837965835,0.29612073837965835
1658,1,0.0758338992431435,0.06562571396854167,0.00993871694195235,1.0697474561061904,1.0340599799567023,7.451905882881581e-9,1.2460619887811022e6,-40.85520903938712,3.0,1.0,0.43907492235573303,-40.85520903938712,45.68590291436778,0.055303508402545276,936.1043514125191,1.0,0.0,0.29612073837965835,0.29612073837965835
1659,1,0.07104979095089202,0.06859910669792223,0.034485962632798746,1.0367876764609658,0.9254652564147069,8.100104039630605e-9,863634.7497897248,-40.5192168358908,15.0,1.0,0.1762135331884492,-40.5192168358908,41.68538735394165,-0.8371889863869484,3.7167452025252885,3.0,0.0,0.29612073837965835,0.29612073837965835
1660,1,0.04833706767307467,0.04526996985759643,0.019621790595591788,1.4227342354762942,0.5739842345146522,1.185461781371623e-8,6.063943775127519e6,-42.5390138368662,7.0,1.0,0.43581062376182345,-42.5390138368662,43.65565650813349,0.41093341155917074,290.0320978465999,2.0,0.0,0.29612073837965835,0.29612073837965835
1661,1,0.055244476671403024,0.09495292403313692,0.6432853014867871,0.5646716260180054,1.2469560095123047,8.317706582598153e-8,1.0236338373601282e7,-43.55472752045708,15.0,1.0,0.9472021706407177,-43.55472752045708,48.86535313765039,0.009700248356935504,0.22336526237096166,4.0,0.0,0.29612073837965835,0.29612073837965835
1662,1,0.03316039584191842,0.014741150783542604,0.05520648436907502,1.573977418190224,1.0247785806029523,8.019164197507966e-8,1.7094957294061948e6,-43.301522749810914,15.0,1.0,0.8201210475389968,-43.301522749810914,47.969244663414045,-0.13976888815392385,1.235691146346511,4.0,0.0,0.29612073837965835,0.29612073837965835
1663,1,0.07883062867476615,0.0956330258891339,0.9101046165810761,0.709167055946328,0.5588994325270967,3.07917748504143e-8,6.910893509646998e6,-43.68719591917524,15.0,1.0,1.0,-43.68719591917524,45.56000841067803,-0.18426792288067873,-0.5149507100369988,4.0,0.0,0.29612073837965835,0.29612073837965835
1664,1,0.031245420060753162,0.012954845916224561,0.08386216352081503,1.4213334060048723,0.3982614896167665,4.312642060535567e-8,8.03376363612376e6,-43.67521905895623,15.0,1.0,0.9758533836886037,-43.67521905895623,46.862083382995,0.03775063477573326,0.3742552271066586,3.0,0.0,0.29612073837965835,0.29612073837965835
1665,1,0.08481886024794567,0.010742256188139674,0.2553282613978933,1.2847585396852257,0.6381522054566182,4.492900032710155e-8,1.6928230701127178e6,-44.022121165324855,15.0,1.0,0.5200386955137046,-44.022121165324855,48.52093227915121,-0.5096943419732725,2.5392727000784276,4.0,0.0,0.29612073837965835,0.29612073837965835
1666,1,0.07107862833059445,0.020875238693524433,0.04084719137623093,1.3435902925979277,1.1213060547470959,6.793346946340518e-8,4.441063869233275e6,-41.87053319433907,15.0,1.0,0.8622234330520175,-41.87053319433907,47.64838464037117,0.09529908261338704,0.4439748024191488,3.0,0.0,0.29612073837965835,0.29612073837965835
1667,1,0.04341190522520232,0.0882203658355949,0.8578486330497419,1.372254151676236,0.25475950024535843,3.68361198435263e-8,4.457165207773103e6,-41.97705685054963,14.0,1.0,0.8565169929209071,-41.97705685054963,42.71358527096804,-0.021133649797207,14077.683373811167,3.0,1.0,0.29612073837965835,0.29612073837965835
1668,1,0.05109767314341684,0.03499910857460182,0.15465745293442235,0.6053981540367629,1.405646879975016,4.320622307300692e-8,3.0645014799447395e6,-43.05768802958147,15.0,1.0,0.8555839770529097,-43.05768802958147,46.71009290850676,0.021914740458392146,3.6324191245073507,4.0,0.0,0.29612073837965835,0.29612073837965835
1669,1,0.03563817574184597,0.06943774730565165,0.6910942172364952,1.1653646018287076,0.05077549509109908,2.1588455178742117e-8,4.222767407749241e6,-42.989041007588185,15.0,1.0,0.9613096815386224,-42.989041007588185,46.51658099570968,0.014322565651397667,0.15498602777739023,4.0,0.0,0.29612073837965835,0.29612073837965835
1670,1,0.0788104458374153,0.09973288363453117,0.4217160728565904,0.753885474139308,1.418026571070883,7.627151123439188e-10,1.0747976917308327e7,-52.621033977460044,15.0,1.0,0.7834373363217481,-52.621033977460044,55.614094497529734,0.35437765879790106,0.3795871060898435,4.0,0.0,0.29612073837965835,0.29612073837965835
1671,1,0.08611525805627834,0.09770944816915808,0.049387777094330426,1.067813040152415,1.3900678495346372,5.422065587993586e-8,4.4054932574488325e6,-45.42564487337597,15.0,1.0,0.7438266115453226,-45.42564487337597,56.45511749892357,-0.1270851998204563,3.610305486957955,4.0,0.0,0.29612073837965835,0.29612073837965835
1672,1,0.0387711419067914,0.07724356912768261,0.028673579772318065,0.6780851285381824,1.4075580281834412,8.04054967853412e-8,1.4482445152802567e6,-45.89216294919366,7.0,1.0,0.9902477200926716,-45.89216294919366,48.64794608418257,0.07070786913146776,-0.37330406645191516,3.0,0.0,0.29612073837965835,0.29612073837965835
1673,1,0.08016554105854726,0.020746063109658743,0.05463396437301176,1.888548382121009,0.07081657791123214,6.2439997189791036e-9,6.639676846467633e6,-46.884039291852474,15.0,1.0,0.7066981657657299,-46.884039291852474,48.760276718255795,0.8170474452897025,0.8388231922205449,4.0,0.0,0.29612073837965835,0.29612073837965835
1674,1,0.09736920721849773,0.08600959195434223,0.7632282380102116,0.33478194176955545,1.156791608605822,9.180093943621818e-8,5.342586279299889e6,-45.18991307641003,15.0,1.0,0.9840784139313925,-45.18991307641003,50.55699508199172,-0.30839857562313,-0.5374332907993917,4.0,0.0,0.29612073837965835,0.29612073837965835
1675,1,0.0237062781855268,0.03872948391970516,0.8054922507027372,0.12974712004610675,0.8947921917802898,9.868132545310975e-8,3.269056536393473e6,-46.55254777434328,15.0,1.0,0.6315318832912387,-46.55254777434328,50.67917566287521,-0.02780981782466796,84.46305667317378,4.0,0.0,0.29612073837965835,0.29612073837965835
1676,1,0.07952536070981586,0.07232802612804225,0.1174965365897498,1.1707585355134562,0.8918758700383884,8.640402434335305e-9,3.598222570487827e6,-41.216152411469764,15.0,1.0,0.9866524427562628,-41.216152411469764,48.96350138512614,-0.0737740935874811,0.08337232810208661,4.0,0.0,0.29612073837965835,0.29612073837965835
1677,1,0.0854511466754429,0.08813701173514071,0.06254348522425325,1.1014670905626012,0.4475423887284791,1.4959531634057497e-8,3.178636439992796e6,-41.728260827070315,7.0,1.0,0.8623363291953812,-41.728260827070315,46.536446865452575,0.05460316427680567,1.1010180362414559,3.0,0.0,0.29612073837965835,0.29612073837965835
1678,1,0.0377389114614198,0.08901347670312593,0.1444263541335676,1.0260205573804095,0.835267073523953,2.4391318456195308e-8,2.315431203740656e6,-41.54879829574041,7.0,1.0,0.9100174870973831,-41.54879829574041,44.206047358885826,-0.03517769424765049,0.5790090397935899,3.0,0.0,0.29612073837965835,0.29612073837965835
1679,1,0.057982823013715185,0.09537775278574712,0.020302292216763655,0.891633076143469,0.6023507476924471,4.1853617891571434e-8,6.21640414533908e6,-43.213164383186054,7.0,1.0,0.7688609278202472,-43.213164383186054,45.054668594999995,0.2050993262939116,0.46156257228599173,3.0,0.0,0.29612073837965835,0.29612073837965835
1680,1,0.06745485148192594,0.01850055679605154,0.5869470758472294,1.4474108765847298,0.9285052460186444,9.924430879742337e-8,7.434349181637848e6,-44.461976095056684,15.0,1.0,0.9695920906982669,-44.461976095056684,47.44681897018264,-0.02532052781501193,-0.3493779401681536,3.0,0.0,0.29612073837965835,0.29612073837965835
1681,1,0.04168673677876903,0.039404117203485974,0.25020121249273874,1.827708954376486,1.1461880419551433,9.930084131463811e-8,2.9504578463210994e6,-44.53599035186475,7.0,1.0,0.9756868851388015,-44.53599035186475,47.817470453470364,-0.13557227106719694,-0.1737482551403957,3.0,0.0,0.29612073837965835,0.29612073837965835
1682,1,0.08880006477726557,0.0594093604828828,0.46688283145311277,0.4070817464110833,0.31028577354365616,9.217443912706107e-10,4.5864876761459075e6,-44.77182352946569,15.0,1.0,0.9598886813899498,-44.77182352946569,47.541501894279804,0.04109132008555605,0.08713802944164684,4.0,0.0,0.29612073837965835,0.29612073837965835
1683,1,0.08796725887705278,0.07468459825280663,0.44191785357342844,0.5218782482285815,1.1130360687632381,1.3010657910966235e-9,3.959193057084175e6,-44.12628063834603,15.0,1.0,1.0,-44.12628063834603,45.9856381049363,-0.0030932284676410404,-0.10843308677269192,4.0,0.0,0.29612073837965835,0.29612073837965835
1684,1,0.010435490231851112,0.012869029733070894,0.45444579190957113,1.4907066822247106,0.5446122893796537,7.334852138813681e-9,3.0554430063843597e6,-47.14969365710907,15.0,1.0,0.9202429849745589,-47.14969365710907,50.59525153549657,0.10526202366261117,0.1556070632147808,4.0,0.0,0.29612073837965835,0.29612073837965835
1685,1,0.01020196298740248,0.014809794907028252,0.6883384818820277,1.558781154041491,0.7684011632980099,8.039723944645066e-9,4.843442228539267e6,-47.4954413365092,15.0,1.0,0.9513992119850828,-47.4954413365092,50.79932819428675,0.04416738437085854,0.18219874729413732,3.0,0.0,0.29612073837965835,0.29612073837965835
1686,1,0.05915957268700572,0.02122758332472357,0.5531772875185309,0.4088012284778988,0.4341497104288878,8.093764211401106e-8,9.048665896276753e6,-42.147515244426195,15.0,1.0,0.9866050179099576,-42.147515244426195,52.28758525482784,-0.15940837126239416,-0.15940837126239416,3.0,0.0,0.29612073837965835,0.29612073837965835
1687,1,0.04288810484634523,0.08713546883529431,0.2522602975781202,1.6677557395987708,1.1567948289326333,3.581145039938517e-8,7.884790611778446e6,-41.92518148270919,15.0,1.0,0.9734462097399892,-41.92518148270919,45.414276669685826,0.005122969497200813,0.22102294217955176,4.0,0.0,0.29612073837965835,0.29612073837965835
1688,1,0.08284077431284854,0.024828115437475207,0.13125819211286968,0.45650190800821966,0.23057335194791384,5.80099869660025e-8,6.853979120699644e6,-42.555342784093824,15.0,1.0,0.9711182044846589,-42.555342784093824,44.288449113907234,0.0401470789250169,0.45147063767404916,4.0,0.0,0.29612073837965835,0.29612073837965835
1689,1,0.05731490400502175,0.022753448065029408,0.27421395518714875,1.673448252322559,0.4090995928430505,7.87279833096329e-8,2.8770539733327273e6,-41.16215009986149,15.0,1.0,0.9934690619181119,-41.16215009986149,43.44130477805346,-0.08919679059955854,-0.1818337180068781,4.0,0.0,0.29612073837965835,0.29612073837965835
1690,1,0.08481925250871636,0.09376661688189365,0.1277258538421898,1.1742363805896858,1.1390861100822054,2.3221863060251687e-8,3.3791841377616944e6,-42.08403303063352,7.0,1.0,0.9659795989840195,-42.08403303063352,43.80207646333664,0.038233157324860656,0.07798193233804085,3.0,0.0,0.29612073837965835,0.29612073837965835
1691,1,0.041370996086075904,0.018026172037318215,0.7017820778879663,1.2272838411045894,0.198054529910793,8.365236048517749e-8,3.308243714888481e6,-42.26962804504111,17.0,1.0,0.9355160416786141,-42.26962804504111,43.5037346259279,0.005721256589076518,84.1086231470055,4.0,0.0,0.29612073837965835,0.29612073837965835
1692,1,0.05922138479796829,0.07300005639232063,0.075714565155818,0.7794750388321486,0.14083386165954626,1.954551058515478e-8,5.119144879429099e6,-42.20651141750051,15.0,1.0,0.9861243079281036,-42.20651141750051,44.56945177448901,0.01765775634925859,0.1425162849927446,4.0,0.0,0.29612073837965835,0.29612073837965835
1693,1,0.030735986109752512,0.08406691458608079,0.6463535264007045,1.513396009174512,1.1870538283895395,8.55513449071982e-8,1.3466481228858422e7,-43.16650450752525,15.0,1.0,0.9673573351054385,-43.16650450752525,45.33079854832908,0.026233750618189333,0.2958857918129709,4.0,0.0,0.29612073837965835,0.29612073837965835
1694,1,0.022629197666227688,0.021811991337209694,0.7758275803374293,1.1642922920622054,1.4214785496926738,1.2795343399500079e-8,5.246403074595575e6,-46.415441824096106,7.0,1.0,0.9371032531692861,-46.415441824096106,50.29646743647517,-0.02337839787300311,0.3344126947259838,3.0,0.0,0.29612073837965835,0.29612073837965835
1695,1,0.09142166390824787,0.04975494644804455,0.6697669202190855,1.407433352677076,0.4145927733523663,9.640033394061078e-8,6.22650208987298e6,-43.05573030584655,15.0,1.0,0.9912613280497957,-43.05573030584655,52.66130820420059,-0.17804137619854288,-0.17804137619854288,4.0,0.0,0.29612073837965835,0.29612073837965835
1696,1,0.058766877095573,0.06736734451521802,0.5610613644755472,0.8011416215150442,1.3093295283130015,3.983160646078438e-9,4.500534816603532e6,-42.62563011997115,15.0,1.0,0.9898964122030518,-42.62563011997115,46.06599750534782,-0.04601454169839059,0.06852025630448111,4.0,0.0,0.29612073837965835,0.29612073837965835
1697,1,0.06961532468729541,0.040050638100539535,0.22041831650208665,1.5431435687013508,0.1586900693779603,9.635651759113784e-8,5.025532658968228e6,-43.02253051753938,15.0,1.0,0.9859518194933775,-43.02253051753938,44.332009953074305,0.03337056126594007,-0.09119633421659046,3.0,0.0,0.29612073837965835,0.29612073837965835
1698,1,0.08531920768514852,0.030534431572138303,0.31900960263091777,1.6940657586357293,0.2975747452812187,9.940579138413801e-8,2.3579245109953494e6,-44.75518757927456,15.0,1.0,0.998689652264615,-44.75518757927456,45.599515779034206,-0.0035307805428175243,-0.1424228145800086,4.0,0.0,0.29612073837965835,0.29612073837965835
1699,1,0.03960793509976177,0.09182717672053442,0.3785672375121664,1.7724369312211787,0.5442913657160906,8.448729604873257e-8,6.884268537071768e6,-42.486076234645594,7.0,1.0,0.983033354351433,-42.486076234645594,46.60155614591706,0.01022064181323401,0.0510945272648442,3.0,0.0,0.29612073837965835,0.29612073837965835
1700,1,0.04302753349475088,0.05024527527985856,0.943965608422651,1.7125913048706427,0.6777669151237103,3.306306515215818e-8,2.6512818707782873e6,-43.28337632001381,23.0,1.0,0.7414716148766627,-43.28337632001381,46.14283132535833,0.035813556842768435,81.71586442166776,4.0,0.0,0.29612073837965835,0.29612073837965835
1701,1,0.08405760702893504,0.04513746750989401,0.10411163602441914,0.2369522086324912,1.331341414006724,6.367717767736755e-8,9.173727140325148e6,-44.26879619702579,15.0,1.0,0.928379651822455,-44.26879619702579,47.11579770489883,0.1288002987470236,0.3420188289284951,3.0,0.0,0.29612073837965835,0.29612073837965835
1702,1,0.033412309324582876,0.06007998893243928,0.09832779463255902,0.3381085979159088,0.9446227033470621,3.384060582337744e-8,4.2596774633525945e6,-41.533723536167244,7.0,1.0,1.0,-41.533723536167244,45.62854701161172,-0.2881978036234685,-0.32362693440079227,3.0,0.0,0.29612073837965835,0.29612073837965835
1703,1,0.012467103232692532,0.07131410346046824,0.26604841804626767,1.8648091277513184,0.6469979516984764,5.9398288657617546e-8,1.0449965575631034e7,-44.20765229597525,15.0,1.0,0.8611245496169723,-44.20765229597525,47.02024146572524,0.21491920555913424,0.4593482660399104,4.0,0.0,0.29612073837965835,0.29612073837965835
1704,1,0.0972126349608528,0.0396641406149266,0.019319224145730677,0.3998863351588735,0.3692616903911077,2.5187316903083533e-8,8.523629509042162e6,-45.65828512370066,15.0,1.0,0.9607898842451689,-45.65828512370066,50.05152022395495,-0.826481626195708,-1.3283814476872848,4.0,0.0,0.29612073837965835,0.29612073837965835
1705,1,0.09543161107819409,0.014701592966317553,0.06536850042263485,0.18812981166841586,0.9990398832782847,5.7339154363890474e-8,1.545916459277506e6,-46.702458451506615,15.0,1.0,0.5434900084143574,-46.702458451506615,51.76078078796158,-0.6785442738974155,2.0999295260527546,4.0,0.0,0.29612073837965835,0.29612073837965835
1706,1,0.09339220806865874,0.015644287084904784,0.15125406422744908,0.16114479607313387,1.1444247793713826,5.882602291266022e-8,3.6039395520066437e6,-44.989522966869586,7.0,1.0,0.956311186031544,-44.989522966869586,49.37402323338929,-0.0056855553477390686,0.12044431620885376,3.0,0.0,0.29612073837965835,0.29612073837965835
1707,1,0.035795501398385346,0.08109584104530966,0.8337822143504878,1.1053761850567982,0.5888049960787876,1.412879035660895e-8,5.1158733617873555e6,-41.60619141602048,7.0,1.0,0.9804377361512024,-41.60619141602048,46.66458354419606,-0.07572061740837199,0.1293987793098168,3.0,0.0,0.29612073837965835,0.29612073837965835
1708,1,0.09177959001225268,0.053468062013288555,0.6720898533706301,1.8864223583473214,0.9499371803363361,6.556977882050656e-8,4.744366509459458e6,-42.211551674916024,11.0,1.0,0.731630964288022,-42.211551674916024,45.271646177069755,0.001999773917667369,3.87968450872318,3.0,0.0,0.29612073837965835,0.29612073837965835
1709,1,0.08358641992797043,0.02584219420932271,0.7154776357814122,0.1937173561544874,0.4794294867407974,2.7297990201444754e-8,3.540179932212065e6,-42.71219863662495,15.0,1.0,0.9752602452595337,-42.71219863662495,46.42294311985991,0.018317673104689902,0.06776062155763185,3.0,0.0,0.29612073837965835,0.29612073837965835
1710,1,0.05788449177675521,0.056347098275892585,0.46053034113431035,1.250347336816113,0.9246458046131973,8.408936668538915e-8,6.920586221282788e6,-40.3960702404717,15.0,1.0,0.9727503133379686,-40.3960702404717,44.88075382242411,-0.06689780877633211,0.08664345467293799,4.0,0.0,0.29612073837965835,0.29612073837965835
1711,1,0.07392562560229399,0.06823101923139636,0.03377757679341798,1.5697073244288036,0.32579745054285963,6.957993790061247e-8,3.5930090542424307e6,-41.3053039724625,15.0,1.0,0.7624601145992586,-41.3053039724625,42.565095243334774,0.024670870913880094,2.262810710529955,4.0,0.0,0.29612073837965835,0.29612073837965835
1712,1,0.06696668512098396,0.040903788293131765,0.01692931658449425,1.2973786777402523,1.118395378285136,1.879924029857009e-8,1.5179513703331635e6,-39.95800037623259,23.0,1.0,0.906325657811825,-39.95800037623259,42.58540587826155,0.4053003829105748,-0.9390002769164596,4.0,0.0,0.29612073837965835,0.29612073837965835
1713,1,0.07734300910414314,0.04172397617365634,0.03919408868366778,1.8023380936730486,0.21138575453713482,6.065856673655942e-8,1.5834776859416452e6,-40.92665439171521,10.0,1.0,0.690976316563259,-40.92665439171521,42.28337347209911,-0.13316296263195682,1625.7240091323315,3.0,1.0,0.29612073837965835,0.29612073837965835
1714,1,0.06063604806757073,0.0787049840214679,0.4459486857967881,1.9135875881905724,0.27499746918902096,2.201199024441798e-8,2.988193110283471e6,-42.23882778660517,7.0,1.0,0.3798995885558486,-42.23882778660517,47.460532430239105,0.7406938347687344,1.3643279211226016,3.0,0.0,0.29612073837965835,0.29612073837965835
1715,1,0.06175645033313495,0.07808418607831744,0.4615401010682558,1.9132749395184452,0.3332679407790531,2.378628268594818e-8,3.081987176245294e6,-41.98719385615723,7.0,1.0,1.0,-41.98719385615723,42.30288269623835,-0.010878253963440443,-0.06413622232643235,3.0,0.0,0.29612073837965835,0.29612073837965835
1716,1,0.0981238702063912,0.05684185395013627,0.8921169013979552,1.5162595344459369,0.6332815149347247,5.708820012332727e-8,4.876847534273177e6,-43.465331377585485,15.0,1.0,0.9237232033534546,-43.465331377585485,46.16354470666942,0.0865112268554924,0.11529948109856747,4.0,0.0,0.29612073837965835,0.29612073837965835
1717,1,0.09773490170345524,0.09072093823688147,0.20760931653970197,1.5090601048376087,1.1616111548296961,6.255939293161405e-8,2.8161959687007573e6,-43.1918144158586,23.0,1.0,0.7276868947521993,-43.1918144158586,46.18188533688454,0.07492939543594446,8.880238424959778,4.0,0.0,0.29612073837965835,0.29612073837965835
1718,1,0.06671711996820764,0.01778559602817225,0.6958733321547176,1.858141545616313,1.3052364702762982,6.754844779148901e-8,8.257602988798284e6,-43.85803864087018,15.0,1.0,0.9627958797286149,-43.85803864087018,47.23850731283383,0.050167075192774746,-1.0925386275837567,4.0,0.0,0.29612073837965835,0.29612073837965835
1719,1,0.09769329107146808,0.05529311462912066,0.2720250891174267,1.8822640166093239,0.2239412798341245,8.711713259556941e-8,4.058829010449893e6,-44.347692943556815,15.0,1.0,0.689880060926419,-44.347692943556815,49.62962465711445,-0.010729088180234214,1.1559472402264461,3.0,0.0,0.29612073837965835,0.29612073837965835
1720,1,0.020610152185200722,0.0377792580210453,0.08837396147280223,0.4077785947216689,1.2127114099485172,1.233103863019042e-8,4.20570512846721e6,-43.51121820337065,15.0,1.0,0.9715440516848687,-43.51121820337065,47.49303528833871,0.009005719074842489,0.07357828026768942,4.0,0.0,0.29612073837965835,0.29612073837965835
1721,1,0.09260242948269752,0.08471377759196239,0.8545815743357003,1.9713541268247206,0.15415486109345317,1.3093986021116874e-8,6.60691906335408e6,-47.016339319713,7.0,1.0,0.9419047836747572,-47.016339319713,49.63978408030833,0.11057027019870702,0.14281545167777665,3.0,0.0,0.29612073837965835,0.29612073837965835
1722,1,0.09597957347062516,0.07313751301805248,0.9104447045941506,1.944684816752293,0.2034076355083517,1.529511384343974e-8,9.874463688427662e6,-47.355436075308056,15.0,1.0,0.9778922878934835,-47.355436075308056,50.935226612856034,0.01722402512493204,-0.20784823251420903,3.0,0.0,0.29612073837965835,0.29612073837965835
1723,1,0.013468838051222108,0.06005569317762953,0.017862117969275487,0.18822280542293632,1.3373445214469433,8.434496627033222e-8,1.2356380565391857e7,-48.84777905632309,15.0,1.0,0.9726011527097042,-48.84777905632309,52.46258980039036,0.10337963455696553,-0.19939951004347733,4.0,0.0,0.29612073837965835,0.29612073837965835
1724,1,0.07996017155526926,0.057960084976692666,0.8665463528008249,1.9718357696219249,0.13576541451754112,5.348518742915222e-8,8.848784314534258e6,-45.468381664498736,15.0,1.0,0.946785188548207,-45.468381664498736,52.58927847330159,0.1950944102609995,-0.452946248227299,4.0,0.0,0.29612073837965835,0.29612073837965835
1725,1,0.03965484890084152,0.059853317750833704,0.023334957711490623,0.15843127768286178,1.3642950021758358,6.494524821904925e-8,1.1870953403904758e7,-46.85490285968934,15.0,1.0,0.894255259456329,-46.85490285968934,48.82956617480873,0.2421672954162375,-0.3013096427559674,4.0,0.0,0.29612073837965835,0.29612073837965835
1726,1,0.01466541099524777,0.0488319312369011,0.6728807161863588,1.3239965935426934,1.0214871581263538,1.3458407054780484e-8,5.670975755166515e6,-42.39337339093548,15.0,1.0,0.8003860743323915,-42.39337339093548,50.36974725637911,-0.20718752991225386,0.6204114287262428,4.0,0.0,0.29612073837965835,0.29612073837965835
1727,1,0.0973998039261509,0.014982102091809411,0.4363106065703083,1.3583197456898206,1.2904127769234113,6.848278017440227e-8,2.2813847870306955e6,-44.401144090248124,15.0,1.0,0.9340898362975961,-44.401144090248124,47.84501322207859,0.11991375782252334,0.1227387050191524,4.0,0.0,0.29612073837965835,0.29612073837965835
1728,1,0.09768842814459686,0.022186635638425295,0.4985027707042842,0.8671419855688305,1.3064588395427637,2.986521568465624e-8,4.878366829796162e6,-43.694797954589674,15.0,1.0,0.996922089860086,-43.694797954589674,46.70010925733126,-0.031992891375381305,-0.12486315125352121,4.0,0.0,0.29612073837965835,0.29612073837965835
1729,1,0.08949069768863273,0.012507840653242855,0.5611799969213359,0.6835211880584666,1.2622407421654243,8.036443907533206e-8,5.278195069762637e6,-43.98206154150973,15.0,1.0,0.9754169806099097,-43.98206154150973,47.020217175041694,0.02720517556289792,-0.10964985608478628,3.0,0.0,0.29612073837965835,0.29612073837965835
1730,1,0.07561756990299126,0.08144520553066786,0.800415328355598,1.8101174506660829,1.1015817852357772,3.272931439537555e-8,2.1525678196351994e7,-44.15306374554652,15.0,1.0,0.6724058519082615,-44.15306374554652,50.89467980901149,0.04107984737400017,0.9442084348069173,3.0,0.0,0.29612073837965835,0.29612073837965835
1731,1,0.01728327674133305,0.09095761803585237,0.20143992936230995,0.7805359217576949,0.8898822022474164,7.979504908898104e-8,7.672778866357932e6,-43.021745072263016,15.0,1.0,0.7869488733818775,-43.021745072263016,48.225194920319616,-0.05300730967649514,28.308419411041086,3.0,0.0,0.29612073837965835,0.29612073837965835
1732,1,0.09356541177194902,0.020182918340716352,0.7537599335592361,1.4627608756643626,0.8025796207825023,1.0096631862972313e-8,1.7700239095153888e6,-44.60731897781295,15.0,1.0,0.9840554371489021,-44.60731897781295,46.00449114447738,-0.03235937365824526,-0.5004691982819907,3.0,0.0,0.29612073837965835,0.29612073837965835
1733,1,0.09014545468445741,0.06460614234886926,0.35344163539089374,1.6606252302460918,0.6043830335745525,4.324682893700401e-8,1.106382350142419e7,-41.87804966016428,15.0,1.0,0.9989530938537434,-41.87804966016428,44.93521588761202,-0.3813014922580038,-0.4914254491839003,3.0,0.0,0.29612073837965835,0.29612073837965835
1734,1,0.04289578667444017,0.06887628655300655,0.2827542050844224,0.31521627435468696,1.2120938130935133,4.270694075551124e-8,5.008155856174988e7,-44.94067774654356,15.0,1.0,0.8771698916045331,-44.94067774654356,47.41175264525311,-0.16909088877238077,1.85521145669491,3.0,0.0,0.29612073837965835,0.29612073837965835
1735,1,0.06475402275048603,0.011346707756861479,0.315473959990339,0.5078631448983436,0.3071525465146579,5.707787642705625e-8,9.695119075998886e6,-43.939336456435214,7.0,1.0,0.8139902776515962,-43.939336456435214,49.04901546099343,0.023504660888811202,3.9793081357821904,3.0,0.0,0.29612073837965835,0.29612073837965835
1736,1,0.06424285428267021,0.01220309137483976,0.047783540022066064,0.7310416803122267,0.2290076317142148,7.27680895779474e-8,1.567214135560009e6,-43.63437731822712,7.0,1.0,0.43836289750167934,-43.63437731822712,48.051110075388884,-0.04997671624997935,11.12325298704387,3.0,0.0,0.29612073837965835,0.29612073837965835
1737,1,0.04792725922351809,0.014535726123019947,0.04127277573705543,0.679099237622956,0.4103862656209066,7.294983674297213e-8,3.244870245724505e6,-42.610210535019874,15.0,1.0,0.8474900581836008,-42.610210535019874,46.80478073190908,0.08995869311206661,0.4600556107323186,3.0,0.0,0.29612073837965835,0.29612073837965835
1738,1,0.0540139239531887,0.08205900672684892,0.7876228491302536,1.5190565441545565,1.084010813797024,2.3113924599639035e-8,5.706447943574484e6,-41.38556567855695,15.0,1.0,0.9895486476696835,-41.38556567855695,45.124424618528046,-0.06018880513949654,-0.14226048698382243,4.0,0.0,0.29612073837965835,0.29612073837965835
1739,1,0.060883090908547606,0.06698337036017424,0.6822659635061801,1.6929282218948682,1.2609693161506,6.608184242757717e-9,3.183478559117913e6,-42.5258779406045,15.0,1.0,0.9957663138490401,-42.5258779406045,44.125009392674535,-0.003772462043009739,-1.2329858917329233,3.0,0.0,0.29612073837965835,0.29612073837965835
1740,1,0.04483067901005564,0.08696699101687674,0.7549345206493112,1.4935264764978875,1.2486955752505917,3.796246409674639e-9,1.2025664385979887e7,-44.629698557397575,7.0,1.0,0.14860412886797997,-44.629698557397575,52.81033453444084,0.617428571853722,17.3239514221235,3.0,0.0,0.29612073837965835,0.29612073837965835
1741,1,0.051966379281143595,0.08504387788389638,0.8145451756945137,1.1809777958234025,0.8611016957274392,2.3821187500796274e-8,1.8940697712213483e6,-42.61059247799395,7.0,1.0,0.9888955389131281,-42.61059247799395,46.17021567150619,0.08091858771994254,-0.5057316377554457,3.0,0.0,0.29612073837965835,0.29612073837965835
1742,1,0.05660609761602486,0.0656265650234601,0.06156257337639215,0.9963976358160457,0.751248420072958,7.293645438443967e-8,3.3469810804078737e6,-40.26314510111284,15.0,1.0,0.42855910962861965,-40.26314510111284,49.60707850244379,0.4442419568290603,1.771421970290298,4.0,0.0,0.29612073837965835,0.29612073837965835
1743,1,0.051048963048665866,0.08437758310229065,0.04000258138071509,1.1163891143256066,0.8730586745205607,7.344181789625889e-8,5.105487177445968e6,-41.55292249034807,7.0,1.0,0.8780513681429122,-41.55292249034807,43.250351806367114,0.1157547354180295,0.27714124671548745,3.0,0.0,0.29612073837965835,0.29612073837965835
1744,1,0.038745557294322795,0.052607088746240725,0.4250268799782475,1.9121162314745213,1.0979247907465395,5.691090067684537e-8,2.5246126809395845e6,-41.83350398603705,15.0,1.0,0.985896409990077,-41.83350398603705,44.82710221081929,-0.07407409580531521,-0.23741764206822324,3.0,0.0,0.29612073837965835,0.29612073837965835
1745,1,0.03794127400529458,0.06345459293099016,0.4415741347562305,1.9041533257993308,1.208528092865259,6.544194365653298e-8,3.146636574292544e6,-41.905278580929206,7.0,1.0,1.0,-41.905278580929206,42.85479625006525,-0.0517017547504679,-0.07804843600317213,3.0,0.0,0.29612073837965835,0.29612073837965835
1746,1,0.01816023312507274,0.06400991418062064,0.5141734287518483,0.46614014430158857,1.099782753164831,1.344873237133254e-8,6.492094902944125e6,-42.38260584486872,15.0,1.0,0.9716662887314755,-42.38260584486872,44.29767503774347,0.047447923877435016,0.047447923877435016,4.0,0.0,0.29612073837965835,0.29612073837965835
1747,1,0.0553313065452969,0.01840126067561307,0.9571570364358577,1.5603019011805839,0.9918189509052041,2.5288400849395964e-8,2.7516390080137565e6,-45.818074589703954,15.0,1.0,0.5729865720080921,-45.818074589703954,48.85593541786046,0.21707702563551123,3.845782576932095,3.0,0.0,0.29612073837965835,0.29612073837965835
1748,1,0.010558532898133145,0.09340548272740352,0.4743068284775906,0.35677676940869774,0.4358981272113853,7.673642416538065e-8,5.635425119643283e6,-45.80963281635522,15.0,1.0,0.96803316547039,-45.80963281635522,50.6024256753667,-0.1129293100006663,-0.492011830863305,3.0,0.0,0.29612073837965835,0.29612073837965835
1749,1,0.010254876707534456,0.05185474067079723,0.4359624049276431,0.30159043768362864,0.4219146205503354,8.967384944798545e-8,7.567601834260995e6,-46.46406829227706,7.0,1.0,0.9957087429612402,-46.46406829227706,48.22627213669186,-0.02839783568207821,-0.06088469903217941,3.0,0.0,0.29612073837965835,0.29612073837965835
1750,1,0.0998588645788849,0.04997525274966902,0.40552595850686984,1.8035365777604342,0.09877808091324987,5.5433666293659776e-8,1.876327806044846e6,-47.41549762341285,15.0,1.0,0.9863920449895386,-47.41549762341285,49.8064989926369,0.00757427630014007,-0.1433761826939559,4.0,0.0,0.29612073837965835,0.29612073837965835
1751,1,0.09974476847024864,0.048770852916724006,0.43812365568461503,1.8594626672998826,0.17640196356565466,5.8923854442338464e-8,2.4066197347613974e6,-45.9461158906615,7.0,1.0,1.0,-45.9461158906615,48.632047840535556,-0.18709989708590768,-0.1915324690084148,3.0,0.0,0.29612073837965835,0.29612073837965835
1752,1,0.04918401740959018,0.030357537280710466,0.008051648770303566,0.6462078913656893,1.121764898392948,4.11355072982142e-8,3.0943239041780934e7,-46.510484883767745,15.0,1.0,0.4725104023993868,-46.510484883767745,51.05470120246465,1.6498630026986234,1.6958977983556736,4.0,0.0,0.29612073837965835,0.29612073837965835
1753,1,0.06660872930781254,0.04458367870546611,0.011253866787056137,0.8978963825011749,1.1442277800952942,3.9312363880206716e-8,3.392047951317211e7,-45.948376510706396,7.0,1.0,0.9971455943867282,-45.948376510706396,48.757496448981605,-0.020712260334427413,-0.25200078013146765,3.0,0.0,0.29612073837965835,0.29612073837965835
1754,1,0.07431186991833331,0.03329123456662246,0.0501760567290328,1.148095153444646,0.4633264282977035,6.533747605970473e-9,3.2450526952829953e7,-45.78961226259753,11.0,1.0,0.728436848938673,-45.78961226259753,49.18537898996433,0.022634590509539976,5.718760624868274,3.0,0.0,0.29612073837965835,0.29612073837965835
1755,1,0.05197643630515436,0.015596084897138564,0.08310382599005627,1.1765285628753972,0.3190799659630764,1.2069427777491118e-8,1.4057899411693726e7,-44.49000970957871,7.0,1.0,0.9878410686494539,-44.49000970957871,47.63595851973254,0.008153401439592756,-0.8599758019933716,3.0,0.0,0.29612073837965835,0.29612073837965835
1756,1,0.06793321293542579,0.022001803246138235,0.11196341660146575,1.2897245725554156,0.43620206061864647,1.5644354134192106e-8,1.8141592290197783e6,-41.20266390365373,15.0,1.0,0.27346486780406914,-41.20266390365373,44.692659471584925,-0.5111075577427542,9.493937818076205,3.0,0.0,0.29612073837965835,0.29612073837965835
1757,1,0.0892424491548892,0.09831164775937529,0.17411113805601727,1.7783025158979788,1.337182950047634,1.5200944594607064e-8,3.70681125661009e6,-45.60763469431203,7.0,1.0,0.8611877050332968,-45.60763469431203,47.202387712577384,0.19589870663578068,0.23768520566853368,3.0,0.0,0.29612073837965835,0.29612073837965835
1758,1,0.06623959634182865,0.0524372902849447,0.029333751661367268,1.0271957422056162,0.7489274450701825,2.3439798292229558e-8,2.3238804283310147e6,-39.86550357853111,15.0,1.0,0.980502630282476,-39.86550357853111,46.28505823160344,-0.28345658518799866,-0.28345658518799866,4.0,0.0,0.29612073837965835,0.29612073837965835
1759,1,0.054819463532860685,0.06116467079137649,0.028863264521010273,1.3712263097527435,0.7342911602837571,2.3684809115109162e-8,811717.7113462749,-38.99414299121685,6.0,1.0,0.7835536879461481,-38.99414299121685,41.18664948920968,0.2944574745498798,2288.4246212352327,2.0,1.0,0.29612073837965835,0.29612073837965835
1760,1,0.046010300145482255,0.06720264087164611,0.013348397851616473,1.6073569502708656,0.7828918394165069,1.7532371691665175e-8,421420.44215167285,-38.61358410542316,3.0,1.0,0.3260174099965755,-38.61358410542316,42.51922934086154,0.022192205475839444,1001.8726748430934,1.0,1.0,0.29612073837965835,0.29612073837965835
1761,1,0.046010300145482255,0.06720264087164611,0.013348397851616473,1.6073569502708656,0.7828918394165069,1.7532371691665175e-8,421420.44215167285,-38.61358410542316,15.0,1.0,0.02322860686975616,-38.61358410542316,44.2090638570608,0.0,109.11471883433832,4.0,0.0,0.29612073837965835,0.29612073837965835
1762,1,0.06197102559899514,0.09117980828579549,0.003647925598554805,1.6119002372742892,0.9346971001590577,2.256395556764869e-8,743574.183204801,-42.33834967111206,7.0,1.0,0.05713040031975165,-42.33834967111206,47.66451159784826,2.2412150519830902,Inf,2.0,1.0,0.29612073837965835,0.29612073837965835
1763,1,0.06503365217033061,0.09553699125032701,0.011117787773580703,1.2391490841663548,0.8202897653891599,4.2447795075798796e-8,908791.181304652,-40.675350907641175,15.0,1.0,0.13533579777914098,-40.675350907641175,47.11175279630283,-0.4610597812524375,97.62484457331122,4.0,0.0,0.29612073837965835,0.29612073837965835
1764,1,0.06884065910884245,0.0941895075861826,0.029085071528792614,1.414509884371301,0.7986056404340649,5.6102836100787044e-8,694554.7591707438,-40.86819907028812,15.0,1.0,0.4582064425776512,-40.86819907028812,42.425320040832666,-0.3598564532972617,1.1267288392597266,3.0,0.0,0.29612073837965835,0.29612073837965835
1765,1,0.04980414773592637,0.07039170737675869,0.0313874910697142,1.9577273374820323,0.8038210639638187,7.011998992495416e-8,2.135134010864883e6,-42.11372170227208,14.0,1.0,0.8447166263228822,-42.11372170227208,44.903424893424784,-0.08893195242582408,8857.639999000216,3.0,1.0,0.29612073837965835,0.29612073837965835
1766,1,0.05821034093812631,0.05061430264145934,0.02583918906074305,1.9280959758709353,0.5485905447147726,6.29670131947957e-8,1.6227807210675853e6,-41.01988709718236,3.0,1.0,0.9463520196737214,-41.01988709718236,43.14448949917039,-0.017974296246372035,0.13866567239814742,2.0,0.0,0.29612073837965835,0.29612073837965835
1767,1,0.06821164488220169,0.051990085692733314,0.030932032861695925,1.9919641406680444,1.3707689007998982,9.87805483485774e-9,476319.47607319016,-44.21659829244262,7.0,1.0,0.9968896642084645,-44.21659829244262,45.539975421166105,-0.4478968968296684,-0.46704099892390616,3.0,0.0,0.29612073837965835,0.29612073837965835
1768,1,0.06821164488220169,0.051990085692733314,0.030932032861695925,1.9919641406680444,1.3707689007998982,9.87805483485774e-9,476319.47607319016,-44.21659829244262,1.0,1.0,5.867359160156752e-269,-44.21659829244262,50.774501190079434,0.0,617.6259853703252,1.0,0.0,0.29612073837965835,0.29612073837965835
1769,1,0.06821164488220169,0.051990085692733314,0.030932032861695925,1.9919641406680444,1.3707689007998982,9.87805483485774e-9,476319.47607319016,-44.21659829244262,15.0,1.0,5.1538499328684626e-14,-44.21659829244262,49.06377113591554,0.0,416.57212681198234,4.0,0.0,0.29612073837965835,0.29612073837965835
1770,1,0.062438840326831356,0.046621299900391766,0.020223641476605516,1.5652916567920045,0.3115083809998123,2.2001777716030434e-8,1.4553801769152877e6,-39.77021210980087,15.0,1.0,0.21511396949280606,-39.77021210980087,46.16148259487995,0.71435321193524,4.01061014720127,4.0,0.0,0.29612073837965835,0.29612073837965835
1771,1,0.062393096374090316,0.08588815402072889,0.03309619681726667,1.2131075652191246,1.0404575975669337,2.8416034175266157e-8,2.0179414611683197e6,-40.3738449283916,7.0,1.0,0.8908377528015237,-40.3738449283916,42.204182987704506,0.04807006593507879,0.19408116197645597,3.0,0.0,0.29612073837965835,0.29612073837965835
1772,1,0.08257369228922093,0.019085811434887932,0.9195795819991945,1.6702073035819363,0.4169346187127241,4.751625356710262e-8,1.3425257863934841e7,-44.67972452027611,11.0,1.0,0.5896680589396618,-44.67972452027611,47.06751813618801,0.5736618151530095,1.1188327632315591,3.0,0.0,0.29612073837965835,0.29612073837965835
1773,1,0.08923122012745256,0.018837046637369948,0.9274005587285985,1.5562017337611025,0.8454463400714368,3.756033341433112e-8,1.8225052211221464e7,-45.47692704193699,15.0,1.0,0.9858190000756756,-45.47692704193699,48.73234181801266,-0.0010083361046469008,-0.7864199627920101,3.0,0.0,0.29612073837965835,0.29612073837965835
1774,1,0.09025915987444184,0.02227765125277007,0.9426251931310916,1.536034253738127,0.7584084905272092,4.4492401944520184e-8,2.4817261068992727e7,-46.33464147290827,7.0,1.0,0.9998724470625084,-46.33464147290827,47.20569102316301,0.0008932694087917525,-0.27350888520773964,3.0,0.0,0.29612073837965835,0.29612073837965835
1775,1,0.020296846591922192,0.09083555129018409,0.016854091096025498,1.9438214743716198,0.6813025928576061,3.211591317895039e-8,2.324921089020703e6,-45.4455405330467,15.0,1.0,0.826914943037301,-45.4455405330467,49.98536078448441,-0.044969527578217594,1.0117652128144812,4.0,0.0,0.29612073837965835,0.29612073837965835
1776,1,0.03698387339055178,0.06873209089651687,0.013467051409945727,1.883255452028695,0.3703049097123889,4.875710969605165e-8,9.865384874400955e6,-44.76156464889121,7.0,1.0,0.4353253686266521,-44.76156464889121,48.888499654448474,0.2458479311897861,1.561916018471841,3.0,0.0,0.29612073837965835,0.29612073837965835
1777,1,0.027090023304119346,0.08841289865492778,0.09702848786042974,1.9237553227809998,0.37271129560632504,5.580486574818817e-8,2.0928384827732046e6,-43.863710821820966,7.0,1.0,0.30477702669430057,-43.863710821820966,47.13420263655476,-0.6212271798400053,4.532426549053717,3.0,0.0,0.29612073837965835,0.29612073837965835
1778,1,0.09614894862258808,0.020249453933537293,0.0657010694976541,1.836918050346533,1.0518849369621752,3.116849644924267e-8,1.0927330662524381e6,-42.110262121404816,15.0,1.0,0.8862012824462149,-42.110262121404816,46.92583355680995,-0.48641185619987937,-0.48641185619987937,4.0,0.0,0.29612073837965835,0.29612073837965835
1779,1,0.09053403394049389,0.06038149229991746,0.1718208159884537,1.9980002242088857,0.16415312578022687,6.607749401836147e-8,1.8938989493700943e6,-46.5652286629367,15.0,1.0,0.5729120993468452,-46.5652286629367,49.85942543687398,0.2464388461504754,6.53410936859926,4.0,0.0,0.29612073837965835,0.29612073837965835
1780,1,0.07272719973432708,0.022869092962523672,0.5563601705301485,1.9996077963444037,0.3802755033094537,8.635866730912769e-8,4.960773365262929e6,-48.27623856701254,15.0,1.0,0.5792186294521589,-48.27623856701254,50.6944699685842,0.02121216539981674,21.039737316426823,4.0,0.0,0.29612073837965835,0.29612073837965835
1781,1,0.05067557661786176,0.0828931976880107,0.17109951317667893,1.4193329627113167,1.0499497107054625,2.0695030081443734e-8,5.004914240722113e6,-41.037689852105665,15.0,1.0,0.9930899395521945,-41.037689852105665,50.3943326553964,-0.13726614715388763,-0.13726614715388763,4.0,0.0,0.29612073837965835,0.29612073837965835
1782,1,0.08657683150818996,0.0209396342094501,0.06185255601860074,1.913199985941055,1.0569795913942572,3.674120520246052e-8,1.1362576198441274e6,-41.52433978040504,31.0,1.0,0.210097321849743,-41.52433978040504,45.35523927951361,-0.01641401404786791,151.17195517542066,5.0,0.0,0.29612073837965835,0.29612073837965835
1783,1,0.07287630409750279,0.01787310272266475,0.06024334585819497,1.923466605222161,0.8911764228379946,2.745462239475485e-8,1.7209086437413145e6,-41.832631666741705,15.0,1.0,0.7236883669187042,-41.832631666741705,44.30671891524608,0.016264259856342278,6.024920785746417,3.0,0.0,0.29612073837965835,0.29612073837965835
1784,1,0.051046360292093994,0.026594539320176178,0.0421132428004293,1.9974132653380494,0.7041286234819759,7.6364474094848e-8,1.2785079228360062e6,-44.94267413640055,7.0,1.0,0.9686916301510006,-44.94267413640055,47.19083645811503,0.0015468668701004162,-0.06587758589948578,3.0,0.0,0.29612073837965835,0.29612073837965835
1785,1,0.0803596347328574,0.03653253890924731,0.059225188129634496,1.9894713370065535,0.6301528615691184,8.113601970748358e-8,837141.546049631,-44.506170723684704,7.0,1.0,0.9425977088641585,-44.506170723684704,47.95220357385258,-0.8900155503600118,-0.8900155503600118,3.0,0.0,0.29612073837965835,0.29612073837965835
1786,1,0.07803281952236953,0.09647342997586807,0.18133784019731658,1.9863656638650857,0.47643382045931265,1.34436530506548e-8,4.35797144055998e6,-45.97290058004363,15.0,1.0,0.35408751842300873,-45.97290058004363,48.65152659651947,0.42887329757671466,2.062857779793113,4.0,0.0,0.29612073837965835,0.29612073837965835
1787,1,0.07189929871812391,0.09877075902929483,0.02453617808403534,1.9275189126024503,0.3002067163174276,1.4115409253763045e-8,557112.1634548897,-43.4490042686794,4.0,1.0,0.4657033018298121,-43.4490042686794,51.08135348263452,-1.0163613640556548,361207.89659170184,2.0,1.0,0.29612073837965835,0.29612073837965835
1788,1,0.08869991509463987,0.09887092813179643,0.057782429946735506,1.895523242760459,0.09378959461929975,1.3910844698649464e-8,768700.4820543006,-45.75440982034312,7.0,1.0,0.4242024914976181,-45.75440982034312,46.9255457546519,0.04460228190100679,351.04827217876226,3.0,0.0,0.29612073837965835,0.29612073837965835
1789,1,0.0692624718341966,0.09962581475977604,0.0284432981937845,1.7901646424483706,0.15517273871022894,2.056167606976759e-8,1.0886897909377278e6,-44.579431380973254,7.0,1.0,0.5880965957353983,-44.579431380973254,47.29471962026108,-0.11451834301037422,2.052019805025921,3.0,0.0,0.29612073837965835,0.29612073837965835
1790,1,0.03654739214274332,0.09665044868950864,0.009357874362025141,1.5614151564572778,0.17684711745491535,3.761540032378658e-8,670447.7977882192,-42.914901953570315,7.0,1.0,0.6126313372243113,-42.914901953570315,47.02522632603624,0.4423967535346449,0.9790462989099851,3.0,0.0,0.29612073837965835,0.29612073837965835
1791,1,0.025489269961569236,0.08408904466340993,0.2583017555008283,0.2742661727935529,1.2907284041269906,6.54984034127011e-8,5.881101992145596e6,-43.122528069391876,15.0,1.0,0.07378013566430527,-43.122528069391876,51.72338500476869,2.4007153698156287,20.29083366627671,4.0,0.0,0.29612073837965835,0.29612073837965835
1792,1,0.030118844454195638,0.024925019098991905,0.5611282171867471,1.7841138662485074,0.4050788500205735,2.6074869001677898e-8,8.013617630893885e6,-42.24077584514339,7.0,1.0,0.9914560256338517,-42.24077584514339,46.28381261360575,-0.03131861853928086,-0.054283403751618664,3.0,0.0,0.29612073837965835,0.29612073837965835
1793,1,0.040436752927885115,0.031088570792280668,0.48143053651085277,1.9025607337747354,0.4062443915081978,4.870269116420443e-8,1.4732482866938715e6,-44.67280877796634,15.0,1.0,0.9493633273376327,-44.67280877796634,46.14441049707275,0.707817584735551,0.707817584735551,3.0,0.0,0.29612073837965835,0.29612073837965835
1794,1,0.0905853717913953,0.071960263413312,0.005065894500619483,1.0445309691676365,1.0200576341524294,3.8121762836960646e-8,7.810720008165544e6,-44.82979467767253,15.0,1.0,0.5936905064344712,-44.82979467767253,47.734699862997175,-0.30322618955162284,1.482182418727767,4.0,0.0,0.29612073837965835,0.29612073837965835
1795,1,0.019381015129898746,0.016765249150217654,0.3121240823510235,0.2621904407939498,0.3395297753523805,4.958596235638872e-8,1.950843035797596e6,-44.69758753198917,7.0,1.0,0.9514562122588324,-44.69758753198917,49.121602740411355,-0.16307777095513387,-0.23768272455052397,3.0,0.0,0.29612073837965835,0.29612073837965835
1796,1,0.08799834116051938,0.09326019415587146,0.4493459390795055,1.861720747620784,1.133780946442851,5.914969235211548e-8,2.7439890520504313e6,-42.96044200787547,15.0,1.0,0.9835168668248057,-42.96044200787547,47.02565127287055,-0.4882706138339401,-0.4882706138339401,4.0,0.0,0.29612073837965835,0.29612073837965835
1797,1,0.08654526087438125,0.09638880691702494,0.3804129376067112,1.8893778501073855,1.2584506481028035,4.026871374571685e-8,1.5947993750272896e7,-45.86182217329814,7.0,1.0,0.809335551530343,-45.86182217329814,47.39341189374659,0.2989217496022434,0.3130238189219128,3.0,0.0,0.29612073837965835,0.29612073837965835
1798,1,0.05491761546667915,0.08695983977940738,0.14383056717713383,1.9862601737528065,1.3788430123116329,8.599557091823045e-8,3.7322065174832502e6,-46.459771044141554,15.0,1.0,0.959075282173243,-46.459771044141554,51.15812933509372,-0.11869341024367941,0.4487202404097985,4.0,0.0,0.29612073837965835,0.29612073837965835
1799,1,0.07412305859676353,0.02072241408140566,0.4934712588297733,0.11196639404946704,0.034288521563132376,9.566002234172967e-8,5.267962252238569e6,-49.80282972523925,15.0,1.0,0.990163495369449,-49.80282972523925,54.300554756082235,0.03044592920239353,-0.17398886237391764,4.0,0.0,0.29612073837965835,0.29612073837965835
1800,1,0.018051280305158957,0.021936607775119,0.22048146415577408,1.0512161589043911,0.6522497439631357,6.10600596724863e-8,3.162856151349337e6,-41.6548625488219,15.0,1.0,0.9901088595140703,-41.6548625488219,53.773521377380796,-0.278469504404093,-0.278469504404093,3.0,0.0,0.29612073837965835,0.29612073837965835
1801,1,0.016475896301095246,0.02164787966561802,0.04307870623473635,0.293022944217042,0.5615580504389118,3.587434330509802e-8,5.077960950703217e6,-44.364607509835636,15.0,1.0,0.9193662159189789,-44.364607509835636,47.23837061768031,0.12702987012195166,0.15145893106620179,3.0,0.0,0.29612073837965835,0.29612073837965835
1802,1,0.0113126774070021,0.05650291563405047,0.67223369041023,0.15247174309011685,0.4280886391676645,1.1455259590265896e-8,3.263828274386292e6,-45.8850659665231,15.0,1.0,0.998840183639986,-45.8850659665231,48.29530133635224,-0.05578108636782275,-0.20990006936155936,4.0,0.0,0.29612073837965835,0.29612073837965835
1803,1,0.09853602131521635,0.06790424576140419,0.5615243875703416,1.0496275858262791,0.8653982303062597,9.082358371128925e-8,3.318524459032018e6,-43.220525483010846,15.0,1.0,0.995332258943888,-43.220525483010846,47.54837727000546,-0.0907033453348518,-0.10634665750393424,4.0,0.0,0.29612073837965835,0.29612073837965835
1804,1,0.09846961134814079,0.03774122403875454,0.381872194050516,1.418959230302341,0.4749519785286471,8.305858413143486e-8,4.175107091146769e6,-42.83226330932372,7.0,1.0,0.9885706268338684,-42.83226330932372,45.717602837905055,0.00040733182839858273,-0.021954132923021064,3.0,0.0,0.29612073837965835,0.29612073837965835
1805,1,0.098693461242188,0.03108543007874083,0.05162228182168304,1.8823589982084614,0.24279494300619825,3.753023856146266e-8,2.213103010945303e6,-44.10645017182113,23.0,1.0,0.378266150837416,-44.10645017182113,46.5358501462938,0.012969272832755507,383.7825655304389,4.0,0.0,0.29612073837965835,0.29612073837965835
1806,1,0.0854638397174851,0.022009649569951238,0.13835470123054053,1.7208866471148832,0.7409655697262265,8.19630543090938e-8,3.0075257846130156e6,-41.65044594800978,15.0,1.0,0.9893890920145336,-41.65044594800978,46.742917562323704,-0.10372149858442725,-0.23360994241015476,3.0,0.0,0.29612073837965835,0.29612073837965835
1807,1,0.025106223029019867,0.08731194817902178,0.5885266743193401,0.4282013240898297,0.23156683279674442,5.545414018369575e-8,4.7548654198340075e6,-42.034190442128235,15.0,1.0,0.7936186171283502,-42.034190442128235,43.74904484196062,0.011848619799863513,431.1282406953709,3.0,0.0,0.29612073837965835,0.29612073837965835
1808,1,0.09328217763705236,0.044243842362853544,0.32512546149365634,0.9909346193818032,1.1430027913075596,4.985073757363396e-8,9.018465374813855e6,-41.833674829840916,15.0,1.0,0.9674161671666166,-41.833674829840916,43.9559588485075,0.028321207592561848,0.17247006379427887,4.0,0.0,0.29612073837965835,0.29612073837965835
1809,1,0.09230926977481388,0.04317094359711178,0.02280572627053315,1.3924475808414105,0.8378824231120261,5.610180750098492e-8,7.7805918979712045e6,-43.20865090286772,15.0,1.0,0.6912082913697749,-43.20865090286772,44.953848318350246,0.08937446746327282,50.70444131159338,4.0,0.0,0.29612073837965835,0.29612073837965835
1810,1,0.027147474007771934,0.08482457518449961,0.8976945167740148,0.7412057702498407,0.32754098661928605,1.953431989978171e-8,4.545241992599433e6,-42.85145158944157,15.0,1.0,0.9307664577972466,-42.85145158944157,45.57323326244641,-0.13646684639051898,4.544506631636239,3.0,0.0,0.29612073837965835,0.29612073837965835
1811,1,0.02904840651662785,0.09540558451902412,0.9242109604554497,0.3644186128144764,0.2857350913138286,6.45664765465156e-8,4.377743131703587e6,-44.707687723914745,15.0,1.0,0.852818533389555,-44.707687723914745,46.29598133238617,0.03772244001937963,457.3802406008163,3.0,0.0,0.29612073837965835,0.29612073837965835
1812,1,0.08948073914297947,0.026099125301840213,0.1418432490944734,0.4811549455409877,0.9191149982021877,5.1230432635542844e-8,3.685291537240214e6,-41.532946512794965,15.0,1.0,0.9069984906902142,-41.532946512794965,46.425232147592105,-0.06915218894521757,21.785554720972385,4.0,0.0,0.29612073837965835,0.29612073837965835
1813,1,0.05088116423669143,0.07988619282503084,0.35546471137603736,0.5724774843892487,0.6178439552988768,6.993778795682332e-8,2.4767217261352893e6,-40.71817478231512,7.0,1.0,0.9540694699533268,-40.71817478231512,43.97959877074975,0.006132501332665186,0.11003727838726007,3.0,0.0,0.29612073837965835,0.29612073837965835
1814,1,0.056385000429151046,0.06503632164496571,0.1822862523915434,0.8674405741282686,0.21686430422480402,9.389540063433752e-8,9.19528413347357e6,-42.761076324556804,15.0,1.0,0.8775571082701336,-42.761076324556804,43.706468783776735,0.1469694111073565,0.35225311693931616,3.0,0.0,0.29612073837965835,0.29612073837965835
1815,1,0.06452384214993806,0.04004164657055426,0.00867777170050646,1.1957815022973448,1.2646708757879106,1.2950774052146624e-8,1.1929605173564686e6,-40.87617065983457,15.0,1.0,0.7703914689128136,-40.87617065983457,47.67053199677997,0.5459352271187541,1.609089923475075,3.0,0.0,0.29612073837965835,0.29612073837965835
1816,1,0.06975113490064534,0.04740537785782913,0.005788612593237476,1.2787738696005044,1.0348716962878017,3.847409383146097e-8,429923.55504093814,-40.668810530630594,7.0,1.0,0.5552997722617059,-40.668810530630594,42.362415195885475,-2.1950356567396767,68.6656247185234,2.0,0.0,0.29612073837965835,0.29612073837965835
1817,1,0.07853785595357436,0.04633118797926919,0.02409598044325844,1.2872058880555433,0.8646931403432017,4.3356475240154616e-8,570848.2849503243,-38.99879222588142,15.0,1.0,0.14335430774364097,-38.99879222588142,42.44498592156808,-2.949142205693988,62.267089054511096,3.0,0.0,0.29612073837965835,0.29612073837965835
1818,1,0.05292749705244245,0.0650673965150755,0.04319835963757144,1.8271517501148975,1.2788488571174894,2.8113915831313394e-8,2.1931358789752987e6,-41.512744340454674,7.0,1.0,0.2796164221511384,-41.512744340454674,43.318964321687965,0.9617304985756974,52.258126679489536,3.0,0.0,0.29612073837965835,0.29612073837965835
1819,1,0.09026838245931809,0.02406337148705306,0.7045627284330137,0.22412546056885618,0.19034975348454267,3.4923231725198486e-8,2.930739444820305e6,-43.70267822428868,15.0,1.0,0.8553879599683444,-43.70267822428868,47.19014250617187,0.1469833837941934,0.23888682695640284,4.0,0.0,0.29612073837965835,0.29612073837965835
1820,1,0.09082570529621362,0.09097222692559458,0.040476036915430315,0.4095447213347979,0.29830037399750514,4.966226700026184e-8,2.9094751320708953e6,-43.391123017961064,15.0,1.0,0.9805912079993434,-43.391123017961064,48.185452772696515,-0.002198061486843983,-0.23030906010072982,4.0,0.0,0.29612073837965835,0.29612073837965835
1821,1,0.058911050181975726,0.07805777192134195,0.25689475438405945,1.119215512454866,0.26089807992933994,5.506900327477556e-8,4.1006685038521946e6,-40.29670967112288,7.0,1.0,1.0,-40.29670967112288,44.39123077685981,-0.10054498107933796,-0.14056291522062736,3.0,0.0,0.29612073837965835,0.29612073837965835
1822,1,0.05383044684143264,0.02654821574976802,0.09452643215437173,1.7878521708754098,0.8465601236478401,2.9421013987493367e-8,2.2843146886049327e6,-40.92134591793212,15.0,1.0,0.9463822156542406,-40.92134591793212,42.486013689351324,-0.03205283463429254,-0.3698043856841977,3.0,0.0,0.29612073837965835,0.29612073837965835
1823,1,0.047108792629532374,0.011802797483944746,0.15583895652864585,1.4776248070529248,0.6276788723901535,8.161016746751044e-8,3.4803899887574357e6,-42.80585365227992,15.0,1.0,0.6318004591647978,-42.80585365227992,44.12304564283027,0.05639027708352984,4.184089550890462,3.0,0.0,0.29612073837965835,0.29612073837965835
1824,1,0.07383003558307441,0.05851340717435889,0.9176372164032507,0.7771719879983081,0.9378292456445279,8.910003790653309e-8,4.835593429114405e6,-42.46878692789649,13.0,1.0,0.7676408411874933,-42.46878692789649,45.39762181618855,-0.06682351174434586,Inf,3.0,1.0,0.29612073837965835,0.29612073837965835
1825,1,0.027195936392578113,0.058789530205175536,0.08728325137217151,1.7021595302772887,0.7579589818021387,4.7349066193905334e-8,3.0924394055345934e6,-41.159269090733474,15.0,1.0,0.6568720537065107,-41.159269090733474,43.66360143205476,-0.000499413092008183,209.02421455879357,3.0,0.0,0.29612073837965835,0.29612073837965835
1826,1,0.09081854879135527,0.049553339798101184,0.7253836194795068,1.7676149757450088,0.6547829308978735,7.910372809593484e-8,4.287164622955286e6,-41.78823111114208,7.0,1.0,0.9936407381199267,-41.78823111114208,42.64468114324882,0.021929879523128193,-0.031376822722791076,3.0,0.0,0.29612073837965835,0.29612073837965835
1827,1,0.0853617574953345,0.08756227352811419,0.6660812520802283,1.493405597908368,0.8672345452526171,6.340985174088032e-8,3.728966443284448e6,-41.07950058727408,7.0,1.0,0.9831299842707758,-41.07950058727408,43.31042574983744,-0.01063077232626597,0.06924065727040585,3.0,0.0,0.29612073837965835,0.29612073837965835
1828,1,0.09969182059015175,0.012722852535226207,0.15064475312954925,1.8034917414009566,1.1581544190280384,4.107246132078424e-8,1.4710244754079292e6,-46.662510874676244,7.0,1.0,0.891909900555748,-46.662510874676244,49.3594797512132,-0.04744750498850436,0.5060506648249259,3.0,0.0,0.29612073837965835,0.29612073837965835
1829,1,0.013578490017264147,0.09574476846539144,0.7959874911401852,0.28816955735472793,0.4450617696789241,7.194861084080487e-8,3.3373032553020082e6,-45.063646989909955,15.0,1.0,0.7936217170985791,-45.063646989909955,50.62962408605078,0.07086790057757497,1.1445129485044774,4.0,0.0,0.29612073837965835,0.29612073837965835
1830,1,0.09784535835835063,0.012691121571516709,0.3537862375911918,0.8868931308385472,0.14799657823206613,5.404650977959457e-8,5.6362890513271075e6,-45.09546717365893,15.0,1.0,0.9709526621054069,-45.09546717365893,51.90255117460938,0.025476376726601302,-0.27073047038309994,3.0,0.0,0.29612073837965835,0.29612073837965835
1831,1,0.09982897510678049,0.015540100751628998,0.35778352776571243,0.28355658979353227,0.6169376786403961,5.223103167231602e-8,2.681992890296173e6,-46.86520550651018,7.0,1.0,0.9926571176521675,-46.86520550651018,49.34228944650637,-0.05438873026122337,-0.19060653166955177,3.0,0.0,0.29612073837965835,0.29612073837965835
1832,1,0.09939651506698532,0.03258266941588866,0.4689270702630703,0.1896491841890547,0.6854582163824585,3.834967028278622e-8,6.337252893202584e6,-45.25007627455153,15.0,1.0,0.9852557215209254,-45.25007627455153,48.58307909530924,0.00560996306327155,-0.13621882135495156,4.0,0.0,0.29612073837965835,0.29612073837965835
1833,1,0.05458453609181017,0.011464911381705923,0.49350340246996277,0.4197989812836429,0.4307900985004949,5.775592764823542e-8,3.025154458153464e6,-42.92491933178125,15.0,1.0,0.9349607711237403,-42.92491933178125,49.324379152662985,-0.05117538263554877,0.13046248283953332,3.0,0.0,0.29612073837965835,0.29612073837965835
1834,1,0.05091264185934905,0.011524961163645644,0.2632809935517601,0.5571722386122147,0.4648009475135623,6.650801635767895e-8,2.889342947755176e6,-42.81253090506828,7.0,1.0,0.9831007132053087,-42.81253090506828,43.810669550643844,0.005416854546226091,0.08550632631787636,3.0,0.0,0.29612073837965835,0.29612073837965835
1835,1,0.01689537628576441,0.010229340468781049,0.692016655754826,1.3757014226968944,1.335988929715058,5.888639679936084e-8,5.412033427540338e6,-47.07826083153786,15.0,1.0,0.9659207102800517,-47.07826083153786,48.286361946109785,0.0893945058163581,-0.24170769327454877,4.0,0.0,0.29612073837965835,0.29612073837965835
1836,1,0.04466880726059088,0.02720558911538233,0.3108275655571314,1.2029545276843872,1.2647574359723477,9.432123531452724e-8,3.8379203470924897e6,-42.29154163926264,7.0,1.0,0.994256600349687,-42.29154163926264,49.03084135434858,-0.14159250703519177,-0.2320722783583733,3.0,0.0,0.29612073837965835,0.29612073837965835
1837,1,0.08180793984344505,0.049427924474957564,0.467612422000867,1.0227222420834763,0.3431985210195036,4.2482516611295666e-8,3.7262912251529377e6,-40.01479799256168,15.0,1.0,0.9961750938982622,-40.01479799256168,44.953230489314926,-0.09930336326960543,-0.09930336326960543,4.0,0.0,0.29612073837965835,0.29612073837965835
1838,1,0.062494856815436074,0.05497385152998935,0.8528784143740017,0.9527588709075571,0.5281950384794393,1.3057710718657392e-8,3.48010695732282e6,-41.20325649548224,7.0,1.0,0.9489619724470872,-41.20325649548224,42.2071641107167,0.0508486093974696,0.07621495525449973,3.0,0.0,0.29612073837965835,0.29612073837965835
1839,1,0.06316866025197646,0.02783900533417026,0.03662782455290597,1.2086792341847064,0.6019010656142239,8.588325311601358e-8,2.9568856237887368e6,-41.25318226268978,15.0,1.0,0.9506393237171079,-41.25318226268978,43.368227617598066,0.045285432227196054,0.11445505533758649,4.0,0.0,0.29612073837965835,0.29612073837965835
1840,1,0.055826438660377516,0.08732566238190588,0.41684735864765743,0.9669357250596557,0.1642352624556671,9.630541185897189e-8,3.59501632356528e6,-42.971337714101544,10.0,1.0,0.7880675914682327,-42.971337714101544,45.26253940206807,0.014612169292064436,1.641275064460432e6,3.0,1.0,0.29612073837965835,0.29612073837965835
1841,1,0.08119157215396997,0.02484454273514765,0.5530347330211793,0.32484745415069727,1.2747563353917652,2.1677459712065688e-9,2.487005791890893e6,-45.17704993779003,15.0,1.0,0.9335154991441764,-45.17704993779003,47.650908942207344,0.1024234005339082,0.15593204236095204,4.0,0.0,0.29612073837965835,0.29612073837965835
1842,1,0.03066485207431563,0.09081728868811273,0.3377123892939886,1.1503657064975803,0.12002600729827052,6.858684695394905e-8,9.251780551582903e6,-43.03687784409688,15.0,1.0,0.8585611318954692,-43.03687784409688,47.62017831356092,0.14835517417620991,0.388650377194665,3.0,0.0,0.29612073837965835,0.29612073837965835
1843,1,0.07432653102865597,0.027266512803119432,0.23219446946717973,0.6589693412662593,0.6849746713203765,6.961639633572533e-8,5.613691293348143e6,-40.69245390701492,7.0,1.0,0.9907283056708208,-40.69245390701492,45.071043644573024,-0.11130508583271137,-0.22621305265670344,3.0,0.0,0.29612073837965835,0.29612073837965835
1844,1,0.04504709569855581,0.06260085071369537,0.180562952597205,0.6442897724038602,1.0439243226395452,5.595554846526394e-8,7.206941365653544e6,-40.69482221365993,7.0,1.0,0.9391888009768642,-40.69482221365993,45.03552942464255,-0.003158325441120269,0.1970114971103314,3.0,0.0,0.29612073837965835,0.29612073837965835
1845,1,0.06049735666718346,0.05657892197670914,0.8126559338670536,0.5353154401165998,1.2193824893404888,4.604048010849717e-8,3.9205209903065865e6,-41.050482160961536,7.0,1.0,0.9929552519567661,-41.050482160961536,42.334192995715334,-0.030171810435824398,-0.054899403720554574,3.0,0.0,0.29612073837965835,0.29612073837965835
1846,1,0.058913567713311125,0.04638795936168398,0.05644231878676172,1.7870141624618872,0.4144988581786237,2.989613874540661e-8,1.293519941753898e6,-40.11476935841274,15.0,1.0,0.9175945690104506,-40.11476935841274,44.33392592679063,0.1378382362767141,-0.895758128212627,4.0,0.0,0.29612073837965835,0.29612073837965835
1847,1,0.08060987050669571,0.02083343119143205,0.012460957652441939,1.7272517853441642,1.1392928730199559,1.551509509389826e-8,2.8682736039713835e6,-43.5963028077198,15.0,1.0,0.2030781322928165,-43.5963028077198,45.95837660920767,0.9189928183166316,22.659809202678034,3.0,0.0,0.29612073837965835,0.29612073837965835
1848,1,0.028724092495853414,0.08116289670992796,0.6607087884586164,1.1368277091701853,0.188202495406883,9.029773620550181e-10,2.8292320372027606e6,-45.11892049253801,11.0,1.0,0.8165840217122955,-45.11892049253801,47.98567942320141,-0.06573007606368009,44.29314440860536,3.0,0.0,0.29612073837965835,0.29612073837965835
1849,1,0.02404940914128684,0.09361795992628417,0.7728541578414104,1.2247455362219535,0.5850578990708825,5.498871706105173e-10,1.1038002652176982e7,-47.140128546647816,7.0,1.0,0.7240335255565389,-47.140128546647816,49.229338168666054,0.2537112663015293,0.7124243041085094,3.0,0.0,0.29612073837965835,0.29612073837965835
1850,1,0.04875365717993195,0.07826619324309142,0.33420117282444983,0.6065797526337274,1.172345145107788,9.980865427055132e-8,5.037212680104799e6,-44.71828466873642,15.0,1.0,0.9977985179585048,-44.71828466873642,48.764791084476315,-0.4021580958683373,-0.5409964387554993,4.0,0.0,0.29612073837965835,0.29612073837965835
1851,1,0.0849836643011305,0.024898943709161403,0.04239795137181886,1.3332822110292408,0.32284837420195983,9.3750525335813e-8,1.188649011405005e7,-45.13969119956496,15.0,1.0,0.891437503344062,-45.13969119956496,49.51353270482316,0.21807593608446751,-0.3209939504184831,4.0,0.0,0.29612073837965835,0.29612073837965835
1852,1,0.07551905556848973,0.030862549044722395,0.025347666826126772,1.2798151892849192,0.22426335900466243,9.522675258865511e-8,4.373720474491511e6,-44.174758455613336,3.0,1.0,0.6666666666666693,-44.174758455613336,49.31525647462982,-0.062072453154577545,32.435558429311804,1.0,0.0,0.29612073837965835,0.29612073837965835
1853,1,0.07667499827042192,0.06677855262872898,0.07697204150213006,1.5516880427398445,1.229506654471948,2.0320625459401025e-9,5.5244293051134925e6,-44.12683502301602,15.0,1.0,0.955916485576145,-44.12683502301602,45.82150391521904,-0.004327130795921619,-0.41976103951568433,4.0,0.0,0.29612073837965835,0.29612073837965835
1854,1,0.02677376917541517,0.06050804166866048,0.9401487087125698,0.1781160653849661,0.20528126603438207,1.826029219019231e-8,3.778522804751123e6,-45.612987707938046,11.0,1.0,0.9090909090909091,-45.612987707938046,49.7666507778988,-0.15125793053900338,1512.4323366897659,3.0,1.0,0.29612073837965835,0.29612073837965835
1855,1,0.08610904385927917,0.0949930048130873,0.9203477172302997,0.4926770809737445,0.36472036511501227,3.949405877258094e-8,4.81447973145302e6,-44.219467506193936,7.0,1.0,0.97924049699121,-44.219467506193936,48.66579224943211,0.021215503654225643,-0.12722453604867212,3.0,0.0,0.29612073837965835,0.29612073837965835
1856,1,0.06612716022478234,0.057622886618314065,0.8527443970434506,0.8781723122955332,1.1120441215073251,4.003126661282563e-8,3.388238806015909e6,-40.79094554935104,7.0,1.0,1.0,-40.79094554935104,44.86733072951326,-0.12394321637005135,-0.16704644219268516,3.0,0.0,0.29612073837965835,0.29612073837965835
1857,1,0.06060045855106189,0.060692569832309945,0.03426296063193701,1.2778665466665133,0.2412477192488656,3.177700766582978e-8,3.5024961090467046e6,-40.83817518788025,11.0,1.0,0.7930006457552854,-40.83817518788025,42.23830749950935,0.04315440361917666,495.1779774220106,3.0,0.0,0.29612073837965835,0.29612073837965835
1858,1,0.05886895319705199,0.048957011332332594,0.017671630049788778,1.0874280048978002,0.24833022569536278,3.608569325119501e-8,1.4199138750161177e6,-39.74330224530503,15.0,1.0,0.9932918224634516,-39.74330224530503,41.518329769892944,-0.04115189235799477,-0.12263904462612629,3.0,0.0,0.29612073837965835,0.29612073837965835
1859,1,0.0664920734319603,0.08080157474681456,0.05344234427926634,1.8831821531760005,0.6922007084521735,9.650278707493442e-8,2.0881200174440283e6,-43.25381743425489,11.0,1.0,0.7815858595653851,-43.25381743425489,44.58055820084472,0.11122508485127014,1330.304199603688,3.0,1.0,0.29612073837965835,0.29612073837965835
1860,1,0.09038104038705645,0.03993194057853533,0.6062818510200899,1.6274671733449255,0.9750139646046131,7.117544509597619e-8,6.46617148613355e6,-41.46672813965874,15.0,1.0,0.7609099402148801,-41.46672813965874,45.572917917087324,-0.020392240215386437,0.8310194714538355,4.0,0.0,0.29612073837965835,0.29612073837965835
1861,1,0.0552653728781566,0.036495613310814114,0.27271748738568485,1.2526723734975316,1.0268858863219326,4.507885164488669e-8,3.2742364317245684e6,-39.76225306704019,15.0,1.0,0.9991427996494605,-39.76225306704019,42.2059923449192,-0.10612866409147159,-0.10612866409147159,3.0,0.0,0.29612073837965835,0.29612073837965835
1862,1,0.08784152147924075,0.09793496113544996,0.7590129307612866,1.9766198547193548,0.32240527416235937,2.5151066072487524e-8,3.4736579725280623e6,-46.49171788596492,7.0,1.0,0.777369205957504,-46.49171788596492,50.82152375079991,0.2923296736535974,0.33951510231819526,3.0,0.0,0.29612073837965835,0.29612073837965835
1863,1,0.030249381360923075,0.013440366343571878,0.08619881787490673,0.8991950070939806,1.1218146901453683,9.582646902158516e-8,2.72077036038159e6,-44.70901130541115,15.0,1.0,0.9992292163918531,-44.70901130541115,48.63622487726807,-0.0275568844765246,-0.1515514095704944,4.0,0.0,0.29612073837965835,0.29612073837965835
1864,1,0.02457409562655277,0.024088916554176873,0.10453909668257393,1.707908801673878,0.2868053300862272,7.824500924405247e-8,4.770337253473811e6,-42.8892081683383,7.0,1.0,0.9862242823108395,-42.8892081683383,47.202732714444366,-0.0008431814198175402,-0.07993212755210521,3.0,0.0,0.29612073837965835,0.29612073837965835
1865,1,0.08288413238763903,0.09399396733116892,0.3069390017385382,0.43344024951353355,1.1781949481056584,2.646838494032746e-8,6.927500879108338e6,-42.9964605363392,15.0,1.0,0.9982262556417535,-42.9964605363392,46.77392200046375,-0.013019758813378246,-0.07747815428610494,4.0,0.0,0.29612073837965835,0.29612073837965835
1866,1,0.02314627970227482,0.0317756052762171,0.5785666446763119,1.775780399042631,0.6255600485095988,6.760224233403674e-8,4.155868657665745e6,-41.388824600193786,15.0,1.0,1.0,-41.388824600193786,44.536840018120934,-0.11251668789343228,-0.15355281308851687,4.0,0.0,0.29612073837965835,0.29612073837965835
1867,1,0.013698451884674636,0.07535939308165085,0.21779481744187656,1.017328398852271,0.6803800960192309,6.061716246473168e-8,3.908917910413524e6,-41.817189423194506,15.0,1.0,0.9931955188109431,-41.817189423194506,43.20769315711034,0.003276744055554559,-0.05668901690250294,3.0,0.0,0.29612073837965835,0.29612073837965835
1868,1,0.08890225676106227,0.08259027637652357,0.03520655956517729,1.1657178230106675,0.5480041001184303,1.2814361677551947e-8,2.635910572281605e6,-41.58649064197611,15.0,1.0,0.9407647467780098,-41.58649064197611,45.29654970063037,0.08164525988732407,-0.14002854243481977,4.0,0.0,0.29612073837965835,0.29612073837965835
1869,1,0.05147098268903791,0.058880171312926284,0.35809551609182017,1.662980440546479,1.166795467674731,8.333354825060936e-10,2.618517656515195e6,-44.228731762271934,15.0,1.0,0.4599040321927668,-44.228731762271934,47.856590063845715,-0.02407512433389769,4.058541849227829,4.0,0.0,0.29612073837965835,0.29612073837965835
1870,1,0.08705293120148784,0.038429721365304564,0.03952607891295482,0.9096764126971717,0.31246687353970576,2.3579473217559007e-8,928717.6813888131,-40.47668705193669,31.0,1.0,0.3563576771893343,-40.47668705193669,46.36868007886177,-0.3472012912804274,5.095466611994311,4.0,0.0,0.29612073837965835,0.29612073837965835
1871,1,0.0825669225767367,0.03873577087285904,0.013609886415514732,0.9615498875730829,0.422319729751084,1.1524817736734454e-8,845369.5623586142,-40.0333166738599,5.0,1.0,0.7863937826890929,-40.0333166738599,41.42143036491641,0.008741642789487969,157.47053055381969,2.0,0.0,0.29612073837965835,0.29612073837965835
1872,1,0.08725157370064553,0.04270947176093736,0.02796151727216525,1.2344840172036422,0.33593489911045815,1.025810866699357e-8,436920.80733112455,-39.55664014291446,15.0,1.0,1.0,-39.55664014291446,42.23034548095816,-0.38401769837557964,-0.6050730712847852,3.0,0.0,0.29612073837965835,0.29612073837965835
1873,1,0.09441061137085228,0.033010822092360566,0.05406988875611954,1.4711161444868892,0.4439323387867238,3.571290509593869e-8,630269.8221429485,-40.7908472931271,5.0,1.0,0.22746466126336756,-40.7908472931271,48.676648307993645,0.3943444519529322,1697.5289622573102,2.0,1.0,0.29612073837965835,0.29612073837965835
1874,1,0.09172349642590849,0.06511271509617778,0.017045995183797295,1.0103514375044345,1.2985164262504567,1.0891294869742623e-8,1.1885276186891918e6,-41.95241898108713,11.0,1.0,0.6366227155849183,-41.95241898108713,43.72888840324882,-0.22054733738221444,285.9358160158217,3.0,0.0,0.29612073837965835,0.29612073837965835
1875,1,0.02529023959077665,0.06287691073500312,0.11569582006462402,1.7679463684473566,0.13051457353447077,5.2131170747669484e-8,2.8286584638593476e6,-42.726766809218795,23.0,1.0,0.669853280801776,-42.726766809218795,44.69033527518867,0.13941615653380524,121.09959572696687,4.0,0.0,0.29612073837965835,0.29612073837965835
1876,1,0.017564858280772394,0.0641581197961973,0.1372601221918127,1.7613108415168992,0.10581932730897102,5.449720344059128e-8,1.0805035200394316e7,-44.56470863108423,15.0,1.0,0.039231935791411175,-44.56470863108423,50.1105899466626,0.5313434586090438,21.29441772686083,3.0,0.0,0.29612073837965835,0.29612073837965835
1877,1,0.012916018208284643,0.05276609564186449,0.0196085904691665,1.578289046451763,0.06198705578677262,7.734758739151958e-8,3.90385976833797e6,-46.725195936370696,7.0,1.0,0.9638920163500756,-46.725195936370696,48.4573648066812,-0.03339817808524259,0.19072293447139543,3.0,0.0,0.29612073837965835,0.29612073837965835
1878,1,0.06562638885804528,0.09884866538832213,0.10434788641191217,1.7008278275956759,0.4071837796673268,3.197450435542969e-8,3.646252455902946e6,-43.50242316284871,15.0,1.0,0.9227985687424076,-43.50242316284871,50.76217665099267,-0.08330018368214098,0.3944064512633858,4.0,0.0,0.29612073837965835,0.29612073837965835
1879,1,0.04288113555836996,0.0936071591696377,0.062079371508154124,1.5629314389463766,1.1704269995107888,2.6817878735753193e-8,1.582958601068841e6,-42.624601781830805,15.0,1.0,0.8629028415887864,-42.624601781830805,47.91984876926901,-1.856644118402329,-1.856644118402329,3.0,0.0,0.29612073837965835,0.29612073837965835
1880,1,0.03925491639212607,0.054360044812043075,0.400071854840017,0.5824799792459996,1.1540665520372246,7.049347047504386e-8,6.130476582493264e6,-40.63755032759401,15.0,1.0,1.0,-40.63755032759401,45.8123658511674,-0.21173277441916127,-0.21337614916321002,4.0,0.0,0.29612073837965835,0.29612073837965835
1881,1,0.07404215549474522,0.04211511306220786,0.6905770678791308,1.8831535523492495,0.45520547534998285,3.4024472028006243e-8,6.449800623002482e6,-41.778321410810676,15.0,1.0,0.9625338452556564,-41.778321410810676,44.68383059814311,0.03876687413701774,0.1420782142717485,4.0,0.0,0.29612073837965835,0.29612073837965835
1882,1,0.0457405626474964,0.04901350679962297,0.0036252695281721826,0.3787563370284024,0.38904203733485804,6.392206310382807e-8,2.0345589066256033e6,-44.892039526965426,7.0,1.0,0.8828443159367342,-44.892039526965426,48.78209363421265,0.41757911964412386,-0.5453294167291176,3.0,0.0,0.29612073837965835,0.29612073837965835
1883,1,0.08642141104333428,0.07770978460547444,0.6742325919953074,1.6986653527496578,1.1232983118216007,4.958111052934469e-9,5.292087759642377e6,-43.216094274471786,15.0,1.0,1.0,-43.216094274471786,46.84638710302422,-0.323929854513743,-0.5711472097727821,3.0,0.0,0.29612073837965835,0.29612073837965835
1884,1,0.02115154890564483,0.03323365216735342,0.6708987879823067,0.4056728981388883,0.4057758716931201,6.077076088037632e-8,3.463046404928539e6,-41.579026770673735,15.0,1.0,0.6917630728501308,-41.579026770673735,45.91895443896682,-0.13900482377982115,2.542844350401893,3.0,0.0,0.29612073837965835,0.29612073837965835
1885,1,0.0894807513218838,0.06625024721808653,0.15667663986046218,1.7895010058016267,1.0070422979304408,6.166517257681903e-9,1.746601138768128e6,-42.64983785565926,15.0,1.0,0.9449536427344915,-42.64983785565926,45.11174737493109,0.15077650390691844,0.15077650390691844,4.0,0.0,0.29612073837965835,0.29612073837965835
1886,1,0.08336171703475016,0.06890523845959663,0.018096589856338673,1.9677560063379382,0.7900084282017852,1.1586676045254786e-8,1.4742362355531845e6,-43.62112838985941,15.0,1.0,0.4130691960878209,-43.62112838985941,45.506573985003165,0.3334704374882449,52.35679050036024,4.0,0.0,0.29612073837965835,0.29612073837965835
1887,1,0.04409195224804325,0.047965367860311546,0.057272451129288075,1.9376903548145206,0.7816853627445203,8.934394310847436e-8,4.609343621182086e6,-43.316664617279564,15.0,1.0,0.930003487732834,-43.316664617279564,45.74686560502194,-0.11191556587808549,0.6986805849599875,4.0,0.0,0.29612073837965835,0.29612073837965835
1888,1,0.07717838067960463,0.054657880943800606,0.19722101530875738,1.940385982901807,0.7010345017649449,7.104727916831476e-8,9.125267608989859e6,-42.86837569246316,7.0,1.0,0.9386053447250392,-42.86837569246316,45.87215810542668,8.634966494014407e-5,-0.6858801607435012,3.0,0.0,0.29612073837965835,0.29612073837965835
1889,1,0.04553299305982901,0.07001828271997432,0.687210958797505,0.1657994558172991,0.5176068285749874,4.801505078768817e-8,1.2614656013071502e7,-43.004835674519725,15.0,1.0,0.9832755411025805,-43.004835674519725,45.2738460840711,-0.029312496419116485,0.19892729959085642,4.0,0.0,0.29612073837965835,0.29612073837965835
1890,1,0.0301424635868585,0.09072813238074164,0.20907501624563624,0.13852503653727855,0.3208411297931391,8.558371945722097e-8,1.273422174883155e7,-45.921569725585414,7.0,1.0,0.9466294731144883,-45.921569725585414,48.55510367709613,0.11809897956466386,0.14383456188579657,3.0,0.0,0.29612073837965835,0.29612073837965835
1891,1,0.015954517241876527,0.0130234027068452,0.6433698680955747,0.6430479058873732,0.49794923758186976,1.0842744875993296e-8,3.9146617232641536e6,-44.18230322188364,15.0,1.0,0.9242976416256011,-44.18230322188364,49.890310791384884,-0.10990197521994816,3.1009441342050152,3.0,0.0,0.29612073837965835,0.29612073837965835
1892,1,0.028479673761626932,0.04424845943401395,0.6191805338183634,1.3703688374233913,0.29754332027777364,3.5907266407161615e-8,4.1364904618902667e6,-40.57853200078346,15.0,1.0,0.9968628531940067,-40.57853200078346,44.98447755628893,-0.1174952001955063,-0.13788529518404147,3.0,0.0,0.29612073837965835,0.29612073837965835
1893,1,0.08259932942425115,0.06285279519000658,0.33299332024039735,0.23403259793803008,0.8622867814013413,6.679479515741076e-8,2.4463320860851393e6,-41.87936412615726,15.0,1.0,0.9551661643791945,-41.87936412615726,43.28472034321192,0.08924212642148888,0.08924212642148888,3.0,0.0,0.29612073837965835,0.29612073837965835
1894,1,0.08002403092539667,0.026821663674124883,0.7629300856837758,0.33133865694183673,0.35459537841964184,5.799303027954664e-8,5.945047888150032e6,-42.01919099612397,15.0,1.0,0.9908286371668709,-42.01919099612397,43.56494548508324,0.014444266292493069,-0.10132940915841004,3.0,0.0,0.29612073837965835,0.29612073837965835
1895,1,0.09278928232467903,0.02815622331583261,0.7195090354094158,0.3112061600860974,1.0186998490203794,6.081678157239153e-8,5.793190066934422e6,-42.602583167903276,15.0,1.0,0.9010519969253987,-42.602583167903276,49.95708926497565,0.004279247270453368,0.1777878294775661,3.0,0.0,0.29612073837965835,0.29612073837965835
1896,1,0.027804473004077214,0.016966402953733542,0.5728475314552742,0.37840039997726793,0.8909820824661022,6.26263932067839e-8,2.8456674666841337e6,-42.126136444365734,15.0,1.0,0.9855759291692792,-42.126136444365734,45.37730633294025,0.003939459474516127,-0.09039429953165978,4.0,0.0,0.29612073837965835,0.29612073837965835
1897,1,0.022854115027562877,0.025779144707874423,0.43715112297460934,0.39282394289022315,0.15294128608163715,1.9148827518675473e-8,9.367028973321324e6,-43.59960834831018,7.0,1.0,0.9283915507188905,-43.59960834831018,45.38972264628518,0.12782110479587772,0.14480529945994647,3.0,0.0,0.29612073837965835,0.29612073837965835
1898,1,0.018884273916221363,0.01147799335632588,0.9466638238824904,0.1892799729743651,0.13110353245348064,1.0694195575368138e-9,3.4375554587922567e6,-52.459735883098915,15.0,1.0,0.4385070090420577,-52.459735883098915,55.23458796928877,0.21184532135272605,3.032837172192231,4.0,0.0,0.29612073837965835,0.29612073837965835
1899,1,0.013386405885495826,0.019938982355727972,0.9427200789925697,0.14445974659142585,1.2107202846378402,7.156039661664578e-9,4.0956962597720013e6,-49.27620106126773,15.0,1.0,0.9429800475804095,-49.27620106126773,56.66008024107845,-0.05504779233363877,1.7290419314078136,4.0,0.0,0.29612073837965835,0.29612073837965835
1900,1,0.01178503525276037,0.022870764207355156,0.95842763668867,0.13048079565914178,0.764248775188409,1.8613534619540393e-8,2.5609289989620387e6,-51.44399161351907,13.0,1.0,0.8979882191730587,-51.44399161351907,55.488367837263866,-0.7644721471413263,84.3311261682694,3.0,0.0,0.29612073837965835,0.29612073837965835
1901,1,0.014245534056913093,0.0736511480549848,0.9386038384591185,0.12370895076643339,0.7856356062256866,1.1623793241012769e-8,3.7431675592006682e6,-47.686726022238545,7.0,1.0,0.8662909868621973,-47.686726022238545,54.93071386151816,0.0844091840182486,0.3250330892669666,3.0,0.0,0.29612073837965835,0.29612073837965835
1902,1,0.08824552532284573,0.049324246103617755,0.0517447309860461,1.1580093445770245,1.2947637755298003,9.564485324971919e-8,4.241868827948828e6,-43.94765361856393,15.0,1.0,0.9124773169699564,-43.94765361856393,51.67204156771406,-0.11205122334762763,4.412407457796114,3.0,0.0,0.29612073837965835,0.29612073837965835
1903,1,0.0353202118158134,0.07435524267113988,0.3763585051360109,0.3114185061171286,0.4495186392813971,9.771240769741768e-8,4.791426633912058e6,-43.29294807226165,15.0,1.0,0.574096484472543,-43.29294807226165,53.920304477932206,-0.07311581444243132,1.8358303812059305,4.0,0.0,0.29612073837965835,0.29612073837965835
1904,1,0.0846934134322232,0.06613694982226827,0.4344645642275275,0.7372277079102322,0.6723264127295685,9.318278286812437e-8,3.674478908507992e6,-41.35052479509585,7.0,1.0,0.9965935203320279,-41.35052479509585,44.22262223311721,-0.04516083625426859,-0.05127686188244951,3.0,0.0,0.29612073837965835,0.29612073837965835
1905,1,0.09125461324491672,0.06250546574370333,0.5950746248031157,0.8088632184773289,1.038030277784462,7.888667969217667e-8,4.175149169689007e6,-41.086124339093324,7.0,1.0,0.9879322501314529,-41.086124339093324,42.51153384207398,0.006381839079061535,0.033400825929049915,3.0,0.0,0.29612073837965835,0.29612073837965835
1906,1,0.04118520178807039,0.06570110155979274,0.19948993758564515,1.2089698696630542,0.7325936563791781,2.6476620387779982e-8,3.056471799783192e6,-40.04168240797122,7.0,1.0,0.9973633926822443,-40.04168240797122,41.760490168307534,-0.042943262886922184,-0.047981613608698126,3.0,0.0,0.29612073837965835,0.29612073837965835
1907,1,0.04443129761954466,0.06648120128575291,0.8103066525703339,1.3425533065958277,1.0236917655584108,1.7840640171772093e-8,5.25677797987482e6,-41.037344584966554,7.0,1.0,0.994488748146762,-41.037344584966554,41.49232328219328,0.019671075433443264,-0.02834803426330268,3.0,0.0,0.29612073837965835,0.29612073837965835
1908,1,0.07592747144255495,0.06972410748393501,0.4371006161442387,1.6815058781146415,1.1108738212352436,1.4561957459822117e-8,2.290157085508199e7,-43.529649284346704,7.0,1.0,0.9008433611205481,-43.529649284346704,44.8511501238294,0.12362103945839209,0.14857089599315287,3.0,0.0,0.29612073837965835,0.29612073837965835
1909,1,0.024251774194477094,0.08763338323062396,0.03179206004551347,1.2324413227692714,0.8666589393121416,8.374513943662792e-8,1.4816096702969948e7,-44.84040697811301,15.0,1.0,0.9869300194190419,-44.84040697811301,49.89976512766926,-0.06527729080055877,-0.48331503137371357,4.0,0.0,0.29612073837965835,0.29612073837965835
1910,1,0.02463751442587595,0.09688632016531441,0.614927911599533,1.3482062911361792,0.6904150640455048,8.918629534406073e-8,9.332478220829772e6,-43.81878539779476,7.0,1.0,0.998342781041134,-43.81878539779476,47.429461394650126,-0.10295589224086399,-0.1660908780285979,3.0,0.0,0.29612073837965835,0.29612073837965835
1911,1,0.07779422814116085,0.035403972843774514,0.28410921461066335,0.45210636519187397,0.21430804366055278,1.7421415516824962e-8,2.295873919319514e6,-42.215578339948,15.0,1.0,0.9974255482775566,-42.215578339948,45.878405701635856,-0.09061529640263899,-0.11522864783174924,4.0,0.0,0.29612073837965835,0.29612073837965835
1912,1,0.08400763576170175,0.07266198919431024,0.5779083467194551,1.6114346284172028,0.7760697584904231,8.674311730187324e-8,4.321677494588324e6,-41.153558796256014,15.0,1.0,0.9973465375397074,-41.153558796256014,45.19833907501797,-0.11606969421878688,-0.14360380990253674,4.0,0.0,0.29612073837965835,0.29612073837965835
1913,1,0.09304318702421847,0.0639887381702362,0.3059025848450567,1.7943019901116128,0.4726872860291041,9.104441421927275e-8,3.0363595064755976e6,-42.50294192433793,7.0,1.0,0.9779049823613066,-42.50294192433793,43.45866255167841,0.033142005134891406,0.04413410126859674,3.0,0.0,0.29612073837965835,0.29612073837965835
1914,1,0.07183849855730448,0.026700719348339903,0.5960459984602902,1.3742646844614699,0.42475500985829356,7.111355660303614e-8,5.515361505208491e6,-40.62439333316069,15.0,1.0,0.9783580340872374,-40.62439333316069,46.0493056603946,-0.0464290650442436,0.06393867511068407,3.0,0.0,0.29612073837965835,0.29612073837965835
1915,1,0.07146590362489003,0.023068112612865423,0.49220963697170655,1.0915955625273401,0.18088372945742337,8.429800501851423e-8,2.284790103310725e6,-42.15811692980605,7.0,1.0,0.38502262176907603,-42.15811692980605,46.95289636774442,-0.2614227588762219,1.3570678622903571,3.0,0.0,0.29612073837965835,0.29612073837965835
1916,1,0.08390807673564532,0.08046918215569362,0.19161457994012235,0.5964660131116245,0.49984739405446926,2.912487429352441e-8,3.0742105221305393e7,-43.986006346277534,15.0,1.0,0.6793634674941085,-43.986006346277534,46.24429804183463,0.5757563578710361,2.532798168012249,3.0,0.0,0.29612073837965835,0.29612073837965835
1917,1,0.023545367387446208,0.020213079264342584,0.7157252212766032,1.6569732408845843,0.5777518869463699,9.463249748121787e-8,2.5477346837961143e6,-43.7503161735861,7.0,1.0,0.9923038899323027,-43.7503161735861,45.81134930682601,-1.1126462669130177,-1.1126462669130177,3.0,0.0,0.29612073837965835,0.29612073837965835
1918,1,0.07514569321715153,0.0967851565268075,0.150494096931518,1.275042091152388,0.3888805001931204,3.2974058714779266e-9,8.729184296921747e6,-45.09524450157997,15.0,1.0,0.8892160794305771,-45.09524450157997,47.610307970149364,0.26263436166829734,0.4346540774295278,4.0,0.0,0.29612073837965835,0.29612073837965835
1919,1,0.05828225566743042,0.021383559341009783,0.04128249512844254,1.8166840944334612,0.7776740893375259,9.349641068282645e-8,882384.9336774733,-43.1501437029593,15.0,1.0,0.3333333915266498,-43.1501437029593,49.945242766442924,-0.35489919446648344,49.36528147118721,4.0,0.0,0.29612073837965835,0.29612073837965835
1920,1,0.06378900432177992,0.08919910113449804,0.8417391741465768,0.33159189808079026,0.5938468930031036,4.0666596557057894e-8,5.035874452008748e6,-42.08906840888713,15.0,1.0,0.7855380024722923,-42.08906840888713,45.9730972070858,0.14017519482105456,0.433475003155948,4.0,0.0,0.29612073837965835,0.29612073837965835
1921,1,0.0747953256891863,0.0275826815496441,0.1324184034557832,1.2607956760114098,1.2614030032643972,3.5835821660409695e-8,2.542678061229793e6,-40.94354358917407,7.0,1.0,0.9561897251817593,-40.94354358917407,44.432281122214285,0.04411503531565586,0.1289905821300934,3.0,0.0,0.29612073837965835,0.29612073837965835
1922,1,0.07809253550917958,0.03477042867354322,0.2899684775447679,1.1243859368847247,1.2292106452957066,5.323367575957829e-8,4.3713400381030245e6,-40.54243639090022,7.0,1.0,0.6956762498886617,-40.54243639090022,44.09407131763393,-0.09539243595212099,1788.5445654623313,2.0,1.0,0.29612073837965835,0.29612073837965835
1923,1,0.08183771481469145,0.027764470221030395,0.31320315169212953,1.0544022532362056,1.3196845378569793,4.196122856573352e-8,5.198465821875135e6,-41.563649824574995,7.0,1.0,0.9781566083366674,-41.563649824574995,42.54500444032781,0.039863811121776394,-0.06570228929782473,3.0,0.0,0.29612073837965835,0.29612073837965835
1924,1,0.030908828712108684,0.07247623581252662,0.527929280848103,0.6600788073127806,0.10814088978318419,9.059204884546685e-8,6.6516159285228755e6,-42.92943057405725,15.0,1.0,0.9707404740948725,-42.92943057405725,45.899737471886255,0.024708220757432287,0.0672861513205163,4.0,0.0,0.29612073837965835,0.29612073837965835
1925,1,0.04510483025776382,0.046445115480477785,0.201732065699597,0.9126511278495738,0.19518647185614027,8.949797139306446e-8,7.99032386732287e6,-42.14299144870873,7.0,1.0,0.9990024898421975,-42.14299144870873,44.31798466539267,0.00581748653288372,-0.11515831293905876,3.0,0.0,0.29612073837965835,0.29612073837965835
1926,1,0.07649857153231582,0.09384535576779046,0.7959737964471325,1.5222973463857947,1.080872155796418,6.564287480465748e-8,1.5936804952727603e7,-43.76510873135355,7.0,1.0,0.9679746276622941,-43.76510873135355,47.42566167812656,0.07511224975961284,0.11291013442280473,3.0,0.0,0.29612073837965835,0.29612073837965835
1927,1,0.03356850415949426,0.019380076918187446,0.05746114296056335,0.6647156132075445,1.36997161944169,2.98887280228293e-8,1.6130223865188615e7,-45.82368847038509,15.0,1.0,0.9350259875559266,-45.82368847038509,50.485195510807685,0.18996967624011774,0.18996967624011774,4.0,0.0,0.29612073837965835,0.29612073837965835
1928,1,0.07278987035783151,0.0918593594670078,0.4650386473228884,0.5451915197358302,0.6853038038674809,4.85815318936837e-8,3.7003947992253594e7,-44.03387550863048,15.0,1.0,0.6545014553769843,-44.03387550863048,50.355172100706945,-0.15387468738772014,2.3416674222703904,3.0,0.0,0.29612073837965835,0.29612073837965835
1929,1,0.04944478127806953,0.01612344561624578,0.8809332954309027,1.776559241816362,0.09160524080214867,4.6784929939620556e-8,6.0408302522720145e6,-44.70960719058377,11.0,1.0,0.7222613735259417,-44.70960719058377,49.293913820251504,0.026712383286650265,2.89838378139806,3.0,0.0,0.29612073837965835,0.29612073837965835
1930,1,0.09537205676866109,0.08959568934454129,0.49033403678434845,0.9893392993398842,0.7222707251654606,6.185118823833921e-8,4.746516961954341e6,-41.857354178362506,7.0,1.0,0.9770567227463661,-41.857354178362506,47.45789918352271,-0.13625934449003552,-0.13625934449003552,3.0,0.0,0.29612073837965835,0.29612073837965835
1931,1,0.01588385441103441,0.07274502867577193,0.4589440991941367,1.3316824484934398,0.7177717210136192,3.015108859436939e-8,4.71902093087067e6,-41.23802959304162,15.0,1.0,0.9425965423251361,-41.23802959304162,46.44451656785165,-0.09413484701283181,0.19063823542587244,4.0,0.0,0.29612073837965835,0.29612073837965835
1932,1,0.05350552251902947,0.057093797907475693,0.37806569207121477,1.2074044471910514,0.9651597633688392,9.171078657484318e-8,1.1636188568395156e7,-41.738883282171635,15.0,1.0,0.8709133273064543,-41.738883282171635,44.21017245900101,0.1954029954279548,0.2746086285834437,4.0,0.0,0.29612073837965835,0.29612073837965835
1933,1,0.04863387253482499,0.040136373314278856,0.42691511805889304,1.4249870709556005,0.9053833150536233,8.325452065811014e-8,2.0733026681893416e7,-42.30543877487592,7.0,1.0,0.810653473016458,-42.30543877487592,45.58518707511371,0.01719134719343174,0.7984854321395716,2.0,0.0,0.29612073837965835,0.29612073837965835
1934,1,0.02802645105221621,0.02044785243288106,0.5298599215555261,0.5338380812856273,0.6892906122569127,2.897744701199032e-8,2.1457460733655454e6,-42.236355279702614,7.0,1.0,0.9227370515727132,-42.236355279702614,44.28999882310965,-0.2982982131309839,-0.2982982131309839,3.0,0.0,0.29612073837965835,0.29612073837965835
1935,1,0.09045833455445763,0.09775038840001897,0.6885522033074567,1.3517379731589911,0.1405478346562967,1.51241451894668e-8,1.6410120044673407e7,-46.43789870551545,15.0,1.0,0.8219690488735663,-46.43789870551545,47.6802284791153,0.31022112231789833,0.6412690253945783,3.0,0.0,0.29612073837965835,0.29612073837965835
1936,1,0.022532044013325113,0.01301612955213567,0.4553841261806143,0.5965817906600948,1.1791963699869146,8.447665574105797e-8,1.7088973966534227e7,-45.233804368702536,15.0,1.0,0.9152050111409399,-45.233804368702536,49.052930537081636,0.21832558139927727,-0.41102783098056506,4.0,0.0,0.29612073837965835,0.29612073837965835
1937,1,0.028697086683997806,0.09739922957307108,0.4836890373083794,1.2611679800146627,0.4986377620511368,2.6639428530373927e-8,3.957452732561658e6,-42.3509173664016,7.0,1.0,0.9668444993704267,-42.3509173664016,46.68410018222459,0.03891377618347036,-0.3159099796337088,3.0,0.0,0.29612073837965835,0.29612073837965835
1938,1,0.08402336613574662,0.010688531989163998,0.1606546563160929,0.9529835321594265,1.270241839873471,5.0262900883244174e-8,2.264305494155988e6,-44.30801142922732,15.0,1.0,0.9764468837683523,-44.30801142922732,45.887880562967716,0.05750011814821221,-0.07113046330401573,4.0,0.0,0.29612073837965835,0.29612073837965835
1939,1,0.05417682309121559,0.06628921020790253,0.8800596326197893,0.5904152191595519,0.05968817985847179,1.0810092562210125e-8,2.93869052531103e7,-46.87299510825127,15.0,1.0,0.3803118655444241,-46.87299510825127,51.46890003056038,0.7786753051090898,1.7786046118345524,4.0,0.0,0.29612073837965835,0.29612073837965835
1940,1,0.0498255702618077,0.08707720655232391,0.6767802389387199,1.0216980869899923,0.030685234329639734,6.1331112458661385e-9,2.4123237499033626e7,-48.59321299178754,15.0,1.0,0.9990594634985626,-48.59321299178754,51.673030959102306,-0.010931327742433439,-0.6170510469422652,3.0,0.0,0.29612073837965835,0.29612073837965835
1941,1,0.07438370412792489,0.01590052894821022,0.10506253164454143,1.6478136728626132,1.192492088760629,4.036503963054202e-8,2.1494606639900938e7,-45.00381471204509,15.0,1.0,0.7013777233911779,-45.00381471204509,52.06648805048913,0.9261687901549323,0.9811912165012444,4.0,0.0,0.29612073837965835,0.29612073837965835
1942,1,0.0355273500159226,0.06765989101258306,0.9285507115040896,0.6060759348370937,0.714492380453496,2.1753232834251942e-8,1.9470009397959283e6,-43.98268806708504,7.0,1.0,0.9861661939367681,-43.98268806708504,47.93959389438614,-0.6513943973303356,-0.6513943973303356,3.0,0.0,0.29612073837965835,0.29612073837965835
1943,1,0.03600935159255107,0.05768575759003629,0.009988348349971574,0.4530775887421996,0.736061852012325,7.065181670416023e-8,1.6858308225550488e7,-45.0795192193261,15.0,1.0,0.9572994983175238,-45.0795192193261,47.576317718584825,0.16457515476070483,-0.3433778944884267,3.0,0.0,0.29612073837965835,0.29612073837965835
1944,1,0.06317584441550957,0.041885096734077684,0.5579409293751156,0.5670095461726629,0.8453740206373331,1.7993135829001145e-8,1.3311186489973217e7,-41.61325645319071,15.0,1.0,0.5498719593081224,-41.61325645319071,46.83934928338583,-0.16528047703107518,1.4861511975286419,4.0,0.0,0.29612073837965835,0.29612073837965835
1945,1,0.0402834248082395,0.015179558481636945,0.34987206839485974,1.1617901051570032,0.7583322133662224,9.592268878175765e-9,1.8549749024403553e7,-43.960073248258716,7.0,1.0,0.950116172936734,-43.960073248258716,46.18623670485481,0.0924406637706312,-0.13329359110170458,3.0,0.0,0.29612073837965835,0.29612073837965835
1946,1,0.033680976858395745,0.07643248647380894,0.3343013890529752,1.3076072778703098,1.099377218876006,2.204148227440449e-8,3.51403225888265e6,-40.687058219650936,7.0,1.0,0.9750055169714342,-40.687058219650936,45.17097829401714,-0.27519368094557706,-0.5944757918788497,3.0,0.0,0.29612073837965835,0.29612073837965835
1947,1,0.08975293712192216,0.016096247803935648,0.10741964999560388,1.0874002304588488,0.11195510218202348,7.214374167390307e-8,2.017210148682895e6,-43.22383301659614,19.0,1.0,0.8993101973716076,-43.22383301659614,44.39560795635879,0.10173843322252907,1931.8006623848632,4.0,1.0,0.29612073837965835,0.29612073837965835
1948,1,0.011507983529685274,0.099072992070157,0.8523269743578635,1.0769270916523221,1.370002828834524,2.6213456358098773e-8,2.427267350046821e7,-50.60446210523439,15.0,1.0,0.6961347609368579,-50.60446210523439,51.10472948200995,0.6057015029891204,0.7348035198750154,3.0,0.0,0.29612073837965835,0.29612073837965835
1949,1,0.0987889191245961,0.010459741778586171,0.06542692216655907,1.1868757180810778,0.1102128958826975,7.034337449811986e-8,7.564502834390957e6,-49.299792873746725,15.0,1.0,0.9352483037964691,-49.299792873746725,53.787924959604574,-0.06065840786109078,0.5388356340287785,4.0,0.0,0.29612073837965835,0.29612073837965835
1950,1,0.07845010909210397,0.0998248903727151,0.5941889633028263,1.2930482024219054,1.3375229889876619,2.6150510900169398e-8,1.4705415599620366e7,-47.74552546124237,15.0,1.0,0.9898340723995447,-47.74552546124237,52.142885868433225,-0.1992583266331991,-0.47882194641977804,4.0,0.0,0.29612073837965835,0.29612073837965835
1951,1,0.01495309996014675,0.010021934731789384,0.29422138253634816,0.6610065174312914,0.06433930179861112,8.747954124119314e-8,1.4721361636813084e7,-52.69205723021578,15.0,1.0,0.7954397393534993,-52.69205723021578,56.44048172728939,0.2122898318634583,1.412549950496441,3.0,0.0,0.29612073837965835,0.29612073837965835
1952,1,0.0226607052822023,0.010011414081590803,0.765466708438183,0.9141836366650605,0.12384424598284358,8.400437784444451e-8,6.639099700317156e6,-50.369811107421775,7.0,1.0,0.9802511339033133,-50.369811107421775,54.687785231191775,-0.05869573469130529,-0.3819684679999611,3.0,0.0,0.29612073837965835,0.29612073837965835
1953,1,0.07334121146620315,0.010034530079836278,0.40722650822625867,0.7701113727704455,0.671982057394847,5.9200454812227596e-8,3.495058253174697e6,-45.95778942243963,7.0,1.0,1.0,-45.95778942243963,51.06829584548841,-0.14258171008945908,-0.14258171008945908,3.0,0.0,0.29612073837965835,0.29612073837965835
1954,1,0.09163195556459713,0.09997519678147973,0.3014383019351018,1.7784718463066345,0.8157268205723086,8.044344721404015e-8,3.866664364754245e6,-48.33763342649907,15.0,1.0,0.9647552797422221,-48.33763342649907,49.73005967769673,0.05678972078324307,-0.2633847045466666,4.0,0.0,0.29612073837965835,0.29612073837965835
1955,1,0.08416252346640869,0.09838737543378422,0.17944649012324254,1.41210378317742,1.2715144032880557,9.084809474531237e-8,2.4152093669257658e6,-44.76221879494129,15.0,1.0,0.9919930784552334,-44.76221879494129,50.226514315214956,0.00790731899268593,-0.29310999049450714,3.0,0.0,0.29612073837965835,0.29612073837965835
1956,1,0.08341173560523413,0.08875133921868737,0.18971033158590062,1.1216002803503298,1.3084319104082993,8.708466095547729e-9,3.5884144535265057e6,-43.00618475191301,15.0,1.0,0.9995856239206172,-43.00618475191301,47.699163880330346,-0.04164017075629545,-0.16676071489602862,4.0,0.0,0.29612073837965835,0.29612073837965835
1957,1,0.08940864522370419,0.08470234971197962,0.9074093869010446,1.7684769565548617,1.2277911196696791,5.688001783140076e-8,3.2645467302881908e6,-43.88420404007441,15.0,1.0,0.9780716407481103,-43.88420404007441,47.16863437190886,0.013580984662581841,0.11664695353222498,4.0,0.0,0.29612073837965835,0.29612073837965835
1958,1,0.06832090337797024,0.023873337757508297,0.1734911720047637,0.9925163983998253,0.12662923188135833,2.3521032850043047e-8,3.428130666400084e6,-41.79065802798285,7.0,1.0,1.0,-41.79065802798285,45.527463935393854,-0.05779522777060464,-0.09440652647838732,3.0,0.0,0.29612073837965835,0.29612073837965835
1959,1,0.037729732237648285,0.03436140407788045,0.7750680658740553,1.6620805099153528,1.248786851766974,8.842953991728622e-8,5.31928055522154e6,-42.5210848976112,7.0,1.0,0.9537438884257119,-42.5210848976112,45.756736551779554,0.04766259911016846,0.10333173011915164,3.0,0.0,0.29612073837965835,0.29612073837965835
1960,1,0.049877494185909164,0.0941750246807577,0.0992963370050859,1.8071176276797918,0.8772665441137041,9.386415860437817e-8,4.0766124847059157e6,-43.71133207193647,7.0,1.0,0.9814363846618149,-43.71133207193647,46.10521128255532,0.015665304111912803,0.06856394877357275,3.0,0.0,0.29612073837965835,0.29612073837965835
1961,1,0.09220314509884894,0.03571680857553168,0.7914057997288043,0.6922154891052281,0.5540362976413603,1.2278022017924825e-8,2.7240206496248604e6,-42.524277864288685,15.0,1.0,0.9959353263577841,-42.524277864288685,45.783491326413376,0.0011355275265074738,-0.08783211663383383,3.0,0.0,0.29612073837965835,0.29612073837965835
1962,1,0.08283746802484547,0.03776335185870598,0.9135824054577363,1.2390129660050968,0.3812231676003456,9.55650105437104e-9,6.200873833644747e6,-43.27351347772715,7.0,1.0,0.9895772893460695,-43.27351347772715,45.14595606213791,0.012653994253895462,-0.1251410247669611,3.0,0.0,0.29612073837965835,0.29612073837965835
1963,1,0.0858418570407593,0.06166127328466245,0.6053143317833194,1.1370637823957916,0.9082008086739327,2.3696955676370495e-9,3.362332827298897e6,-42.52799627440341,13.0,1.0,0.9230769230769231,-42.52799627440341,45.11086675916526,-0.09838688649031013,134.28991947791252,3.0,0.0,0.29612073837965835,0.29612073837965835
1964,1,0.025017656620198107,0.049884490843964895,0.31589735007527625,1.0298477679827736,0.46549096399167433,4.616886027865143e-8,2.3112824614096307e6,-40.88375613093782,15.0,1.0,0.9534512391418756,-40.88375613093782,44.20040322649099,0.05445457741168269,0.147381856409865,4.0,0.0,0.29612073837965835,0.29612073837965835
1965,1,0.03213136188514299,0.06270664383874276,0.44375745298870944,1.7874470432835048,0.13020114864929844,6.337629233525897e-8,3.986207621567246e6,-41.90049540879462,15.0,1.0,0.9684498343345205,-41.90049540879462,45.49807099030021,-0.026112471912540514,-0.09804610739779918,3.0,0.0,0.29612073837965835,0.29612073837965835
1966,1,0.031205820292997913,0.049688484341085366,0.2861229848026538,1.8426229135379144,0.24447208507649137,5.752256242189522e-8,2.140980929557839e6,-42.35488083484374,15.0,1.0,0.9448569278893721,-42.35488083484374,44.0045767720687,-0.36227024747857683,-0.36227024747857683,4.0,0.0,0.29612073837965835,0.29612073837965835
1967,1,0.0833060744517194,0.04615889200585635,0.5777163220408358,0.609018664618993,0.2684432933582149,5.623376602415656e-8,1.0048855690357924e7,-41.55867325803946,15.0,1.0,0.9997001809188598,-41.55867325803946,44.18558942389741,-0.005502881100902357,-0.12180626911489867,3.0,0.0,0.29612073837965835,0.29612073837965835
1968,1,0.06897372577651238,0.07268923152772228,0.46353989367869597,0.42452282391888563,0.31131161870765583,5.1383537404616416e-8,1.327154172693229e7,-41.8695097862809,7.0,1.0,0.9771873891953726,-41.8695097862809,42.94842004891984,0.003954236052784665,0.16365061174011686,3.0,0.0,0.29612073837965835,0.29612073837965835
1969,1,0.043571251669912894,0.08129973076371742,0.3204742439769352,0.34502511035543304,0.6659767879916559,9.351992179572815e-9,1.0045670169316266e7,-42.68333708872929,7.0,1.0,0.9350797853889367,-42.68333708872929,44.66204452627449,0.02829049100228076,0.45475031218738593,3.0,0.0,0.29612073837965835,0.29612073837965835
1970,1,0.09680195818022523,0.036490006575662884,0.9407333000734264,0.9534684850436054,1.0488958435754985,6.354513359501904e-8,5.021912148553626e6,-44.39731520283145,15.0,1.0,0.9316694258554868,-44.39731520283145,47.64829602765705,-0.006787131887428188,0.3024822624502477,3.0,0.0,0.29612073837965835,0.29612073837965835
1971,1,0.08594288995323783,0.014840171611439844,0.08509003819919543,1.2854047523971157,0.5369533238855815,4.397355676854733e-8,2.4158947468269113e6,-41.34511040078628,15.0,1.0,0.9650843506526041,-41.34511040078628,47.40062359969487,-0.29744731595505414,-0.29744731595505414,4.0,0.0,0.29612073837965835,0.29612073837965835
1972,1,0.08223047959242268,0.013357139995706539,0.16068925984878216,1.3161518355807489,0.4179330862447861,5.3578330602454914e-8,1.2829303473508079e6,-43.24086425047998,7.0,1.0,0.9297687660344486,-43.24086425047998,44.0110276263336,0.11056066903424266,-0.5235094237084752,3.0,0.0,0.29612073837965835,0.29612073837965835
1973,1,0.09256430704610943,0.0766691286577728,0.007329088506863462,0.8113346952820663,0.43268967264750985,1.2211098500931949e-8,1.1352507201790493e6,-42.29277724734702,15.0,1.0,0.4739228135837531,-42.29277724734702,45.94853799303126,-0.5576232500534388,12.395467680284028,4.0,0.0,0.29612073837965835,0.29612073837965835
1974,1,0.043371889971736334,0.030771736847726897,0.05042618455126322,1.341868694669353,0.9441945347231526,7.167724212850774e-8,2.5542501079714657e6,-40.66631689708872,9.0,1.0,0.7690416791439671,-40.66631689708872,44.438979026342366,0.18691975840428654,17.659059189949765,3.0,0.0,0.29612073837965835,0.29612073837965835
1975,1,0.06875948337156719,0.08429520018157449,0.016533575844805602,1.0922333291712092,0.7023143658396771,1.2936502258591633e-8,618982.767232211,-39.07313072693703,9.0,1.0,0.8510992630774913,-39.07313072693703,42.80411077307572,-0.07000120048684977,67.50181420501835,3.0,0.0,0.29612073837965835,0.29612073837965835
1976,1,0.0660755855823978,0.06947636033282442,0.006072019192876709,0.9984452644537326,0.7256035246354734,2.0148042977800193e-8,1.6883465641621072e6,-40.762499852079756,7.0,1.0,0.2100848733429296,-40.762499852079756,41.74710719698239,0.303527723719867,705.3436835993887,3.0,0.0,0.29612073837965835,0.29612073837965835
1977,1,0.06812938738512862,0.06736171990008402,0.006252215116916606,0.9125998858770292,0.6335055833985562,1.9830374424372112e-8,2.282640437466259e6,-41.37845441023133,3.0,1.0,0.9990452365710162,-41.37845441023133,41.68546393451798,0.0028684002162719935,-0.05907760956868913,2.0,0.0,0.29612073837965835,0.29612073837965835
1978,1,0.038993255055972106,0.035706077374451674,0.0105274971277261,0.8876812276644741,1.4073513156311412,2.0983623389732535e-8,1.1962690518519804e6,-44.36278225869905,7.0,1.0,0.8062292984872944,-44.36278225869905,47.52938735808077,0.00612763973741437,1.548191962155137,3.0,0.0,0.29612073837965835,0.29612073837965835
1979,1,0.09061876519055902,0.05425581408268074,0.16010496040374098,1.8641516267450975,1.2708904517235875,7.516944138588363e-8,1.811814062308532e6,-42.67187482312562,7.0,1.0,0.8582074043066907,-42.67187482312562,47.01231786875705,0.058012577040905455,0.39089165881278376,3.0,0.0,0.29612073837965835,0.29612073837965835
1980,1,0.07475468977886152,0.04750293398734196,0.17229647128604647,1.9571470918698344,1.1584559436857773,8.7987690357726e-8,1.6837726334085509e6,-43.67604342282313,15.0,1.0,0.9155485217717604,-43.67604342282313,50.71019897793461,0.08723925426776447,0.17289895868694316,3.0,0.0,0.29612073837965835,0.29612073837965835
1981,1,0.07475468977886152,0.04750293398734196,0.17229647128604647,1.9571470918698344,1.1584559436857773,8.7987690357726e-8,1.6837726334085509e6,-43.67604342282313,7.0,1.0,0.05433636938092732,-43.67604342282313,49.16628286652525,0.0,17.75666614732964,3.0,0.0,0.29612073837965835,0.29612073837965835
1982,1,0.0652565276649118,0.09690629132450641,0.07475428755077439,1.8568957629137883,0.7590201184695731,4.8070757542918605e-8,6.383022134973822e6,-43.72586534598941,15.0,1.0,0.7997476706653288,-43.72586534598941,47.298242029433254,0.21538174306538593,0.3835412561615712,4.0,0.0,0.29612073837965835,0.29612073837965835
1983,1,0.08199662316181114,0.046155122834319606,0.025509662427436373,1.4450265323530258,0.9440045154185165,5.6459722870278583e-8,578701.497585912,-40.708058967133795,30.0,1.0,0.8849478260159405,-40.708058967133795,45.05267399587573,0.03849610877904297,97834.42379192759,4.0,1.0,0.29612073837965835,0.29612073837965835
1984,1,0.053924843967278736,0.05075031282681216,0.17392865781871436,1.771776820540246,0.3409836770459699,3.67299431269748e-8,7.415611237439618e6,-41.42358576747901,7.0,1.0,1.0,-41.42358576747901,42.7911222476377,-0.32774473891976186,-0.6270366555734768,3.0,0.0,0.29612073837965835,0.29612073837965835
1985,1,0.07556001341057071,0.06505865728776704,0.02627026498312968,1.401466365308723,0.8815433256758515,3.829745570251768e-8,622586.7773330644,-38.57726024923093,15.0,1.0,0.95324392346539,-38.57726024923093,40.99716377588977,-1.4342713917327359,-1.4342713917327359,4.0,0.0,0.29612073837965835,0.29612073837965835
1986,1,0.06200505400830863,0.06797530606131565,0.0128762642415945,1.35930395271504,0.8792261919108568,3.8536711238649276e-8,477751.90074119566,-38.05617861862443,3.0,1.0,0.33695055976526517,-38.05617861862443,39.790389948524286,-0.01757332113009369,81.23927936697223,2.0,0.0,0.29612073837965835,0.29612073837965835
1987,1,0.05415584207085291,0.07073034397166408,0.02311712203650848,0.9853412204824425,1.0446725719672805,4.124684455242002e-8,781733.1132648467,-40.317959734719665,3.0,1.0,0.09132377493583711,-40.317959734719665,42.71733088459192,1.317655520573851,5302.826020808637,1.0,1.0,0.29612073837965835,0.29612073837965835
1988,1,0.09326991001892694,0.03975493682499691,0.013868736949245966,1.2052552187833705,1.3786626698963371,2.3934128322495525e-8,1.0697701089559996e6,-42.64112516270848,19.0,1.0,0.3430510254424973,-42.64112516270848,44.3956515419336,0.6440034040555602,104.40977790295247,4.0,0.0,0.29612073837965835,0.29612073837965835
1989,1,0.09326991001892694,0.03975493682499691,0.013868736949245966,1.2052552187833705,1.3786626698963371,2.3934128322495525e-8,1.0697701089559996e6,-42.64112516270848,3.0,1.0,0.007501504548421541,-42.64112516270848,50.161345649902074,0.0,27.061225121578957,2.0,0.0,0.29612073837965835,0.29612073837965835
1990,1,0.08428595678775225,0.042135041713199116,0.24670433120621432,1.2518000124134108,0.2934247623790197,8.761766642874836e-8,5.853399856158658e6,-41.58248365642977,15.0,1.0,0.8021786230654577,-41.58248365642977,46.61819188554412,0.1609979696103636,16.983757293604924,3.0,0.0,0.29612073837965835,0.29612073837965835
1991,1,0.07237825747513914,0.06568681829258381,0.8898700199217126,1.5228480001291382,0.04997209365493204,5.019396754281767e-8,2.622971094009146e6,-44.157211264434025,7.0,1.0,0.9650222907371837,-44.157211264434025,45.81695231286404,0.08383817256167703,0.08383817256167703,3.0,0.0,0.29612073837965835,0.29612073837965835
1992,1,0.047793988287156225,0.04272591535099773,0.11036613309042002,1.3320163184154263,1.423021849877433,5.708112861648256e-8,3.332346545696506e6,-44.3805927804717,15.0,1.0,0.9950110761451846,-44.3805927804717,47.25177453260746,-0.035608558529709455,-0.14582606109021157,4.0,0.0,0.29612073837965835,0.29612073837965835
1993,1,0.09786483044539981,0.018724980853677728,0.029920635040697335,1.421825478177953,1.0991404797898212,1.2684333868336388e-8,328365.5205259551,-42.51888573778328,15.0,1.0,0.7472198959772068,-42.51888573778328,48.58043120429745,-0.02309859029599437,1.0820590660701868,3.0,0.0,0.29612073837965835,0.29612073837965835
1994,1,0.09786483044539981,0.018724980853677728,0.029920635040697335,1.421825478177953,1.0991404797898212,1.2684333868336388e-8,328365.5205259551,-42.51888573778328,7.0,1.0,0.06580105372827713,-42.51888573778328,45.947381982945856,0.0,61.0897784292374,3.0,0.0,0.29612073837965835,0.29612073837965835
1995,1,0.09757847797209117,0.07481146440182737,0.012616315616415234,1.07593802506556,0.9969028046775831,5.5868566059725125e-9,857556.2978708807,-42.85549377241865,7.0,1.0,0.17940451210930775,-42.85549377241865,47.22648871819908,0.814435246447232,106.6895878540173,3.0,0.0,0.29612073837965835,0.29612073837965835
1996,1,0.08162980245822138,0.0926544042675462,0.002485787355210434,0.8390605169957696,1.094712772016727,1.2176488649967522e-8,464352.71114271577,-42.681533799321116,7.0,1.0,0.30097483690949417,-42.681533799321116,48.71664171376538,-0.12410586680865521,24.104146563175945,3.0,0.0,0.29612073837965835,0.29612073837965835
1997,1,0.0675537724147552,0.0913204405330685,0.0014254461890220126,0.7010627437096961,1.2210378454455737,2.3335742523944765e-8,457823.4874235411,-43.99562873342854,3.0,1.0,0.6305206972660765,-43.99562873342854,47.62061599109203,-0.0276546893697045,85.72937353443152,1.0,0.0,0.29612073837965835,0.29612073837965835
1998,1,0.02983783570049669,0.03146943391125725,0.00234950871001884,1.9220127550024748,0.2948817458612681,4.417341130257399e-8,1.1946863457174962e6,-44.63946233736677,7.0,1.0,0.3196308013851498,-44.63946233736677,49.672752998863366,0.9552667725029096,11.715453903908568,3.0,0.0,0.29612073837965835,0.29612073837965835
1999,1,0.08029882293968402,0.01863982010816182,0.3520599097518449,1.7469927872616369,0.5802344740655848,5.772239943955198e-8,2.658309805469938e6,-41.342741200274915,15.0,1.0,0.9646656013108573,-41.342741200274915,47.09476313572985,-0.13275449561516695,-0.22252501341117892,3.0,0.0,0.29612073837965835,0.29612073837965835
2000,1,0.06155205337024312,0.08688677609552654,0.24677485293963658,0.6911082845608171,0.23429373772766335,9.104488538537519e-8,2.3418211537592267e6,-42.66143447892561,15.0,1.0,0.8938519121843372,-42.66143447892561,46.018968002461726,0.12961375525381413,0.19215331060625118,4.0,0.0,0.29612073837965835,0.29612073837965835
2001,1,0.028862111276098425,0.03588106071999336,0.6107630470044529,1.626414022261038,0.3454920975080919,6.287201788228122e-8,8.118563185180489e6,-41.43561504900005,7.0,1.0,1.0,-41.43561504900005,44.084749126663226,-0.07111528402612066,-0.10693695963277605,3.0,0.0,0.29612073837965835,0.29612073837965835
2002,1,0.04799909950706556,0.035881487128478384,0.614777631296012,1.7058607107778758,0.9072230955302536,7.8824681072705e-8,2.3599629190551564e7,-43.00003074559986,7.0,1.0,0.9056370113743293,-43.00003074559986,44.968313860586676,0.03442613997030719,0.6799826068464725,3.0,0.0,0.29612073837965835,0.29612073837965835
2003,1,0.03643765189395031,0.0890229504761835,0.07822697832877763,0.9460069000717769,0.9661023914313904,1.769956848158156e-8,4.922411353459924e6,-42.06636291061761,15.0,1.0,0.8853423221493308,-42.06636291061761,47.58444473060375,-0.006201377022961196,1.8247560959914821,3.0,0.0,0.29612073837965835,0.29612073837965835
2004,1,0.07423421532172825,0.0186740832187968,0.8456219082667458,0.4790416671445701,0.44329473214377685,3.13391857831975e-8,3.9977550438864236e6,-42.19805460542025,15.0,1.0,0.9986816411933662,-42.19805460542025,45.432768304166764,-0.03810575982317488,-0.08419153087692877,4.0,0.0,0.29612073837965835,0.29612073837965835
2005,1,0.05384565919865542,0.01785110988526958,0.7508321154669024,0.6904418500428805,0.8368546345766897,3.46212167470916e-8,6.968822809980929e6,-41.4870977914291,7.0,1.0,0.992247587741989,-41.4870977914291,43.39092011543911,0.0012478634394241794,-0.09154301894982808,3.0,0.0,0.29612073837965835,0.29612073837965835
2006,1,0.06336293829345152,0.07416399716516625,0.4466498615492247,0.9382781906101457,0.4898295187393924,1.3106030013024572e-8,3.720274068049026e6,-40.42770639324097,7.0,1.0,0.9874036088527512,-40.42770639324097,43.60643273525972,-0.09797853532611356,-0.09797853532611356,3.0,0.0,0.29612073837965835,0.29612073837965835
2007,1,0.05722195905743395,0.06242235893587206,0.39497943801978824,1.4209442921485431,0.7210417972896703,6.9558594300570115e-9,7.936348927359665e6,-41.40745909159593,15.0,1.0,0.9643376514558263,-41.40745909159593,41.909115270660834,0.06456687878503686,0.09592785268888804,4.0,0.0,0.29612073837965835,0.29612073837965835
2008,1,0.035374718145168835,0.0825000285705881,0.8664319098974914,1.624882505147525,1.359925778414534,1.1243805875256043e-9,3.532624009159383e6,-46.57861013065626,7.0,1.0,0.8368825800399566,-46.57861013065626,51.70657898244913,0.1721513977130229,0.3334864196514076,3.0,0.0,0.29612073837965835,0.29612073837965835
2009,1,0.0959867988317252,0.06508005235239085,0.17916856710431242,1.2076257475848062,0.21285761547897689,9.307583995339586e-8,3.489126364786668e6,-43.25645887641657,15.0,1.0,0.9836561260549329,-43.25645887641657,49.73792682143906,-0.11927557804471434,-0.2339651164527723,4.0,0.0,0.29612073837965835,0.29612073837965835
2010,1,0.027927431932570378,0.04477886674880716,0.03838772218451367,1.8133205736549964,1.100217869698237,3.568310905461268e-9,2.5012399781294074e6,-44.20007661653898,15.0,1.0,0.9932501582227323,-44.20007661653898,46.09838581262349,0.029007004029288908,-0.07755912726703684,4.0,0.0,0.29612073837965835,0.29612073837965835
2011,1,0.09170246171239112,0.0828919996249199,0.028421372232400082,1.013061804062935,0.6876523689941532,7.295307435391299e-8,1.5506258651471557e6,-42.32898802591034,7.0,1.0,0.9479814763432527,-42.32898802591034,46.81624921032788,0.0152626780983951,-0.26435282679504724,3.0,0.0,0.29612073837965835,0.29612073837965835
2012,1,0.055864397474598496,0.02458232091224246,0.7778160750997142,0.7632629049697643,0.8156146973372929,1.608302981640404e-8,9.04560008678585e6,-41.85014567572821,23.0,1.0,0.9743284645735529,-41.85014567572821,43.98279798217393,-0.051051397853072444,0.5070732649021252,4.0,0.0,0.29612073837965835,0.29612073837965835
2013,1,0.04054221306331928,0.0271551045123139,0.7999272165515393,0.5416712303328167,1.2434508269526805,6.587605646773847e-8,1.4969419930515716e7,-43.20431640014009,15.0,1.0,0.9174188466413999,-43.20431640014009,45.21000425647286,0.04453788258697955,0.43207860645502194,4.0,0.0,0.29612073837965835,0.29612073837965835
2014,1,0.04339481049894778,0.07217411954567884,0.09679271013070835,0.5405919889724338,0.6099164743524377,7.13513019425253e-8,2.8052763289971785e6,-40.984386187716865,7.0,1.0,0.9529064653825267,-40.984386187716865,44.40296750328511,-0.22100464973213718,0.39996238935701456,3.0,0.0,0.29612073837965835,0.29612073837965835
2015,1,0.0739747163063255,0.04121938555955156,0.10165817876183565,1.1455439891896868,1.3418647698423314,8.095277661745477e-8,6.952128733551189e6,-42.65592679437236,15.0,1.0,0.883200638122404,-42.65592679437236,44.20308394026819,0.1531541672827501,0.3423575756628381,4.0,0.0,0.29612073837965835,0.29612073837965835
2016,1,0.08751382373547208,0.06465385692226525,0.04363477657614147,1.5261670227554895,0.1239836279503099,5.621987226653176e-9,1.8152750065039634e6,-42.54610520054267,15.0,1.0,0.9621506001354516,-42.54610520054267,45.084228827187644,-0.24675731883114338,-0.8250521383178651,4.0,0.0,0.29612073837965835,0.29612073837965835
2017,1,0.06272857648491206,0.03693648697550584,0.3956006708118424,1.4635931754922067,1.1214703198777918,2.6029549022504326e-8,3.494982868838341e6,-40.232708188723606,15.0,1.0,0.92479052976484,-40.232708188723606,45.648457529783215,-0.011589054808233357,0.13911777332447883,3.0,0.0,0.29612073837965835,0.29612073837965835
2018,1,0.07042374221621474,0.0314653394562778,0.02972248401231061,1.9862106369823642,0.4334526671863899,4.7342834514724964e-8,868385.4115384129,-42.116261914605424,15.0,1.0,0.8698043220343981,-42.116261914605424,45.16552652474559,0.02325901838261757,6.946454509383344,3.0,0.0,0.29612073837965835,0.29612073837965835
2019,1,0.07042374221621474,0.0314653394562778,0.02972248401231061,1.9862106369823642,0.4334526671863899,4.7342834514724964e-8,868385.4115384129,-42.116261914605424,3.0,1.0,0.039689748831405504,-42.116261914605424,46.89548421059078,0.0,22.61216483132327,2.0,0.0,0.29612073837965835,0.29612073837965835
2020,1,0.04159576395637441,0.0880192873363063,0.026685458917434346,1.9758259049265836,0.9025408978711862,8.292787501181186e-8,1.5421385684754695e6,-43.99297489606879,11.0,1.0,0.6919426983823892,-43.99297489606879,45.6430787690434,0.015076804977923075,150.41586624907856,3.0,0.0,0.29612073837965835,0.29612073837965835
2021,1,0.08189848514010525,0.0185826845585466,0.07593555305825017,1.9741154199072095,0.4780597414885631,2.869556190886266e-9,831473.3326163188,-45.001485256473316,15.0,1.0,0.6740419156239994,-45.001485256473316,47.5334918250813,0.28159865412401075,1.8025061277180399,4.0,0.0,0.29612073837965835,0.29612073837965835
2022,1,0.051366251053987406,0.01694762561863985,0.04280258931949162,1.9892564652778486,0.11100131249023049,4.080863996139301e-9,998866.1003675146,-46.6203957239149,7.0,1.0,0.2373169717578982,-46.6203957239149,49.93252695347449,0.5228149921882164,2.000203218612171,3.0,0.0,0.29612073837965835,0.29612073837965835
2023,1,0.07084600132047081,0.023614270101779113,0.032511911739920824,1.9843920319105803,0.46495133219284507,3.841527758746788e-9,455214.5636840719,-42.91224682023378,7.0,1.0,0.2857142857142857,-42.91224682023378,46.979793336228084,-1.5191461373781436,Inf,2.0,1.0,0.29612073837965835,0.29612073837965835
2024,1,0.06837380295995943,0.01679135300429522,0.038756618715748314,1.9831355562818627,0.4456612305449284,5.275726557238795e-9,476094.94481846684,-43.3049637591851,7.0,1.0,0.1988138048409164,-43.3049637591851,44.396078949420094,0.3078100129383685,514.1906133207444,3.0,0.0,0.29612073837965835,0.29612073837965835
2025,1,0.06268679296295879,0.01307260191065008,0.02652978450687481,1.9801090734174203,0.38102960452466733,1.1515888112967526e-8,356554.16636217164,-42.37250719450231,5.0,1.0,0.5259767805113837,-42.37250719450231,45.72871283175357,-0.3158605291076313,11722.684584209926,2.0,1.0,0.29612073837965835,0.29612073837965835
2026,1,0.06268679296295879,0.01307260191065008,0.02652978450687481,1.9801090734174203,0.38102960452466733,1.1515888112967526e-8,356554.16636217164,-42.37250719450231,11.0,1.0,0.00014883596259315706,-42.37250719450231,45.17839702412624,0.0,Inf,3.0,1.0,0.29612073837965835,0.29612073837965835
2027,1,0.06268679296295879,0.01307260191065008,0.02652978450687481,1.9801090734174203,0.38102960452466733,1.1515888112967526e-8,356554.16636217164,-42.37250719450231,3.0,1.0,8.818782794237325e-49,-42.37250719450231,46.99177073208519,0.0,391.8445669259246,2.0,0.0,0.29612073837965835,0.29612073837965835
2028,1,0.06268679296295879,0.01307260191065008,0.02652978450687481,1.9801090734174203,0.38102960452466733,1.1515888112967526e-8,356554.16636217164,-42.37250719450231,7.0,1.0,9.37968808906502e-8,-42.37250719450231,44.56099688695077,0.0,Inf,2.0,1.0,0.29612073837965835,0.29612073837965835
2029,1,0.04651610989213265,0.014310227604678923,0.011399344309753024,1.988790299875334,0.6085764501418909,1.4637039305860566e-8,287995.44824788324,-43.0599269042095,3.0,1.0,0.2723059322460796,-43.0599269042095,45.76000645526575,0.20221680517173013,391.0593799567516,2.0,0.0,0.29612073837965835,0.29612073837965835
2030,1,0.04651610989213265,0.014310227604678923,0.011399344309753024,1.988790299875334,0.6085764501418909,1.4637039305860566e-8,287995.44824788324,-43.0599269042095,2.0,1.0,0.00294758900575859,-43.0599269042095,46.77681480131155,0.0,1020.4013522345749,1.0,1.0,0.29612073837965835,0.29612073837965835
2031,1,0.04651610989213265,0.014310227604678923,0.011399344309753024,1.988790299875334,0.6085764501418909,1.4637039305860566e-8,287995.44824788324,-43.0599269042095,3.0,1.0,3.5765233426870403e-9,-43.0599269042095,46.816526410549514,0.0,87.84333928575232,2.0,0.0,0.29612073837965835,0.29612073837965835
2032,1,0.04651610989213265,0.014310227604678923,0.011399344309753024,1.988790299875334,0.6085764501418909,1.4637039305860566e-8,287995.44824788324,-43.0599269042095,1.0,1.0,0.0,-43.0599269042095,45.4910432768178,0.0,982.6887069855283,1.0,0.0,0.29612073837965835,0.29612073837965835
2033,1,0.04609577558236737,0.015504243500017334,0.013093141423873206,1.9745363126191133,0.8537023550351094,1.885689885684797e-8,252468.0519826925,-41.65870429360918,3.0,1.0,0.5077226739607991,-41.65870429360918,45.25859064768246,0.06759287008429027,821.0740639168907,1.0,0.0,0.29612073837965835,0.29612073837965835
2034,1,0.04609577558236737,0.015504243500017334,0.013093141423873206,1.9745363126191133,0.8537023550351094,1.885689885684797e-8,252468.0519826925,-41.65870429360918,2.0,1.0,0.20615332061621003,-41.65870429360918,46.602798470969,0.0,6534.420474576057,1.0,1.0,0.29612073837965835,0.29612073837965835
2035,1,0.04609577558236737,0.015504243500017334,0.013093141423873206,1.9745363126191133,0.8537023550351094,1.885689885684797e-8,252468.0519826925,-41.65870429360918,2.0,1.0,2.0649576200193163e-6,-41.65870429360918,43.07705535361853,0.0,17556.633573293107,1.0,1.0,0.29612073837965835,0.29612073837965835
2036,1,0.04609577558236737,0.015504243500017334,0.013093141423873206,1.9745363126191133,0.8537023550351094,1.885689885684797e-8,252468.0519826925,-41.65870429360918,1.0,1.0,0.0,-41.65870429360918,46.395038373538526,0.0,765.3796109983476,1.0,0.0,0.29612073837965835,0.29612073837965835
2037,1,0.04609577558236737,0.015504243500017334,0.013093141423873206,1.9745363126191133,0.8537023550351094,1.885689885684797e-8,252468.0519826925,-41.65870429360918,1.0,1.0,9.825202593387782e-53,-41.65870429360918,43.33285385627932,0.0,119.75205915094955,1.0,0.0,0.29612073837965835,0.29612073837965835
2038,1,0.04312484644329256,0.014832659026917673,0.011785841700082008,1.970376733495174,0.8811464627380998,1.8846864585047883e-8,253545.71631510413,-42.40176574587243,3.0,1.0,0.14590685088890865,-42.40176574587243,43.53673482969863,0.8261745798293703,529.9571141914178,2.0,0.0,0.29612073837965835,0.29612073837965835
2039,1,0.04312484644329256,0.014832659026917673,0.011785841700082008,1.970376733495174,0.8811464627380998,1.8846864585047883e-8,253545.71631510413,-42.40176574587243,4.0,1.0,1.605484834399252e-44,-42.40176574587243,49.89572823713128,0.0,2030.3662871879562,2.0,1.0,0.29612073837965835,0.29612073837965835
2040,1,0.05711474736404425,0.020790086005044603,0.019348888178748008,1.9774861552079008,0.9340355635959398,2.1494011084833355e-8,185748.2462318315,-39.952315136832794,7.0,1.0,0.14285714285714285,-39.952315136832794,42.50938473912814,-1.5827878242554192,Inf,2.0,1.0,0.29612073837965835,0.29612073837965835
2041,1,0.05711474736404425,0.020790086005044603,0.019348888178748008,1.9774861552079008,0.9340355635959398,2.1494011084833355e-8,185748.2462318315,-39.952315136832794,1.0,1.0,7.418828245798984e-24,-39.952315136832794,41.243554342660815,0.0,53.258021105504156,1.0,0.0,0.29612073837965835,0.29612073837965835
2042,1,0.05711474736404425,0.020790086005044603,0.019348888178748008,1.9774861552079008,0.9340355635959398,2.1494011084833355e-8,185748.2462318315,-39.952315136832794,1.0,1.0,0.0,-39.952315136832794,42.4473491542981,0.0,1623.8120886448237,0.0,1.0,0.29612073837965835,0.29612073837965835
2043,1,0.05711474736404425,0.020790086005044603,0.019348888178748008,1.9774861552079008,0.9340355635959398,2.1494011084833355e-8,185748.2462318315,-39.952315136832794,6.0,1.0,8.206489339250823e-5,-39.952315136832794,41.61246706078537,0.0,Inf,2.0,1.0,0.29612073837965835,0.29612073837965835
2044,1,0.05711474736404425,0.020790086005044603,0.019348888178748008,1.9774861552079008,0.9340355635959398,2.1494011084833355e-8,185748.2462318315,-39.952315136832794,4.0,1.0,0.24433605633430217,-39.952315136832794,41.051407109294935,0.0,4451.928935357474,2.0,1.0,0.29612073837965835,0.29612073837965835
2045,1,0.05711474736404425,0.020790086005044603,0.019348888178748008,1.9774861552079008,0.9340355635959398,2.1494011084833355e-8,185748.2462318315,-39.952315136832794,2.0,1.0,1.4956957040650777e-95,-39.952315136832794,47.34048580826126,0.0,36919.410803489365,1.0,1.0,0.29612073837965835,0.29612073837965835
2046,1,0.05711474736404425,0.020790086005044603,0.019348888178748008,1.9774861552079008,0.9340355635959398,2.1494011084833355e-8,185748.2462318315,-39.952315136832794,2.0,1.0,1.3956872487341148e-8,-39.952315136832794,45.986161768541265,0.0,1106.886626271914,1.0,1.0,0.29612073837965835,0.29612073837965835
2047,1,0.05711474736404425,0.020790086005044603,0.019348888178748008,1.9774861552079008,0.9340355635959398,2.1494011084833355e-8,185748.2462318315,-39.952315136832794,8.0,1.0,2.5788809512834626e-6,-39.952315136832794,43.454100585330394,0.0,3455.5888422912644,3.0,1.0,0.29612073837965835,0.29612073837965835
2048,1,0.05711474736404425,0.020790086005044603,0.019348888178748008,1.9774861552079008,0.9340355635959398,2.1494011084833355e-8,185748.2462318315,-39.952315136832794,1.0,1.0,1.827090787503255e-302,-39.952315136832794,43.214582057483284,0.0,694.7779731159205,1.0,0.0,0.29612073837965835,0.29612073837965835
2049,1,0.06921090120991179,0.02399966167404076,0.027584300696024584,1.9835957230427483,0.46036095504953767,2.10429486932817e-8,183187.66489783436,-41.46698824775143,5.0,1.0,0.07843487515706554,-41.46698824775143,44.371188481662344,0.9397968919142983,1319.5726942124104,2.0,1.0,0.29612073837965835,0.29612073837965835
2050,1,0.06921090120991179,0.02399966167404076,0.027584300696024584,1.9835957230427483,0.46036095504953767,2.10429486932817e-8,183187.66489783436,-41.46698824775143,2.0,1.0,0.20033900587663322,-41.46698824775143,43.377867185860225,0.0,118111.64367350968,1.0,1.0,0.29612073837965835,0.29612073837965835
2051,1,0.06921090120991179,0.02399966167404076,0.027584300696024584,1.9835957230427483,0.46036095504953767,2.10429486932817e-8,183187.66489783436,-41.46698824775143,5.0,1.0,0.004658623990252349,-41.46698824775143,45.49372168151532,0.0,2360.0900098053444,2.0,1.0,0.29612073837965835,0.29612073837965835
2052,1,0.06921090120991179,0.02399966167404076,0.027584300696024584,1.9835957230427483,0.46036095504953767,2.10429486932817e-8,183187.66489783436,-41.46698824775143,2.0,1.0,6.741410216772986e-6,-41.46698824775143,44.88092939296819,0.0,2002.9866007129497,1.0,1.0,0.29612073837965835,0.29612073837965835
2053,1,0.06921090120991179,0.02399966167404076,0.027584300696024584,1.9835957230427483,0.46036095504953767,2.10429486932817e-8,183187.66489783436,-41.46698824775143,1.0,1.0,1.6727800771341648e-72,-41.46698824775143,44.82899156057105,0.0,165.27163973640103,1.0,0.0,0.29612073837965835,0.29612073837965835
2054,1,0.06921090120991179,0.02399966167404076,0.027584300696024584,1.9835957230427483,0.46036095504953767,2.10429486932817e-8,183187.66489783436,-41.46698824775143,3.0,1.0,8.966461132699452e-6,-41.46698824775143,44.3739225594021,0.0,137.87617498735307,2.0,0.0,0.29612073837965835,0.29612073837965835
2055,1,0.05399945778555003,0.04066866219851325,0.018200740826362256,1.9630308020258171,0.3281694178483499,1.8258814251685952e-8,295179.8089480511,-39.49713766009516,5.0,1.0,0.22944520785387196,-39.49713766009516,44.15727936374438,-0.2207454480607396,1896.1617183403307,2.0,1.0,0.29612073837965835,0.29612073837965835
2056,1,0.05399945778555003,0.04066866219851325,0.018200740826362256,1.9630308020258171,0.3281694178483499,1.8258814251685952e-8,295179.8089480511,-39.49713766009516,2.0,1.0,0.17359720952820076,-39.49713766009516,43.375555702721236,0.0,6339.08808748982,1.0,1.0,0.29612073837965835,0.29612073837965835
2057,1,0.05399945778555003,0.04066866219851325,0.018200740826362256,1.9630308020258171,0.3281694178483499,1.8258814251685952e-8,295179.8089480511,-39.49713766009516,2.0,1.0,0.07450736871730981,-39.49713766009516,40.270569192799904,0.0,70823.55901089004,1.0,1.0,0.29612073837965835,0.29612073837965835
2058,1,0.05399945778555003,0.04066866219851325,0.018200740826362256,1.9630308020258171,0.3281694178483499,1.8258814251685952e-8,295179.8089480511,-39.49713766009516,1.0,1.0,0.0,-39.49713766009516,42.84280449278598,0.0,3613.5852142947256,0.0,1.0,0.29612073837965835,0.29612073837965835
2059,1,0.059541069421664906,0.023705384334715314,0.020846948882675284,1.9482468336317726,0.27452777476788837,2.4173784007865034e-8,306214.6898105412,-39.73619867007537,3.0,1.0,0.39315862912121274,-39.73619867007537,41.54640315695027,0.12188076856716634,4897.097241797574,1.0,1.0,0.29612073837965835,0.29612073837965835
2060,1,0.0622677128553961,0.039259782144038816,0.025560401273671516,1.8935454609701763,0.20845720797626296,2.1222047548453365e-8,249505.58195391655,-38.920872898601026,3.0,1.0,0.3149101391850671,-38.920872898601026,42.003665380905844,0.05685566625928118,2351.600660481741,1.0,1.0,0.29612073837965835,0.29612073837965835
2061,1,0.0622677128553961,0.039259782144038816,0.025560401273671516,1.8935454609701763,0.20845720797626296,2.1222047548453365e-8,249505.58195391655,-38.920872898601026,3.0,1.0,0.3757140109040038,-38.920872898601026,42.10799007367845,0.0,188.68480824494983,1.0,0.0,0.29612073837965835,0.29612073837965835
2062,1,0.0622677128553961,0.039259782144038816,0.025560401273671516,1.8935454609701763,0.20845720797626296,2.1222047548453365e-8,249505.58195391655,-38.920872898601026,1.0,1.0,5.4967921722168e-27,-38.920872898601026,40.21791875409507,0.0,60.46563283016737,1.0,0.0,0.29612073837965835,0.29612073837965835
2063,1,0.0622677128553961,0.039259782144038816,0.025560401273671516,1.8935454609701763,0.20845720797626296,2.1222047548453365e-8,249505.58195391655,-38.920872898601026,1.0,1.0,3.238302696117968e-98,-38.920872898601026,41.74513287968455,0.0,224.47828978009727,1.0,0.0,0.29612073837965835,0.29612073837965835
2064,1,0.0622677128553961,0.039259782144038816,0.025560401273671516,1.8935454609701763,0.20845720797626296,2.1222047548453365e-8,249505.58195391655,-38.920872898601026,1.0,1.0,0.0,-38.920872898601026,46.61212857057731,0.0,24127.656796179315,0.0,1.0,0.29612073837965835,0.29612073837965835
2065,1,0.0622677128553961,0.039259782144038816,0.025560401273671516,1.8935454609701763,0.20845720797626296,2.1222047548453365e-8,249505.58195391655,-38.920872898601026,3.0,1.0,8.853345503936788e-64,-38.920872898601026,42.23021102505563,0.0,747.6956580125001,2.0,0.0,0.29612073837965835,0.29612073837965835
2066,1,0.0622677128553961,0.039259782144038816,0.025560401273671516,1.8935454609701763,0.20845720797626296,2.1222047548453365e-8,249505.58195391655,-38.920872898601026,2.0,1.0,2.6799524849826224e-6,-38.920872898601026,39.27073547071595,0.0,1759.1941583225557,1.0,1.0,0.29612073837965835,0.29612073837965835
2067,1,0.0622677128553961,0.039259782144038816,0.025560401273671516,1.8935454609701763,0.20845720797626296,2.1222047548453365e-8,249505.58195391655,-38.920872898601026,3.0,1.0,7.622727466922684e-21,-38.920872898601026,44.23850264725437,0.0,226.72870505823946,2.0,0.0,0.29612073837965835,0.29612073837965835
2068,1,0.0622677128553961,0.039259782144038816,0.025560401273671516,1.8935454609701763,0.20845720797626296,2.1222047548453365e-8,249505.58195391655,-38.920872898601026,2.0,1.0,0.0019239978859094853,-38.920872898601026,42.247717168091334,0.0,8369.613422690647,1.0,1.0,0.29612073837965835,0.29612073837965835
2069,1,0.0622677128553961,0.039259782144038816,0.025560401273671516,1.8935454609701763,0.20845720797626296,2.1222047548453365e-8,249505.58195391655,-38.920872898601026,1.0,1.0,2.3037277049664747e-189,-38.920872898601026,43.73764723352679,0.0,434.3540540236335,1.0,0.0,0.29612073837965835,0.29612073837965835
2070,1,0.05430387180922151,0.03019748131772488,0.012992676420148518,1.9093358592998102,0.14056338909020627,1.5627091057584143e-8,258575.0164985261,-40.20327468328265,2.0,1.0,0.13562897186253556,-40.20327468328265,41.66885115887466,1.3046850889339012,1050.5919221796837,1.0,1.0,0.29612073837965835,0.29612073837965835
2071,1,0.05430387180922151,0.03019748131772488,0.012992676420148518,1.9093358592998102,0.14056338909020627,1.5627091057584143e-8,258575.0164985261,-40.20327468328265,1.0,1.0,0.00020792811636816702,-40.20327468328265,42.81866973346602,0.0,8.47831813237827,1.0,0.0,0.29612073837965835,0.29612073837965835
2072,1,0.05430387180922151,0.03019748131772488,0.012992676420148518,1.9093358592998102,0.14056338909020627,1.5627091057584143e-8,258575.0164985261,-40.20327468328265,1.0,1.0,0.0,-40.20327468328265,44.41277353733631,0.0,4708.003222022084,0.0,1.0,0.29612073837965835,0.29612073837965835
2073,1,0.05430387180922151,0.03019748131772488,0.012992676420148518,1.9093358592998102,0.14056338909020627,1.5627091057584143e-8,258575.0164985261,-40.20327468328265,2.0,1.0,0.10751391326450987,-40.20327468328265,42.69922050635567,0.0,1292.12850827177,1.0,1.0,0.29612073837965835,0.29612073837965835
2074,1,0.05430387180922151,0.03019748131772488,0.012992676420148518,1.9093358592998102,0.14056338909020627,1.5627091057584143e-8,258575.0164985261,-40.20327468328265,1.0,1.0,0.0,-40.20327468328265,45.73772119943525,0.0,6568.342189104919,0.0,1.0,0.29612073837965835,0.29612073837965835
2075,1,0.05430387180922151,0.03019748131772488,0.012992676420148518,1.9093358592998102,0.14056338909020627,1.5627091057584143e-8,258575.0164985261,-40.20327468328265,1.0,1.0,0.0,-40.20327468328265,45.51034286386815,0.0,1115.9803311038809,0.0,1.0,0.29612073837965835,0.29612073837965835
2076,1,0.05430387180922151,0.03019748131772488,0.012992676420148518,1.9093358592998102,0.14056338909020627,1.5627091057584143e-8,258575.0164985261,-40.20327468328265,5.0,1.0,1.0924821553306753e-15,-40.20327468328265,44.219203572440406,0.0,6043.023531484969,2.0,1.0,0.29612073837965835,0.29612073837965835
2077,1,0.05430387180922151,0.03019748131772488,0.012992676420148518,1.9093358592998102,0.14056338909020627,1.5627091057584143e-8,258575.0164985261,-40.20327468328265,2.0,1.0,0.0005020876074697521,-40.20327468328265,42.50946202016267,0.0,8896.004426470976,1.0,1.0,0.29612073837965835,0.29612073837965835
2078,1,0.05430387180922151,0.03019748131772488,0.012992676420148518,1.9093358592998102,0.14056338909020627,1.5627091057584143e-8,258575.0164985261,-40.20327468328265,3.0,1.0,2.5465543106617393e-35,-40.20327468328265,43.628743981218506,0.0,309.3228936498703,2.0,0.0,0.29612073837965835,0.29612073837965835
2079,1,0.05430387180922151,0.03019748131772488,0.012992676420148518,1.9093358592998102,0.14056338909020627,1.5627091057584143e-8,258575.0164985261,-40.20327468328265,3.0,1.0,0.00017015992946266766,-40.20327468328265,43.900308678711625,0.0,602.5881946791463,2.0,0.0,0.29612073837965835,0.29612073837965835
2080,1,0.05430387180922151,0.03019748131772488,0.012992676420148518,1.9093358592998102,0.14056338909020627,1.5627091057584143e-8,258575.0164985261,-40.20327468328265,1.0,1.0,1.862111702195667e-105,-40.20327468328265,41.16951795076337,0.0,241.14972359688122,1.0,0.0,0.29612073837965835,0.29612073837965835
2081,1,0.06056960387350526,0.025521031347262628,0.0282685387616462,1.8687513565662641,0.09633530463507063,1.56187499297315e-8,290508.4388384347,-40.25903144828159,2.0,1.0,0.5,-40.25903144828159,41.30360958759238,-0.7466901416281502,1625.1783291407346,1.0,1.0,0.29612073837965835,0.29612073837965835
2082,1,0.08270964200413557,0.020258259414180975,0.03502152774852822,1.8603899739994652,0.11647656175331943,1.3930781129127207e-8,183748.22865728586,-43.22708798198028,7.0,1.0,0.09206112975550862,-43.22708798198028,44.53212493622102,0.4505267539869564,113.11846150047388,3.0,0.0,0.29612073837965835,0.29612073837965835
2083,1,0.08270964200413557,0.020258259414180975,0.03502152774852822,1.8603899739994652,0.11647656175331943,1.3930781129127207e-8,183748.22865728586,-43.22708798198028,2.0,1.0,4.976064771626449e-104,-43.22708798198028,51.273534540937476,0.0,2467.235901409256,1.0,1.0,0.29612073837965835,0.29612073837965835
2084,1,0.08270964200413557,0.020258259414180975,0.03502152774852822,1.8603899739994652,0.11647656175331943,1.3930781129127207e-8,183748.22865728586,-43.22708798198028,3.0,1.0,0.05955744208645605,-43.22708798198028,45.53309188089706,0.0,2029.875025142893,1.0,1.0,0.29612073837965835,0.29612073837965835
2085,1,0.0832209179883769,0.025685747705902776,0.03955696549631928,1.7638946372687239,0.09551560728386253,9.526539454873736e-9,378753.4553163979,-41.54735108453832,7.0,1.0,0.18188362468875532,-41.54735108453832,45.18996839280924,-0.38647702978985166,609.3389716700838,3.0,0.0,0.29612073837965835,0.29612073837965835
2086,1,0.0832209179883769,0.025685747705902776,0.03955696549631928,1.7638946372687239,0.09551560728386253,9.526539454873736e-9,378753.4553163979,-41.54735108453832,1.0,1.0,4.4119726429594207e-7,-41.54735108453832,42.30685739454609,0.0,14.633773750184787,1.0,0.0,0.29612073837965835,0.29612073837965835
2087,1,0.09073498053450894,0.03335120901379986,0.04143501498154903,1.8129470372307555,0.07884160304159753,1.2835745225945416e-8,383934.26679136837,-42.402858527133034,3.0,1.0,0.3643371560021713,-42.402858527133034,43.66719050981657,-0.18103147213553683,105.10147238192225,2.0,0.0,0.29612073837965835,0.29612073837965835
2088,1,0.09073498053450894,0.03335120901379986,0.04143501498154903,1.8129470372307555,0.07884160304159753,1.2835745225945416e-8,383934.26679136837,-42.402858527133034,15.0,1.0,4.39845314815913e-5,-42.402858527133034,46.66869832907247,0.0,27.431474434683864,3.0,0.0,0.29612073837965835,0.29612073837965835
2089,1,0.09073498053450894,0.03335120901379986,0.04143501498154903,1.8129470372307555,0.07884160304159753,1.2835745225945416e-8,383934.26679136837,-42.402858527133034,1.0,1.0,8.506766552242403e-46,-42.402858527133034,44.69687438527729,0.0,103.7780523659518,1.0,0.0,0.29612073837965835,0.29612073837965835
2090,1,0.09073498053450894,0.03335120901379986,0.04143501498154903,1.8129470372307555,0.07884160304159753,1.2835745225945416e-8,383934.26679136837,-42.402858527133034,3.0,1.0,3.1849653925395616e-12,-42.402858527133034,44.70232690934133,0.0,104.5227882246829,2.0,0.0,0.29612073837965835,0.29612073837965835
2091,1,0.08366886614165676,0.04119608190512404,0.11023173400884352,1.7033588532496404,0.8357295217832136,7.792989363879158e-8,2.780265554503881e6,-40.759695271475294,15.0,1.0,0.8227977142524868,-40.759695271475294,45.097847540994216,0.11381327698121169,1.2389622096325255,3.0,0.0,0.29612073837965835,0.29612073837965835
2092,1,0.06358444048431372,0.06582978764017043,0.02472909402431311,1.1612060426377415,0.5364073706418367,4.2749575693415935e-8,2.250500828366119e6,-39.729049367550644,19.0,1.0,0.832198354204616,-39.729049367550644,42.07156580346655,-0.022718724155744496,637.2985424057493,4.0,0.0,0.29612073837965835,0.29612073837965835
2093,1,0.03558689870967741,0.0950456286397702,0.06131793144049822,1.1857070261630247,0.6625349332963504,6.576033081413054e-8,3.7373423903029e6,-42.15298835818061,6.0,1.0,0.6828575295068523,-42.15298835818061,44.13086854573178,0.1329309238905907,1643.125278107247,2.0,1.0,0.29612073837965835,0.29612073837965835
2094,1,0.021297270960069822,0.09432250855179086,0.08812547957644386,1.5898833840671835,1.2432843055574276,8.430591939906681e-8,3.236795678934166e6,-44.28006048402375,7.0,1.0,0.952254046996164,-44.28006048402375,46.07374645433386,0.07766845256037413,0.11513224741846528,3.0,0.0,0.29612073837965835,0.29612073837965835
2095,1,0.016336033027538294,0.016254589787622696,0.849153921209693,0.9049948138006545,1.3038254600133519,7.569224201118545e-8,5.055399889432715e6,-44.46183326219008,15.0,1.0,0.6881855330453936,-44.46183326219008,47.73066258045994,-0.028142488632674656,4.818310415277928,4.0,0.0,0.29612073837965835,0.29612073837965835
2096,1,0.09927245749875019,0.09347686163772298,0.0870937056086149,0.41735562189949005,0.8560289362412548,1.549890364870792e-9,3.325523068764126e6,-48.126552805881886,15.0,1.0,0.9755182270996834,-48.126552805881886,51.40674720669709,0.011033252094854618,0.09773749383498398,3.0,0.0,0.29612073837965835,0.29612073837965835
2097,1,0.06865669183896836,0.050304894194822695,0.48074608429386806,0.16265776475357416,0.16141190380790235,3.2368571127348905e-8,5.358453364350293e6,-42.80331379233634,15.0,1.0,0.5758986116859172,-42.80331379233634,51.67431642777165,-0.21062489120190975,5.307770873707618,4.0,0.0,0.29612073837965835,0.29612073837965835
2098,1,0.041979670153649666,0.06093106583161471,0.16500455292511257,1.4763437119883118,0.6259746940164286,8.256413718164392e-8,1.0176834970333356e7,-41.57840032809136,15.0,1.0,0.9340033878009162,-41.57840032809136,45.48808072067097,0.03260158633215582,0.30317660970826665,3.0,0.0,0.29612073837965835,0.29612073837965835
2099,1,0.09393618308808066,0.0801947045635132,0.853903990432094,0.3859633103778788,0.7729037715787244,8.343088779504937e-8,1.3504379903784838e7,-44.57859596945269,7.0,1.0,0.9535895298460473,-44.57859596945269,46.861487771885756,0.0959771307890307,-0.11374959791277206,3.0,0.0,0.29612073837965835,0.29612073837965835
2100,1,0.09557704658733124,0.07298353346783386,0.8234733955321099,0.48573553449403184,0.5164581228233024,8.492010109729515e-8,1.098952067219221e7,-44.06044273121819,15.0,1.0,0.9750630619813698,-44.06044273121819,46.0170666363998,-0.01706479851007714,-0.280602585307264,3.0,0.0,0.29612073837965835,0.29612073837965835
2101,1,0.08571709811986182,0.08758557079112961,0.5062777775496331,0.5714919267470776,1.371698115028148,1.745077170411293e-8,2.536807924315793e6,-43.80457241846288,15.0,1.0,0.9324145582563186,-43.80457241846288,49.28149169868249,-0.07462539255583778,0.18384922951588578,3.0,0.0,0.29612073837965835,0.29612073837965835
2102,1,0.027568314025673425,0.04855803180772774,0.5761117433702215,1.3903078812083123,0.07214620611798993,8.429334819325275e-8,2.9225807851184816e6,-42.89772113988552,15.0,1.0,0.9927895492823908,-42.89772113988552,48.03101964994741,-0.12742917516587227,-0.1769264476908674,4.0,0.0,0.29612073837965835,0.29612073837965835
2103,1,0.05740376046309779,0.06128647327224398,0.09072780564062921,1.148414646963438,1.401281725215268,1.941996469587973e-8,3.7371356631709277e6,-42.909328174790694,15.0,1.0,0.9925539245285669,-42.909328174790694,45.76336638716153,-0.023981227599890076,-0.06806963521214016,4.0,0.0,0.29612073837965835,0.29612073837965835
2104,1,0.07876038542930996,0.050921633454409816,0.014759589356699843,1.686431988494479,1.3668244456012488,2.360859023587057e-8,1.0248317853815565e6,-41.800330717010006,6.0,1.0,0.5002565301270624,-41.800330717010006,46.16557162494821,-0.36486936895312994,1165.88278264461,2.0,1.0,0.29612073837965835,0.29612073837965835
2105,1,0.06424504305646671,0.04364934603811995,0.48685058101313283,0.6542775001479432,0.03953169358775477,6.142301180784278e-8,5.451845053705835e6,-43.11353615041705,15.0,1.0,0.6887312102279722,-43.11353615041705,45.70876517856095,-0.1100157723653723,3.1895218772964284,4.0,0.0,0.29612073837965835,0.29612073837965835
2106,1,0.06209081317647697,0.05689136206247879,0.3732469873374166,1.7374821257967579,0.2827128404499119,5.6743395291062124e-8,1.05320889373835e7,-41.53925906444033,7.0,1.0,0.8873576516450592,-41.53925906444033,45.27172075793755,0.15567344558298402,0.45607675525181435,3.0,0.0,0.29612073837965835,0.29612073837965835
2107,1,0.08465725228815511,0.05933835076217754,0.5529664439935249,0.5900152924124863,0.3911734850883433,4.3177477413645827e-8,3.3088277267000554e6,-40.46761118487711,15.0,1.0,0.9738893582549246,-40.46761118487711,42.45002958402987,-0.1199997313278729,0.22800675611916432,4.0,0.0,0.29612073837965835,0.29612073837965835
2108,1,0.08270971945746625,0.06539996663471377,0.32366921059829407,0.6124297038222447,0.26830281332772693,4.418408051073813e-8,7.409810261222456e6,-41.16536134892624,7.0,1.0,0.7746840474443845,-41.16536134892624,43.97352783722511,0.22845189377680697,0.7279651213387481,3.0,0.0,0.29612073837965835,0.29612073837965835
2109,1,0.01297260763507947,0.05143214802513217,0.5809100130825803,1.3609602473037978,0.3028631169181909,8.157197660189657e-8,3.5924886601587506e6,-42.5730942472544,15.0,1.0,0.9864748920971124,-42.5730942472544,44.324189687118505,-0.022699959410680037,0.1259161008237939,3.0,0.0,0.29612073837965835,0.29612073837965835
2110,1,0.08789167237277425,0.08986533666921011,0.16527353672906656,1.7263667298255352,1.3893786152089438,5.981168165841969e-8,9.233162616626378e6,-45.10193983739555,15.0,1.0,0.8843159267184075,-45.10193983739555,48.01540670992294,0.14658290255660944,0.2829284466148039,4.0,0.0,0.29612073837965835,0.29612073837965835
2111,1,0.013423681161478069,0.06566184639972474,0.43914450839481367,1.254508494879184,1.3234225640153023,4.7924629278267533e-8,2.1853789940167675e6,-43.70315681827472,15.0,1.0,0.9758795647462118,-43.70315681827472,48.14444073108222,0.01725996144767805,0.20724241329081394,4.0,0.0,0.29612073837965835,0.29612073837965835
2112,1,0.013423681161478069,0.06566184639972474,0.43914450839481367,1.254508494879184,1.3234225640153023,4.7924629278267533e-8,2.1853789940167675e6,-43.70315681827472,15.0,1.0,0.0736183320586778,-43.70315681827472,49.590680942465234,0.0,62.76571726358076,3.0,0.0,0.29612073837965835,0.29612073837965835
2113,1,0.028933755092896772,0.04859771191282125,0.5300169504528893,1.323679968336754,1.2981626731670297,2.756404390051032e-8,4.201259509169003e6,-41.17689268888491,15.0,1.0,0.8539102914684279,-41.17689268888491,45.666883120776305,0.07474357395473419,0.25355023957458656,4.0,0.0,0.29612073837965835,0.29612073837965835
2114,1,0.08403012009959483,0.06463726437813007,0.25904807652819717,0.4024846076141826,0.41074881557127324,6.657546999307491e-8,4.268110204200769e6,-41.00971924882657,7.0,1.0,0.958124529165384,-41.00971924882657,45.08886113010065,-0.011289303058042321,0.09063118087476596,3.0,0.0,0.29612073837965835,0.29612073837965835
2115,1,0.03768982999058814,0.030726255989646255,0.07189990684897919,1.761514171010943,1.2903729550061662,3.696241354456406e-8,5.360408939973944e6,-42.768753170328154,15.0,1.0,0.8859208997560847,-42.768753170328154,45.902703916299316,0.17020511845068853,0.21521822457510353,4.0,0.0,0.29612073837965835,0.29612073837965835
2116,1,0.07821362576393286,0.08324974181377473,0.7873092169301337,0.5498239577160842,0.22526117463093617,6.976683398261584e-8,2.399151363725047e7,-44.168053732396906,15.0,1.0,0.622847538144698,-44.168053732396906,47.384928108511275,0.6010116232811313,1.539352590735632,4.0,0.0,0.29612073837965835,0.29612073837965835
2117,1,0.06610967602303368,0.07046565460396693,0.6868829826301805,0.4477353660544112,0.40420285611154505,7.130285685029944e-8,5.0050783953576885e7,-44.332689675836626,7.0,1.0,0.571891125165852,-44.332689675836626,48.59451970190741,-0.055166781973234436,14.539513686742794,2.0,0.0,0.29612073837965835,0.29612073837965835
2118,1,0.08385553516051025,0.010881160596628806,0.1567285180024379,0.1637310658818203,0.21037549932640873,8.237024801924859e-8,8.192744120692404e6,-47.566381587233124,7.0,1.0,0.5153995044016684,-47.566381587233124,52.82566346654526,0.19510324493393938,5.588284973002089,2.0,0.0,0.29612073837965835,0.29612073837965835
2119,1,0.0886670172130117,0.010298098271547365,0.8751950629660707,0.4205656203619571,1.1526285961251637,7.574315097521675e-8,2.941167418975998e6,-47.04521266946857,15.0,1.0,0.98832793185987,-47.04521266946857,51.32573692507944,-0.08665226426555961,-0.24732581648209617,3.0,0.0,0.29612073837965835,0.29612073837965835
2120,1,0.022789865097878743,0.0998574774605935,0.11849607452056614,1.9381603191356593,0.05886748595148179,2.7054335160184127e-8,2.9298612695672726e6,-50.49738331960783,15.0,1.0,0.5584174382645074,-50.49738331960783,55.459926669421726,0.33092047115916756,1.9275505036384857,4.0,0.0,0.29612073837965835,0.29612073837965835
2121,1,0.07715006469683916,0.025895857700615442,0.28424615403183534,1.359541452139635,0.6623368687724138,6.597254017740084e-8,4.448014906850603e6,-40.296633685332395,7.0,1.0,0.9861023467257785,-40.296633685332395,52.47469881153751,-0.2833911662768074,-0.3325199038963902,3.0,0.0,0.29612073837965835,0.29612073837965835
2122,1,0.07898865631765245,0.03615293295906968,0.27469420122147076,1.8079417968803615,1.1207582285298314,8.39645235275054e-8,6.064001376805058e6,-42.06967187590147,7.0,1.0,0.9465136747593677,-42.06967187590147,43.85792748397043,0.08070777093843873,0.09124702231860482,3.0,0.0,0.29612073837965835,0.29612073837965835
2123,1,0.08634591112433301,0.06042497682739045,0.03681547739476846,1.803450977310762,1.1403164726828279,6.369562986097893e-8,1.0260786772049806e6,-41.21038042682768,7.0,1.0,0.9777373455889405,-41.21038042682768,44.56897238519266,0.08438076101550251,0.08438076101550251,3.0,0.0,0.29612073837965835,0.29612073837965835
2124,1,0.09484074152516425,0.018936577878455242,0.22805681934507005,0.9763402391190936,0.138724743892273,2.3534153720690826e-8,4.401203292339544e6,-43.41331917801039,15.0,1.0,0.41024934093285104,-43.41331917801039,45.33041173518663,0.23116616482082009,2.8570751459458847,3.0,0.0,0.29612073837965835,0.29612073837965835
2125,1,0.01758632959184544,0.0908661230409719,0.635571266864404,0.8840040098067915,1.1835512196768676,8.729103516886365e-8,5.823445206644753e6,-43.220520847588766,15.0,1.0,0.9997533358316463,-43.220520847588766,45.2452196948328,-0.010018301509241212,-0.11258186295417971,4.0,0.0,0.29612073837965835,0.29612073837965835
2126,1,0.01700948499085797,0.07966065245502948,0.17367124782658067,0.9277810051856231,1.109470512047342,7.665888575412195e-8,2.9363417393835657e6,-42.319647076305955,15.0,1.0,0.8720860978506889,-42.319647076305955,50.492405946030736,-0.028760375490612944,0.31288807599622714,3.0,0.0,0.29612073837965835,0.29612073837965835
2127,1,0.013304481074572695,0.044667982129008216,0.026348568640622173,1.4835167680903645,0.14421288972943008,6.978724394245921e-8,4.105684377137042e6,-44.936789200528146,7.0,1.0,0.9280946949086709,-44.936789200528146,47.32894143443342,0.09331340505985253,0.14588107090057179,3.0,0.0,0.29612073837965835,0.29612073837965835
2128,1,0.09695080864530722,0.07733561836139126,0.6711355606217669,0.4092827242111047,0.4726515423503656,2.1654882563903767e-8,6.788133045944241e6,-43.28668087174613,15.0,1.0,0.9870986830360202,-43.28668087174613,47.75936647519207,-0.04426250630906736,-0.14239894892147476,4.0,0.0,0.29612073837965835,0.29612073837965835
2129,1,0.06722369253316408,0.045340611866434566,0.28233905029685963,0.7091786856461326,0.5761823501352512,7.195056838978753e-8,4.271974718023816e6,-39.91013043576605,7.0,1.0,0.9945123311682771,-39.91013043576605,44.70927410975992,-0.13940401274683722,-0.13940401274683722,3.0,0.0,0.29612073837965835,0.29612073837965835
2130,1,0.07762467183706216,0.037449932937199934,0.20427924062994088,1.4334075548645226,0.7864700223470029,5.9660186861816894e-9,2.555976973267845e6,-41.37837144837647,15.0,1.0,0.9700029341965472,-41.37837144837647,42.61419732153896,0.036095323911347066,0.05703240888803407,3.0,0.0,0.29612073837965835,0.29612073837965835
2131,1,0.03867346552054814,0.09875664387618119,0.6207701024156597,1.2992974350182107,0.5731732831191678,8.527679828663076e-8,3.7451311411459586e6,-43.27422859028819,15.0,1.0,0.9158952730537894,-43.27422859028819,45.08709657002096,0.0985311152136461,0.13079547120303658,4.0,0.0,0.29612073837965835,0.29612073837965835
2132,1,0.02849515781399073,0.09865462715556424,0.5855971773032933,1.2990435347677456,0.7901660015986873,9.242103651840316e-8,4.996335227491471e6,-44.047043310511725,7.0,1.0,0.9780801684372634,-44.047043310511725,46.0386208187577,0.032324376455370896,0.05995766834013949,3.0,0.0,0.29612073837965835,0.29612073837965835
2133,1,0.0824687684787867,0.02315727515073035,0.23092745079337607,0.978495235218622,0.4272237656186621,2.625018984503822e-8,3.414859642352414e6,-40.845542712088644,7.0,1.0,0.9957315231837625,-40.845542712088644,45.35636625803305,-0.07259218708416171,-0.1643944650478133,3.0,0.0,0.29612073837965835,0.29612073837965835
2134,1,0.0791050944068755,0.01800072678245638,0.10464628262540912,0.6564267899072073,0.7043033283452594,2.4749291400975764e-8,4.011975448353018e6,-41.66067625502623,15.0,1.0,0.9500174632660873,-41.66067625502623,44.668349355575444,0.040614898845291236,0.09709536182542422,3.0,0.0,0.29612073837965835,0.29612073837965835
2135,1,0.04782503113293383,0.022612098730371604,0.46865727508533594,0.2590770514517464,0.35303078356738654,3.71592507225474e-8,1.0822074613530809e7,-42.62055333202326,7.0,1.0,0.5684667218764358,-42.62055333202326,46.74308318863613,-0.06888252119198768,118.34372372265034,2.0,0.0,0.29612073837965835,0.29612073837965835
2136,1,0.0691166109719108,0.07420862718690273,0.7480267715016967,0.22292189035438092,0.27082580579098736,1.7347031276502563e-8,2.276990768355568e6,-43.42604216396767,7.0,1.0,1.0,-43.42604216396767,44.82744180946558,-0.03518738941178867,-0.09457137582237607,3.0,0.0,0.29612073837965835,0.29612073837965835
2137,1,0.03907393552288347,0.03573636396748347,0.18562703528860158,1.3159793622788243,0.5331102328207474,6.095523260954203e-8,5.86322588667866e6,-40.41293839009343,7.0,1.0,0.8196960646270279,-40.41293839009343,46.14805800400546,0.09851763241871225,0.26505230030553406,3.0,0.0,0.29612073837965835,0.29612073837965835
2138,1,0.09495645616032776,0.06464985789195753,0.04191083030352992,1.6921529711669996,0.534686411364105,3.1203006359928427e-8,604916.9966947285,-40.534172816504984,15.0,1.0,0.9915718481465082,-40.534172816504984,42.522171981750375,-0.21994415113020693,-0.21994415113020693,3.0,0.0,0.29612073837965835,0.29612073837965835
2139,1,0.09495645616032776,0.06464985789195753,0.04191083030352992,1.6921529711669996,0.534686411364105,3.1203006359928427e-8,604916.9966947285,-40.534172816504984,3.0,1.0,6.131222005124375e-17,-40.534172816504984,45.888574746751644,0.0,131.75046411127647,2.0,0.0,0.29612073837965835,0.29612073837965835
2140,1,0.09356321998112714,0.05752162967286218,0.059522722908568776,0.8762425447363296,0.4531642569012947,4.4789387616120165e-8,2.850458212364028e6,-41.05556113608241,15.0,1.0,0.8125078396520673,-41.05556113608241,42.84604205288479,0.16388617780307868,1.7730975311840567,3.0,0.0,0.29612073837965835,0.29612073837965835
2141,1,0.09373855734747652,0.0826738864180325,0.06415362701751162,0.7064802368429722,0.5869549159153616,8.459178770554114e-8,2.5418086467633625e6,-42.75791080720651,7.0,1.0,0.9444963006652659,-42.75791080720651,44.110346119518105,0.054067513697830805,0.17210050261880383,3.0,0.0,0.29612073837965835,0.29612073837965835
2142,1,0.027748498375919986,0.02248932924822212,0.6636009133203272,1.9437819614406482,0.8743338835502086,9.484493679875911e-9,4.69514395805142e6,-43.99203996581,15.0,1.0,0.9799993742964067,-43.99203996581,46.01311954692297,0.04085257251821872,0.0899464439260882,4.0,0.0,0.29612073837965835,0.29612073837965835
2143,1,0.028354213884163253,0.03504628829612828,0.005215204112466556,1.51502847844744,1.3440877196619934,5.279784237533134e-8,3.200118924971529e6,-44.517197425329876,15.0,1.0,0.9495608582367393,-44.517197425329876,53.598130427880314,-1.1743531908358378,-1.376224358204638,3.0,0.0,0.29612073837965835,0.29612073837965835
2144,1,0.05972642741243042,0.0358573755010514,0.004144436120030608,1.4658425338231447,1.397973071401873,4.35691920414971e-8,2.335916258893287e6,-44.487068122469175,5.0,1.0,0.7748353286796867,-44.487068122469175,50.21644973537274,-0.12402857037536563,69.5228048616311,2.0,0.0,0.29612073837965835,0.29612073837965835
2145,1,0.05545597766441078,0.08078544613279934,0.9323522206882257,0.5303029177538202,1.0471480649473408,2.763813794819826e-8,3.9226530648629884e6,-42.771449693580706,15.0,1.0,0.9635271079669938,-42.771449693580706,47.77791039159741,0.010197195116084856,-0.11874056096676355,3.0,0.0,0.29612073837965835,0.29612073837965835
2146,1,0.03564695034725041,0.014963358497045696,0.09076236820069838,0.10587571282346422,0.5658755539838871,5.354697686387123e-8,2.166073763063026e6,-47.117604619358914,15.0,1.0,0.9362647294298927,-47.117604619358914,50.70854592500556,0.24738445616824833,0.24738445616824833,4.0,0.0,0.29612073837965835,0.29612073837965835
2147,1,0.06593869192696263,0.09205335320331559,0.11662686678772272,1.9982819993745786,0.5264608589315709,2.8434331086468516e-8,4.511044051580484e6,-46.69617801263045,15.0,1.0,0.722054594931359,-46.69617801263045,57.90323059769899,1.7841856378125698,1.7841856378125698,4.0,0.0,0.29612073837965835,0.29612073837965835
2148,1,0.030421272685383777,0.02139807188158139,0.9238322247647753,1.8666846889801663,0.8205042221924996,8.841744252069391e-8,3.2578557084865044e6,-44.721394895945494,11.0,1.0,0.8811359267634967,-44.721394895945494,49.9002232011558,-0.01470781347261152,79.17915478981551,3.0,0.0,0.29612073837965835,0.29612073837965835
2149,1,0.09784929868907434,0.08477779222381929,0.023092077226935716,1.790996523635474,0.5650962282872033,5.659584771001635e-9,1.2042659288773455e6,-44.47613435416815,15.0,1.0,0.643147027717399,-44.47613435416815,49.43813807831505,0.14522323879171495,6.488845548321251,4.0,0.0,0.29612073837965835,0.29612073837965835
2150,1,0.08587097898932285,0.04225207652940541,0.1589357182523517,1.1456740427100527,0.4038158159950436,1.4397857619725818e-8,6.343822455797491e6,-41.59625180105205,15.0,1.0,0.994336508284428,-41.59625180105205,46.1490420055958,-0.3011030438474407,-0.41256339911889484,3.0,0.0,0.29612073837965835,0.29612073837965835
2151,1,0.05450767647324813,0.0693799560177839,0.8934794650123938,1.54167492224484,0.044074277149919655,7.939119458359489e-8,2.5292013354008407e6,-44.98940666578554,15.0,1.0,0.9746970867405739,-44.98940666578554,46.24584503512196,0.10240978188079453,0.10240978188079453,4.0,0.0,0.29612073837965835,0.29612073837965835
2152,1,0.0792894923443008,0.03422926017670389,0.8673724065710823,1.5131834306442804,0.033483328751646786,7.242016870009925e-8,3.477496245240956e6,-45.37260679845284,7.0,1.0,0.676024108292193,-45.37260679845284,48.467641545458314,0.28498765805206006,0.5873663710709707,3.0,0.0,0.29612073837965835,0.29612073837965835
2153,1,0.08323513877183851,0.03808288966903757,0.7571813389604923,1.8886704941963024,0.031458199240852455,7.731529170409647e-8,2.2806473523428855e6,-47.01211432365669,15.0,1.0,0.9650111854775599,-47.01211432365669,49.148371125530005,0.0024875607438588077,-0.16440586199547624,4.0,0.0,0.29612073837965835,0.29612073837965835
2154,1,0.030369234557648478,0.07251761816256114,0.17443420829615203,0.3788558335561718,1.1326620910816765,8.50151979847896e-8,3.67156342088794e6,-42.12184596471039,7.0,1.0,0.9980981362259903,-42.12184596471039,48.73501674934665,-0.15283078652154813,-0.18878868231140444,3.0,0.0,0.29612073837965835,0.29612073837965835
2155,1,0.09748107570025154,0.07036508111005475,0.2080861944759151,1.7929631084402349,0.7013936865212702,5.817231994252496e-8,3.710416736679547e6,-42.37035281420716,15.0,1.0,0.9863843690876235,-42.37035281420716,45.89599786412352,0.006208055921874234,-0.06315373786968337,4.0,0.0,0.29612073837965835,0.29612073837965835
2156,1,0.013133889133983355,0.03673016970694375,0.636238607412142,0.15371625245268086,0.6969408501083969,3.466884468145444e-8,6.381874683637985e6,-44.233233655243254,15.0,1.0,0.8835246425337453,-44.233233655243254,45.68288318474484,0.03150495348328519,4.696305301411677,3.0,0.0,0.29612073837965835,0.29612073837965835
2157,1,0.08312084869316184,0.025777345131258934,0.29128412748689403,1.2001702061426853,0.9028075039612622,3.6736559785209946e-8,3.032601437082761e6,-40.343300306288356,7.0,1.0,0.9930420144788824,-40.343300306288356,46.71174226078872,-0.14429203456273854,-0.14429203456273854,3.0,0.0,0.29612073837965835,0.29612073837965835
2158,1,0.07726798495367215,0.026736173797803714,0.06043993539947288,0.3067922151753618,0.8999736980381216,7.535720165464142e-8,1.4175908415687833e7,-44.17715407667793,7.0,1.0,0.738184582253911,-44.17715407667793,45.63508377150102,0.3374773756771603,0.6710726908190594,3.0,0.0,0.29612073837965835,0.29612073837965835
2159,1,0.05707582693513133,0.06088844150640093,0.545767383423867,0.6716228574811265,0.9204421104616887,2.284185307265597e-8,1.1536770941692172e7,-41.021514927214554,7.0,1.0,1.0,-41.021514927214554,45.464354487765604,-0.13371937510558496,-0.4129834454364101,3.0,0.0,0.29612073837965835,0.29612073837965835
2160,1,0.015557562511509394,0.020114197168892248,0.5577107643206083,1.5675238847455224,0.6986159411197193,5.8555700759357376e-8,4.579208478482816e6,-42.139048888894834,15.0,1.0,0.8698569425814426,-42.139048888894834,46.01018368655473,0.6702295429423657,0.8542545427280714,3.0,0.0,0.29612073837965835,0.29612073837965835
2161,1,0.08370774463896294,0.0915611767665485,0.07964864136064793,0.13285689884891155,0.24743588083702703,2.973345213871728e-8,4.613905701243026e6,-45.405139659769674,15.0,1.0,0.8875741348575518,-45.405139659769674,48.84788579260482,0.14169828540197216,0.17144983777325962,4.0,0.0,0.29612073837965835,0.29612073837965835
2162,1,0.0389224041268912,0.01663913297489987,0.3154395444576663,0.3587453425645022,1.2931256968408094,7.168589311190476e-8,3.3027299056126303e6,-42.90578029588204,15.0,1.0,0.9988725920031936,-42.90578029588204,47.63243795815629,-0.08838583220636309,-0.13001650573181678,4.0,0.0,0.29612073837965835,0.29612073837965835
2163,1,0.04663804967071252,0.09377350919853888,0.11469884487635386,1.4969229092743748,1.268244113485658,3.163963217715268e-8,6.783714738965302e6,-43.02783957372008,15.0,1.0,0.9662007468896984,-43.02783957372008,46.8348016356773,0.046790978685642415,0.4783888160448413,4.0,0.0,0.29612073837965835,0.29612073837965835
2164,1,0.028668496864576835,0.029265375046581596,0.9442346026816666,0.6636280615047836,0.18179209367442367,7.743002484278502e-9,1.1980578501777492e7,-46.38991123161664,7.0,1.0,0.9908354175161699,-46.38991123161664,48.62249467166824,-0.01424353542503809,-0.19251041880146147,3.0,0.0,0.29612073837965835,0.29612073837965835
2165,1,0.027455391148303677,0.013203536071056975,0.6611398766888579,0.6487298712300053,0.7755615705124328,2.363082569629857e-8,2.0918643088150134e6,-43.564904932655914,7.0,1.0,0.9951345459120428,-43.564904932655914,48.5095921472619,-0.011819000350769215,-0.29568277660751363,3.0,0.0,0.29612073837965835,0.29612073837965835
2166,1,0.04175928664276832,0.04087463969397548,0.6641010641909585,1.564799404195227,0.7195939334161413,8.958900917452132e-8,8.757307654514644e6,-41.6362776477508,15.0,1.0,0.9829673979745188,-41.6362776477508,46.0077676320432,-0.09923306255690534,-0.21195371341496383,4.0,0.0,0.29612073837965835,0.29612073837965835
2167,1,0.08007541813448656,0.08968952130163473,0.05726997289946419,1.705773411333262,0.6998055211112307,4.1073499799058394e-8,1.4887586942929311e6,-40.48699573686541,15.0,1.0,0.9537012887068729,-40.48699573686541,44.934204513344746,-0.3068343994466076,-0.3068343994466076,4.0,0.0,0.29612073837965835,0.29612073837965835
2168,1,0.08343953933164978,0.0978859668387331,0.03206232701489834,1.706233621847613,1.1940401679856865,1.7273830018124353e-8,1.8036986447388371e6,-43.463410197961636,15.0,1.0,0.5015109200268546,-43.463410197961636,44.44419025758305,0.26218737208340315,3.107610124232558,3.0,0.0,0.29612073837965835,0.29612073837965835
2169,1,0.08742250185733963,0.09764949634157787,0.05944360357392178,1.5119775449910997,1.138837616076795,2.4032504303101626e-8,1.4739170088149393e6,-42.59222155158617,7.0,1.0,0.9025735608967543,-42.59222155158617,44.809483226014954,-0.1744442162306683,0.5401920603813863,3.0,0.0,0.29612073837965835,0.29612073837965835
2170,1,0.09949782694009209,0.023822906773578872,0.1245439555507604,1.3846279847520708,1.1219372754061414,8.632380888919984e-8,2.4227129208912062e6,-44.81159304908759,15.0,1.0,0.29813963171288577,-44.81159304908759,49.0734073011466,0.21342338464179988,5.72318892335845,3.0,0.0,0.29612073837965835,0.29612073837965835
2171,1,0.014718244907626854,0.032156002647345604,0.6438267551696659,0.8064220295222764,0.10156672716167278,1.8294800060579947e-8,2.4439523997431956e6,-44.2142533231964,15.0,1.0,0.9404943644127113,-44.2142533231964,49.16726159771935,-0.2813026931206508,0.42873137043815746,4.0,0.0,0.29612073837965835,0.29612073837965835
2172,1,0.015209665034070433,0.0372625900126153,0.7435197774127036,0.6718724529366706,0.07867542559610685,8.00564062156258e-9,1.2506918428182315e7,-45.9342822648307,7.0,1.0,0.44279470631647044,-45.9342822648307,47.640090496997395,0.42635214640138486,1.432164215392298,3.0,0.0,0.29612073837965835,0.29612073837965835
2173,1,0.08597750735483174,0.07306266490194802,0.9527817650020729,1.7441994943156844,1.3072969767458025,6.802943973589489e-9,1.1903014212024504e7,-48.06698248152138,15.0,1.0,0.9746430636675335,-48.06698248152138,53.2808901532256,0.05454893454261622,-0.9577035103452545,4.0,0.0,0.29612073837965835,0.29612073837965835
2174,1,0.09187562771691501,0.0905737385908789,0.9572014086122241,1.7559875394613267,1.33890189157087,5.241313191251811e-9,7.708237947634258e6,-50.232500985434335,7.0,1.0,0.990118984933664,-50.232500985434335,53.497073229757476,0.054344221323752606,-0.2509498328310329,3.0,0.0,0.29612073837965835,0.29612073837965835
2175,1,0.09237023751111678,0.05508104162151649,0.9380698116360997,0.9965549225141693,0.17169559354739625,1.803184425241649e-8,2.9047913463567463e6,-44.578608701190504,15.0,1.0,0.9992422463614421,-44.578608701190504,52.60046423940771,-0.22080229460330258,-0.38779634395184814,3.0,0.0,0.29612073837965835,0.29612073837965835
2176,1,0.09591046131158856,0.052291962281958364,0.48304121686484014,1.6447296561356135,1.3508124741538479,3.2907392856493866e-8,3.9616296355311344e6,-43.03552544428455,15.0,1.0,0.9430777949091926,-43.03552544428455,48.07808918447107,-0.007455538819819196,0.3017965406845704,4.0,0.0,0.29612073837965835,0.29612073837965835
2177,1,0.09698383689209474,0.060878001554650396,0.32317023809187345,1.6196694700811576,1.3886249064414662,2.3782605020544055e-8,4.424455499907504e6,-44.206313149016545,7.0,1.0,0.9789248805380529,-44.206313149016545,45.57620251665974,0.027463652851736242,-0.08483117497907244,3.0,0.0,0.29612073837965835,0.29612073837965835
2178,1,0.09904784361011723,0.07454067971497987,0.6060316136869344,0.9864340791332921,0.7089325869733324,1.2452343812351755e-8,5.880090529658001e6,-43.764779163947864,7.0,1.0,0.9483369610238651,-43.764779163947864,48.05594701253117,-0.04571340482237929,-0.11460526287188344,3.0,0.0,0.29612073837965835,0.29612073837965835
2179,1,0.09894926419111946,0.04204578352926224,0.2616765792066842,1.5298790530275324,1.022536876167249,4.362383615316719e-8,2.592809768057862e6,-42.67358670346905,7.0,1.0,0.9147324347386626,-42.67358670346905,47.74843605490154,0.1196051853632838,0.37955133100042104,3.0,0.0,0.29612073837965835,0.29612073837965835
2180,1,0.018078078103079053,0.013142465865451695,0.18990188903536948,0.7834824190629239,0.20137811341826348,9.730067278724528e-8,2.2638572205884736e6,-46.64375338241807,15.0,1.0,0.7413970344619685,-46.64375338241807,50.87016037220063,0.4135077632495836,0.5476576782305926,4.0,0.0,0.29612073837965835,0.29612073837965835
2181,1,0.040209154852223844,0.01991416818390645,0.8212048453613711,1.0401939242275482,0.6067548186698791,9.980902990805172e-8,1.2609977987829635e7,-46.43618122350988,7.0,1.0,0.9895889618499467,-46.43618122350988,49.84063064027146,0.010678231168519403,-0.052162992880383285,3.0,0.0,0.29612073837965835,0.29612073837965835
2182,1,0.0616385322844046,0.08937082450222075,0.7045322877162559,0.9610128832270468,1.1816906585735125,7.316904520044634e-8,3.610860662707057e6,-41.26909135053745,15.0,1.0,0.9768545248947514,-41.26909135053745,48.53976697530648,-0.22927370225573895,-0.3409364385200746,3.0,0.0,0.29612073837965835,0.29612073837965835
2183,1,0.07275396894094173,0.08825891357911064,0.36109238096563107,0.9355819296131002,0.7084148548823578,8.08592840968533e-8,4.965568624612634e6,-40.81791108429108,15.0,1.0,0.996987710096193,-40.81791108429108,42.50707714484158,-0.02603206884101894,-0.05577630654099863,4.0,0.0,0.29612073837965835,0.29612073837965835
2184,1,0.055741394663061494,0.08993606616019852,0.14950816162985384,0.48366301781874954,0.8493110000190064,9.582127799624657e-8,4.503933089845914e6,-43.07079388351714,7.0,1.0,0.971292784428348,-43.07079388351714,43.81814336012935,0.0532199365046111,0.06324147601090147,3.0,0.0,0.29612073837965835,0.29612073837965835
2185,1,0.023658920127758408,0.09204172148567906,0.013486041349762577,0.6916366522773013,0.11159933489882416,9.014699916217552e-8,2.7884295241064387e6,-46.30262847836411,7.0,1.0,0.9322609291359994,-46.30262847836411,48.52472723918003,0.1354214601444994,0.1354214601444994,3.0,0.0,0.29612073837965835,0.29612073837965835
2186,1,0.01801497670787642,0.041674343774707634,0.6431546342631115,0.8056230584121077,0.45091710030300136,9.152991566089135e-8,8.567744318439163e6,-42.687087280463274,15.0,1.0,0.8607616325306123,-42.687087280463274,54.533802513768606,-0.42255336917357056,2.931211919312176,3.0,0.0,0.29612073837965835,0.29612073837965835
2187,1,0.06591489188086808,0.0837886430031143,0.2813174981157895,0.3107759072787053,1.0309195091533256,9.932176437434474e-8,2.697261194659569e6,-44.89051235965074,7.0,1.0,0.9749062455297575,-44.89051235965074,46.55813719672534,-0.05709403787756173,0.14536778283403606,3.0,0.0,0.29612073837965835,0.29612073837965835
2188,1,0.044103650754761886,0.0303288267466872,0.7766962201932875,0.3148474892323193,0.4421574439576999,2.0167463955138915e-8,2.46862280876849e6,-42.3605369042914,15.0,1.0,0.670661334360373,-42.3605369042914,48.724538623063026,-0.03999221930975949,0.9198840613092614,4.0,0.0,0.29612073837965835,0.29612073837965835
2189,1,0.06498797171092396,0.051582899122048706,0.02252935695310359,1.8140458157911594,0.44867177117863655,6.045413618601574e-8,1.6053322795795125e6,-40.464441895187555,15.0,1.0,0.9734327685326863,-40.464441895187555,45.196000923676145,0.028422541354004238,0.1013107481377844,4.0,0.0,0.29612073837965835,0.29612073837965835
2190,1,0.04218755293935202,0.028935913301610175,0.015773601325771606,1.8604613048314385,1.1352144259291874,4.852733602195871e-8,986779.7320346248,-41.01190068584866,7.0,1.0,0.302152514941939,-41.01190068584866,43.539670118091905,-0.14197159839321927,21.408700558946386,3.0,0.0,0.29612073837965835,0.29612073837965835
2191,1,0.041823006729778914,0.059834574186118865,0.8622967774990297,0.9958889965748983,0.13331266013742618,2.7559244754490803e-8,3.666488310525659e6,-41.971386472216864,47.0,1.0,0.22899238884015422,-41.971386472216864,46.00642264622948,-0.0467270891816014,109.50742056462188,5.0,0.0,0.29612073837965835,0.29612073837965835
2192,1,0.0856088364672615,0.05067165935068498,0.030430224829613578,1.828296204890636,0.2183856149911074,1.8897905260923352e-8,781408.1532260493,-40.63125223770805,15.0,1.0,0.9950389836675465,-40.63125223770805,44.105802331003446,0.01682376467807245,-0.25553608582959697,4.0,0.0,0.29612073837965835,0.29612073837965835
2193,1,0.05781707527682668,0.06430183642337403,0.045377537273746785,1.9050809156112907,0.5107279102223562,4.2019003605267865e-8,1.5128163957268319e6,-40.46156007966189,7.0,1.0,0.4920064518130431,-40.46156007966189,43.14443734519605,-0.14514383725650504,157.91976024947147,2.0,0.0,0.29612073837965835,0.29612073837965835
2194,1,0.07205231944266488,0.0330519903734906,0.0705232631084652,1.8286878368979889,1.350917072408852,4.6701439447891594e-8,1.893509238444359e6,-41.87544483580409,15.0,1.0,0.2576648259881745,-41.87544483580409,43.41679657497258,0.07127781388101084,39.364200792798755,3.0,0.0,0.29612073837965835,0.29612073837965835
2195,1,0.09634362224358381,0.021535107742455983,0.026229358995114197,1.2076310974786222,1.3261134631599962,3.4598444339529556e-8,734202.4789767042,-42.41653352576367,15.0,1.0,0.8104401883382176,-42.41653352576367,47.44427768944572,-0.09540187341422524,4.238121017148558,3.0,0.0,0.29612073837965835,0.29612073837965835
2196,1,0.033309212736363565,0.02579348267471688,0.8411126713392205,0.8724606613531766,0.3291213112576624,6.808338951102229e-8,2.9358756458528773e6,-41.73871659950484,15.0,1.0,0.8722314389004654,-41.73871659950484,46.137874130480306,0.11042645997257239,0.6336548541473022,4.0,0.0,0.29612073837965835,0.29612073837965835
2197,1,0.05458155949094546,0.019493060184909206,0.8592392116115382,0.6101849236329145,0.6933719740858993,7.346111496037535e-8,3.0961805825410364e6,-41.86943621191654,15.0,1.0,0.8902615957475916,-41.86943621191654,43.619830248763606,-0.009901246241390993,17749.470183776513,3.0,1.0,0.29612073837965835,0.29612073837965835
2198,1,0.02534659952049481,0.020201820632054772,0.2221551327628884,1.713370635939211,0.3163962681441552,5.273740649975924e-8,7.224428017406007e6,-42.58710099967796,13.0,1.0,0.7523886564557623,-42.58710099967796,45.900547065777275,0.07011185083228355,1147.925185799436,3.0,1.0,0.29612073837965835,0.29612073837965835
2199,1,0.08650027442352856,0.08853416746582782,0.5403531892306173,0.191382574096742,1.115419524391697,4.6938660791306734e-8,6.905586841049846e6,-43.254701582720024,15.0,1.0,1.0,-43.254701582720024,44.232462536607684,-0.013273773247242104,-0.1452565071201306,4.0,0.0,0.29612073837965835,0.29612073837965835
2200,1,0.030869183675611915,0.02229053390256379,0.2955113212775805,1.780197570628963,0.35420211278457986,5.352325746708998e-8,6.319245973126802e6,-42.000681089565646,15.0,1.0,0.9904628723441309,-42.000681089565646,44.65300278235356,0.0072973322703333565,-0.09177567648752927,4.0,0.0,0.29612073837965835,0.29612073837965835
2201,1,0.07688245494405237,0.09404474107409096,0.7793976192123953,1.2354989982909643,0.9643635379960198,5.1031914753207725e-8,2.352925850451696e6,-42.20573389722519,15.0,1.0,0.9932636185650571,-42.20573389722519,43.89702489764863,0.06900418903882866,-0.07567151026577079,3.0,0.0,0.29612073837965835,0.29612073837965835
2202,1,0.05624519964693368,0.013036956864047256,0.5229442450287344,1.0012536979511368,0.8592367747424812,5.727488161888545e-8,3.523161935334417e6,-41.328005411764664,15.0,1.0,0.804907646959887,-41.328005411764664,44.6846372211863,0.23757619525967755,0.52739790673116,4.0,0.0,0.29612073837965835,0.29612073837965835
2203,1,0.05805134166925471,0.01200419473298868,0.3869488794944768,0.8824021829775834,0.6646614935404462,5.998217574742332e-8,1.837270946619758e6,-43.104727481019495,7.0,1.0,0.9224861145068959,-43.104727481019495,44.258559978034576,0.22106390647702767,0.22106390647702767,3.0,0.0,0.29612073837965835,0.29612073837965835
2204,1,0.09908683580259085,0.09793676634662446,0.446335995064614,1.124393540509625,1.0332675077450915,2.206944365051692e-8,1.75310926626882e6,-46.865004234513364,15.0,1.0,0.8957556319880826,-46.865004234513364,50.1404637366466,0.4714497769360122,0.4714497769360122,4.0,0.0,0.29612073837965835,0.29612073837965835
2205,1,0.015215999120068019,0.01417791115219498,0.2422096939340289,1.94841741616304,0.6341175015607318,7.563707684583937e-8,2.7874698320891764e6,-45.54301208803392,15.0,1.0,0.9778700475434711,-45.54301208803392,49.96773899591458,-0.12893999917195487,-0.4163069034795157,4.0,0.0,0.29612073837965835,0.29612073837965835
2206,1,0.018556349922750452,0.015148128438952947,0.2992018496572132,1.9088423576562379,0.6430025249569215,6.45900807787584e-8,2.802366217085232e6,-43.99278745183693,7.0,1.0,1.0,-43.99278745183693,46.764931658334135,-0.02567380376557793,-0.2017263471661508,3.0,0.0,0.29612073837965835,0.29612073837965835
2207,1,0.01928159489505496,0.09348537705628865,0.4327822411068176,0.9264065491744374,0.6512161174254867,6.726496627178363e-8,4.241313358798527e6,-41.83465824636404,15.0,1.0,0.9993326976013414,-41.83465824636404,46.153563376859225,-0.07504917004776246,-0.07813507875512471,3.0,0.0,0.29612073837965835,0.29612073837965835
2208,1,0.01268402398352154,0.09296988697308116,0.12907166368984593,1.0904263421422613,0.835209889596747,5.687163250944401e-8,2.5411211965445527e6,-43.94755158595127,7.0,1.0,0.9589897571675191,-43.94755158595127,45.00812175704506,0.12747651041067343,0.12747651041067343,3.0,0.0,0.29612073837965835,0.29612073837965835
2209,1,0.08281465137726608,0.09555604415440073,0.01582547647441648,1.560883141390995,0.9599105566338213,4.771926957030001e-8,3.8124479789127894e6,-43.52535679235034,15.0,1.0,0.9970545192287713,-43.52535679235034,47.266980337456474,0.026386084666981446,-0.2201913588829214,4.0,0.0,0.29612073837965835,0.29612073837965835
2210,1,0.08457782364287238,0.027357660453440576,0.017642532400807508,1.3593266745877308,0.4822495260968316,9.525335332543069e-9,4.237467544183006e6,-43.106672104745755,7.0,1.0,0.4894633592430232,-43.106672104745755,49.526144952864456,1.9572163429289162,1.9861751243967305,3.0,0.0,0.29612073837965835,0.29612073837965835
2211,1,0.027837376853205968,0.09004903930454496,0.6912388090002938,0.15757937761877328,0.25369398611185906,9.513695249214065e-8,3.4379602197089097e6,-45.45719688324035,31.0,1.0,0.5413467724921311,-45.45719688324035,50.30845107104148,-0.15516024336409373,65.47393973159276,4.0,0.0,0.29612073837965835,0.29612073837965835
2212,1,0.08272710422094225,0.018781293967637794,0.032186246851731826,1.825702229214125,1.1344965126377577,6.486538882145871e-10,350386.6243714637,-44.12241683515869,15.0,1.0,0.9467699463980662,-44.12241683515869,49.887528970185855,-0.228362507235623,1.0786560731621293,4.0,0.0,0.29612073837965835,0.29612073837965835
2213,1,0.08272710422094225,0.018781293967637794,0.032186246851731826,1.825702229214125,1.1344965126377577,6.486538882145871e-10,350386.6243714637,-44.12241683515869,1.0,1.0,2.949215625166364e-109,-44.12241683515869,47.94771650342933,0.0,249.90023589112832,1.0,0.0,0.29612073837965835,0.29612073837965835
2214,1,0.08272710422094225,0.018781293967637794,0.032186246851731826,1.825702229214125,1.1344965126377577,6.486538882145871e-10,350386.6243714637,-44.12241683515869,7.0,1.0,0.00032511856323455107,-44.12241683515869,50.50114796591998,0.0,249.98156739907932,3.0,0.0,0.29612073837965835,0.29612073837965835
2215,1,0.05240247017264704,0.050287371332879895,0.01143986857543344,1.7901998354015327,0.7422310946052824,6.167959437285758e-9,486410.55423021276,-39.570289411888126,7.0,1.0,0.988897366723872,-39.570289411888126,45.13703315103682,-0.07254723328745172,-0.11315110196125744,3.0,0.0,0.29612073837965835,0.29612073837965835
2216,1,0.05240247017264704,0.050287371332879895,0.01143986857543344,1.7901998354015327,0.7422310946052824,6.167959437285758e-9,486410.55423021276,-39.570289411888126,3.0,1.0,0.2479656359157357,-39.570289411888126,41.027414360819485,0.0,444.6408393000254,1.0,0.0,0.29612073837965835,0.29612073837965835
2217,1,0.06573298253717634,0.057713563279009464,0.022530921071882853,1.9001126158192168,0.7362772887251037,4.205218702777558e-9,521793.5132890495,-40.4371694792315,31.0,1.0,0.03412348996623396,-40.4371694792315,42.828785586150595,-0.04737278416413204,70.853174763637,4.0,0.0,0.29612073837965835,0.29612073837965835
2218,1,0.06645362067951055,0.06968454610434242,0.02752780974377903,1.9409206335858207,0.3880505766425007,8.347017533016616e-9,1.0606872458594681e6,-41.592416639547615,3.0,1.0,0.404361004022012,-41.592416639547615,46.23176405329471,0.022766186823162116,2523.376014477275,1.0,1.0,0.29612073837965835,0.29612073837965835
2219,1,0.06640995633261156,0.08713050955911487,0.037881814791993734,1.1955387680787628,1.2925470126411633,4.201387763116193e-9,1.2910509125346483e6,-42.659810967719594,17.0,1.0,0.6294625883439283,-42.659810967719594,45.660310854642034,-0.0593583516840539,147.05453070924273,4.0,0.0,0.29612073837965835,0.29612073837965835
2220,1,0.07393233663897651,0.07584444378435652,0.01564129180061733,1.3362162326763578,1.2311731379238189,4.162065786360256e-9,1.6824216696602704e6,-42.26302567055809,7.0,1.0,0.16912529174863916,-42.26302567055809,44.530720648855784,0.32365245671513065,3.319509519358931,3.0,0.0,0.29612073837965835,0.29612073837965835
2221,1,0.07064043181329385,0.06010946392258505,0.03566973416168043,1.4473055378593083,1.2066366493702556,5.52448160004716e-9,1.0618740108409652e6,-40.779723403375165,7.0,1.0,0.28420515724924383,-40.779723403375165,43.45140933229247,-0.3798540775606014,21.069275888085492,3.0,0.0,0.29612073837965835,0.29612073837965835
2222,1,0.05607457671524296,0.0868204256514493,0.009028843851057303,1.1701952317772144,0.2334746617436425,3.206086110853679e-9,240600.4240104405,-39.60382644887881,9.0,1.0,0.8795804844396088,-39.60382644887881,43.04781009893264,0.02973407373617931,1476.2508364077441,3.0,1.0,0.29612073837965835,0.29612073837965835
2223,1,0.0688884056510286,0.08549916917543483,0.008992229805446422,1.1719559141879172,0.2082722481195219,2.507428575191732e-9,164733.40771520897,-40.08352586390728,4.0,1.0,0.20201736224953382,-40.08352586390728,41.188257960992274,0.5948479540909091,4165.067913226725,2.0,1.0,0.29612073837965835,0.29612073837965835
2224,1,0.0688884056510286,0.08549916917543483,0.008992229805446422,1.1719559141879172,0.2082722481195219,2.507428575191732e-9,164733.40771520897,-40.08352586390728,1.0,1.0,0.0,-40.08352586390728,44.365179625565226,0.0,7517.367662265464,0.0,1.0,0.29612073837965835,0.29612073837965835
2225,1,0.0688884056510286,0.08549916917543483,0.008992229805446422,1.1719559141879172,0.2082722481195219,2.507428575191732e-9,164733.40771520897,-40.08352586390728,1.0,1.0,2.9476105189721766e-174,-40.08352586390728,41.000211319052795,0.0,399.568811332403,1.0,0.0,0.29612073837965835,0.29612073837965835
2226,1,0.04249233143247404,0.09406918718414634,0.005145863129918672,1.4853383830342672,0.47864687145931634,1.7339178886249984e-9,300662.75974876364,-42.94921141101051,2.0,1.0,0.3796196144125595,-42.94921141101051,48.48957209562148,0.27543836175536995,52385.82177379934,1.0,1.0,0.29612073837965835,0.29612073837965835
2227,1,0.05656042501830606,0.07691213730573929,0.015221772747350992,1.4533253532442654,0.1332423439627019,3.6103730354923195e-9,421858.71492195886,-40.256485176060686,8.0,1.0,0.3183359661456563,-40.256485176060686,44.90585794645418,-0.8184595781210504,1009.4642694917746,3.0,1.0,0.29612073837965835,0.29612073837965835
2228,1,0.09015915607888475,0.036146971136082964,0.04483977108459419,1.782978985985576,0.029493255293395516,1.6203848289297287e-9,414122.8813854191,-47.35461830249147,15.0,1.0,0.12572770322810115,-47.35461830249147,49.25948550969985,0.765164763385755,9.196141617237629,4.0,0.0,0.29612073837965835,0.29612073837965835
2229,1,0.09504537236512023,0.024478287238666456,0.03141757938181082,1.7662794758751146,0.03450857850240836,2.1747403546788e-9,446303.09222789237,-46.98771977009709,7.0,1.0,0.1383300821452381,-46.98771977009709,50.88424315804983,0.35474384280419713,49.99215699044336,3.0,0.0,0.29612073837965835,0.29612073837965835
2230,1,0.09662094341916559,0.03930495938714797,0.033300878142452625,1.928021350069609,0.043362787029621055,2.7325292901714e-9,601029.1525908698,-47.38250295487198,7.0,1.0,0.1451026811342529,-47.38250295487198,53.94441901633379,-0.010438777785147124,Inf,2.0,1.0,0.29612073837965835,0.29612073837965835
2231,1,0.09662094341916559,0.03930495938714797,0.033300878142452625,1.928021350069609,0.043362787029621055,2.7325292901714e-9,601029.1525908698,-47.38250295487198,3.0,1.0,1.6316121377291484e-9,-47.38250295487198,48.880683241907484,0.0,62.50108678624034,2.0,0.0,0.29612073837965835,0.29612073837965835
2232,1,0.0913114307952756,0.0395802221728016,0.03260327198197385,1.87521136704571,0.08830083224235802,4.903999184141615e-9,607742.3903101529,-43.62571169945996,7.0,1.0,0.14332248819580906,-43.62571169945996,51.476643158936426,-0.46144355150867256,23.46400565582082,3.0,0.0,0.29612073837965835,0.29612073837965835
2233,1,0.0913114307952756,0.0395802221728016,0.03260327198197385,1.87521136704571,0.08830083224235802,4.903999184141615e-9,607742.3903101529,-43.62571169945996,1.0,1.0,1.6848573296392645e-11,-43.62571169945996,46.841724765535574,0.0,24.806755133552187,1.0,0.0,0.29612073837965835,0.29612073837965835
2234,1,0.0913114307952756,0.0395802221728016,0.03260327198197385,1.87521136704571,0.08830083224235802,4.903999184141615e-9,607742.3903101529,-43.62571169945996,1.0,1.0,7.108179366036303e-17,-43.62571169945996,45.34648438988869,0.0,37.18270043653585,1.0,0.0,0.29612073837965835,0.29612073837965835
2235,1,0.0913114307952756,0.0395802221728016,0.03260327198197385,1.87521136704571,0.08830083224235802,4.903999184141615e-9,607742.3903101529,-43.62571169945996,7.0,1.0,8.757218271146799e-6,-43.62571169945996,47.79522920516514,0.0,43.498527802344185,3.0,0.0,0.29612073837965835,0.29612073837965835
2236,1,0.0913114307952756,0.0395802221728016,0.03260327198197385,1.87521136704571,0.08830083224235802,4.903999184141615e-9,607742.3903101529,-43.62571169945996,3.0,1.0,0.3499096343529982,-43.62571169945996,47.73438854346937,0.0,57.666896771060244,1.0,0.0,0.29612073837965835,0.29612073837965835
2237,1,0.06170933560332146,0.04118346991770707,0.03591951019244149,1.5859138541655622,0.08528804559175258,4.668621881575585e-9,652293.3952067188,-41.878612817828746,7.0,1.0,0.626310055606487,-41.878612817828746,45.252616904935984,-0.016026900202390948,1.0976008457028357,3.0,0.0,0.29612073837965835,0.29612073837965835
2238,1,0.0533452260868888,0.06577598064181067,0.010595033723851944,1.341786975458227,0.20348511842502776,8.144315190684058e-9,242134.3504771117,-38.00330390372153,9.0,1.0,0.46943921498939745,-38.00330390372153,41.69187444601861,-0.7227308309510079,283178.0207720135,3.0,1.0,0.29612073837965835,0.29612073837965835
2239,1,0.06572501165733133,0.08283278443788063,0.009050167005047391,1.0484621006855686,0.21609786026459096,3.788122891517743e-9,239275.63423536488,-39.70214725207876,3.0,1.0,0.4555987115369098,-39.70214725207876,42.25517694608362,0.06216393183740365,37162.89212250076,1.0,1.0,0.29612073837965835,0.29612073837965835
2240,1,0.06494489474032439,0.08470641710516161,0.017810170309468246,1.4924527769855158,0.2178454467793147,5.123866695421727e-9,393417.291176466,-39.651154095201264,13.0,1.0,0.0759888450908867,-39.651154095201264,43.10246243506762,0.32348698006428833,Inf,3.0,1.0,0.29612073837965835,0.29612073837965835
2241,1,0.048037828451726626,0.059498020189461015,0.0050390042376286266,1.287691135334482,0.22965952109265536,7.2742103571459765e-9,398579.0861333015,-40.214946151731816,3.0,1.0,0.2824012409525975,-40.214946151731816,44.90832949987124,0.1658140903965304,384.1537597010979,2.0,0.0,0.29612073837965835,0.29612073837965835
2242,1,0.04675004281478018,0.08274077237964654,0.007091975497896914,1.2935302064047316,0.12862117987160668,3.24264215887579e-9,774273.9946091754,-42.598831547898726,3.0,1.0,0.6666666666666666,-42.598831547898726,46.973946567390456,-0.04159378567848648,30971.949859705433,1.0,1.0,0.29612073837965835,0.29612073837965835
2243,1,0.05585458242231686,0.08641763993614066,0.02139514746829987,1.5978878745223222,0.10828451955049706,4.519226396677061e-9,1.6613544068272323e6,-43.17424576381315,7.0,1.0,0.1363741340552318,-43.17424576381315,48.12147220184169,0.09776499829705898,122.8975312333123,3.0,0.0,0.29612073837965835,0.29612073837965835
2244,1,0.0470624442640235,0.0841542415584768,0.05404239468771958,1.5665630721617472,0.1349193880919307,3.327667668151256e-9,889875.7043671485,-45.62396701333675,15.0,1.0,0.276318368716911,-45.62396701333675,46.38519929120124,0.9289526675918438,35.15308070981981,3.0,0.0,0.29612073837965835,0.29612073837965835
2245,1,0.055702573023457894,0.01717389597835097,0.8323088105548244,0.6738377355806793,1.3515084009037224,9.147013378813604e-8,4.598280301489102e6,-44.241121436496634,15.0,1.0,0.8672459138633851,-44.241121436496634,50.11472203594573,-1.7479442708030533,5.632489711682261,4.0,0.0,0.29612073837965835,0.29612073837965835
2246,1,0.07243489478327046,0.029546213810223043,0.664141791082188,0.44628132826072675,1.2731732117971488,8.165030676296562e-8,2.340705691122771e6,-42.64120042879679,7.0,1.0,0.9846661818025194,-42.64120042879679,45.733576788597986,0.05259864600215991,-0.16787611610835285,3.0,0.0,0.29612073837965835,0.29612073837965835
2247,1,0.07243489478327046,0.029546213810223043,0.664141791082188,0.44628132826072675,1.2731732117971488,8.165030676296562e-8,2.340705691122771e6,-42.64120042879679,15.0,1.0,0.030631186598304154,-42.64120042879679,55.01096112978578,0.0,9.060774578301412,3.0,0.0,0.29612073837965835,0.29612073837965835
2248,1,0.025655836322272668,0.02964117002486822,0.08756999463959855,0.6120973603106057,0.5300338848218422,6.719707449911306e-9,7.748089628276034e6,-43.53403621489411,15.0,1.0,0.9965137703771315,-43.53403621489411,46.102581438002076,-0.03345315921215786,-0.14212138387108553,3.0,0.0,0.29612073837965835,0.29612073837965835
2249,1,0.07912264665633967,0.03093925044094612,0.3792939696381364,1.189408683467581,1.0931546736053235,9.484262883104119e-8,5.459395433700553e6,-41.99563750088208,15.0,1.0,0.9846754638498576,-41.99563750088208,47.38941214125488,-0.08573827605597728,-0.15367214614268931,4.0,0.0,0.29612073837965835,0.29612073837965835
2250,1,0.0572411861397891,0.0782848357360078,0.5206116872282348,1.7040961158255963,0.44796206673967115,5.3348925378495345e-8,3.8265842872470687e6,-40.35563807174485,7.0,1.0,0.9645285783595264,-40.35563807174485,44.23768498978081,-0.13153045255857876,-0.22370497594403815,3.0,0.0,0.29612073837965835,0.29612073837965835
2251,1,0.010254444426059642,0.0498949971640743,0.43430913165766344,1.4184946729922736,1.309207388289897,6.644414142248021e-8,4.088300606280564e6,-45.318674579103934,7.0,1.0,0.8587276381115778,-45.318674579103934,47.024144650639926,0.14393857759412754,0.18757513806147585,3.0,0.0,0.29612073837965835,0.29612073837965835
2252,1,0.010572663429500192,0.08836021159466476,0.8967718729747121,0.8606988150894315,0.966464929692502,1.3163695783287335e-8,2.3781979112103358e7,-48.44749301140687,15.0,1.0,0.8367390664742218,-48.44749301140687,51.13248777471441,0.28687671893609235,0.5267753687230865,4.0,0.0,0.29612073837965835,0.29612073837965835
2253,1,0.012876566069012923,0.03420667871532933,0.08312843788550717,1.1163080534540155,1.0822166628560046,3.73383426053115e-8,4.292506847845252e6,-43.103630180020744,7.0,1.0,0.9781818863013552,-43.103630180020744,50.603016278671255,0.09718542271724573,-0.4032705943229118,3.0,0.0,0.29612073837965835,0.29612073837965835
2254,1,0.011226435381113528,0.04355706695701977,0.46593639129284053,1.8245883363306747,0.12448408861558902,9.577162063320741e-9,3.2504806806015116e6,-45.96024042535311,15.0,1.0,0.9114460027992528,-45.96024042535311,49.48575353127011,0.02372451999576697,0.20340917492671906,4.0,0.0,0.29612073837965835,0.29612073837965835
2255,1,0.09227084188272783,0.042478101174207736,0.45338516823673625,0.32028226250485503,0.1205837059464398,8.592329702232556e-8,5.520147629771707e6,-43.67413025285708,15.0,1.0,1.0,-43.67413025285708,48.7812153759139,-0.03080456626243233,-0.11506458681440535,4.0,0.0,0.29612073837965835,0.29612073837965835
2256,1,0.09114713449858632,0.045912711001987856,0.3091994682857704,0.4179988993118262,0.11956136317237112,9.0171814068098e-8,1.0260497026532277e7,-44.389829027703115,7.0,1.0,0.8093093233977608,-44.389829027703115,46.41149917108393,0.07118768448481205,0.5915622523565034,3.0,0.0,0.29612073837965835,0.29612073837965835
2257,1,0.031648634046670523,0.03846704987367706,0.11588887560998881,1.1397532041349843,0.5586331528961551,3.955054251246709e-8,1.7117332813819349e6,-41.875320302863244,7.0,1.0,0.9814720568325682,-41.875320302863244,45.92254198499713,0.11415464443540912,-0.2560808570112201,3.0,0.0,0.29612073837965835,0.29612073837965835
2258,1,0.031648634046670523,0.03846704987367706,0.11588887560998881,1.1397532041349843,0.5586331528961551,3.955054251246709e-8,1.7117332813819349e6,-41.875320302863244,7.0,1.0,0.010373978271015388,-41.875320302863244,46.52323173431216,0.0,6.4126765592000226,3.0,0.0,0.29612073837965835,0.29612073837965835
2259,1,0.05733966178607802,0.06616125195175747,0.36219250438921,0.6764618349334296,1.154276201235168,7.958088716690791e-8,6.88420577232427e6,-40.84156968440307,15.0,1.0,0.6748014655180204,-40.84156968440307,46.11892253685483,0.49709338659013014,0.8956828599281721,4.0,0.0,0.29612073837965835,0.29612073837965835
2260,1,0.05928100811995379,0.06323348239347767,0.3922591307971147,0.6962713353249842,1.1653144957176007,8.23833232632871e-8,4.224213042477908e6,-40.5454388133779,7.0,1.0,0.9881043470890215,-40.5454388133779,41.47020431826372,-0.05687153662699984,-0.09137711950562277,3.0,0.0,0.29612073837965835,0.29612073837965835
2261,1,0.09007952117856655,0.06420669256275818,0.29215152108489195,1.0696336030359772,1.2841449900694089,4.327314022463361e-8,3.6348657061189464e6,-41.19045903397766,15.0,1.0,0.9738324505439008,-41.19045903397766,42.58449618336064,0.021528429049539,0.07440823625898219,3.0,0.0,0.29612073837965835,0.29612073837965835
2262,1,0.09156134449822535,0.033122229332675286,0.1851001936762171,1.1778257213171217,0.9103935270550123,4.261129525337177e-8,4.8923394457811145e6,-40.943443154678114,7.0,1.0,0.981545325188639,-40.943443154678114,42.22803188274438,0.01690794955793251,-0.05785839984172014,3.0,0.0,0.29612073837965835,0.29612073837965835
2263,1,0.08923275676808232,0.030914535638734954,0.27003360563330986,1.2166533587825248,0.8758254705827838,4.226977877986232e-8,9.710206951754445e6,-41.53344086098838,11.0,1.0,0.6071969042716561,-41.53344086098838,43.143245751280006,0.035736770750915525,1.8126424138373238,3.0,0.0,0.29612073837965835,0.29612073837965835
2264,1,0.04163987735042871,0.029787200510980813,0.2822794164394745,1.5780682158674955,0.9463361429159718,3.079669090112109e-8,6.583773005662411e6,-40.837458726002566,15.0,1.0,0.984545974457734,-40.837458726002566,43.90540095317402,-0.05283467129917341,0.263718679347555,4.0,0.0,0.29612073837965835,0.29612073837965835
2265,1,0.07348822521661186,0.08425582204410846,0.4269553920207687,1.0017129772958049,0.4749628678290712,8.511798838081205e-8,6.025253878026695e6,-41.0441578762871,15.0,1.0,0.984254178458989,-41.0441578762871,43.129848870023565,-0.003817640171540404,0.10100150402897867,4.0,0.0,0.29612073837965835,0.29612073837965835
2266,1,0.08102544499375555,0.020856829779596273,0.5105386908510092,0.4127136122859921,1.2412032041552328,3.089557069279604e-8,2.322070944826174e6,-42.65470947443948,7.0,1.0,0.9745234431557227,-42.65470947443948,43.97315608492996,0.11745118388353859,0.11745118388353859,3.0,0.0,0.29612073837965835,0.29612073837965835
2267,1,0.037702488931997666,0.01599353179755362,0.5683518832819127,1.8181449315257379,1.2852298933972455,5.6608317322576515e-8,1.1329189658307366e7,-44.003533197630404,15.0,1.0,0.9472679422558715,-44.003533197630404,45.39842280307766,0.0750988973486173,0.1747244558439931,4.0,0.0,0.29612073837965835,0.29612073837965835
2268,1,0.04291439260587357,0.026871099332013676,0.5065231373664788,0.6021692188607929,1.1487054747075027,5.2532757473528664e-8,3.263756435599427e7,-43.45887092126732,15.0,1.0,0.9711923609907493,-43.45887092126732,45.83665951031087,0.08625305126795979,-0.4117183592289422,4.0,0.0,0.29612073837965835,0.29612073837965835
2269,1,0.06699043430583129,0.06788623622658159,0.8609750160380124,0.7951325524612783,0.9553418893009676,2.1364957639236435e-8,6.530356088060873e6,-41.36751907879619,7.0,1.0,0.8757667951445455,-41.36751907879619,45.30209083138155,-0.07238012871609811,1.5854058960811699,3.0,0.0,0.29612073837965835,0.29612073837965835
2270,1,0.05991769177882257,0.0803846624753748,0.0476206658239322,1.3736484229699197,0.66668901626039,7.613652973955457e-8,2.0673633233288024e6,-40.35683184399073,15.0,1.0,0.9849231905091593,-40.35683184399073,42.62493354099143,-0.10418876075448935,-0.39094203424518525,4.0,0.0,0.29612073837965835,0.29612073837965835
2271,1,0.0652528636472154,0.027647672453000455,0.044016373938601916,1.65001967600466,1.148581704551556,6.623147497268117e-8,2.296107360553255e6,-40.77902051845185,7.0,1.0,0.44273158322118256,-40.77902051845185,48.14918698821024,0.615722480432737,0.9445211399075575,3.0,0.0,0.29612073837965835,0.29612073837965835
2272,1,0.05651022441073699,0.040754552481315,0.10051436807638157,0.971856997199835,0.30141868578331715,1.4807085886460065e-8,7.918858877216506e6,-41.909575631037654,15.0,1.0,0.8561103239494251,-41.909575631037654,43.686174450030556,0.2127431739490362,0.23296131745714632,4.0,0.0,0.29612073837965835,0.29612073837965835
2273,1,0.010482154799505577,0.06973092584332231,0.8503446242970994,1.1514769844242165,1.32030666125787,7.430218921802276e-8,2.1053967615971444e6,-47.034474050110646,7.0,1.0,0.9209622124025965,-47.034474050110646,48.1273584141886,0.27377545381525437,0.27377545381525437,3.0,0.0,0.29612073837965835,0.29612073837965835
2274,1,0.014234550920255565,0.020486831025779428,0.02510163189767605,1.2775742437367397,0.13484607235046203,9.178790284387496e-8,1.3314380677305875e7,-47.97232489625168,15.0,1.0,0.8496399178515872,-47.97232489625168,52.36986340812632,0.29159019982279233,0.3075446483164086,4.0,0.0,0.29612073837965835,0.29612073837965835
2275,1,0.09196890995516295,0.08977133519540346,0.007852988892810251,1.1174665943316826,1.2160043263106721,1.1051102447877545e-8,605363.097740795,-42.46204212318252,15.0,1.0,0.43072457898399624,-42.46204212318252,50.92210328682882,-0.13787131382122908,18.51279185273981,4.0,0.0,0.29612073837965835,0.29612073837965835
2276,1,0.0808407681339114,0.09520075660161145,0.05833642211209492,1.5177065362978863,1.0003762497880535,3.132670348384151e-8,1.7855087432035117e6,-41.35104126570996,7.0,1.0,0.8510060350063698,-41.35104126570996,46.25070140210283,-0.09780097305895197,131.026779607191,2.0,0.0,0.29612073837965835,0.29612073837965835
2277,1,0.025542856870695227,0.04269719991693062,0.05378755987524072,1.7207693763206362,0.5146436397826358,8.704066851652236e-8,2.329525417468342e6,-42.64628427713326,15.0,1.0,0.9453082382354089,-42.64628427713326,44.96852247074097,0.10108988160239818,-0.7316292772713666,3.0,0.0,0.29612073837965835,0.29612073837965835
2278,1,0.06945783144792142,0.0373220988682584,0.02463956258659739,1.61683077792598,0.4489247125275358,6.603269831388117e-8,1.3747850864520213e6,-40.13639650709498,15.0,1.0,0.6894076963485932,-40.13639650709498,44.36494702014662,-0.09709854901516479,0.8318840120015238,3.0,0.0,0.29612073837965835,0.29612073837965835
2279,1,0.0976614625507927,0.03073856355335422,0.4859212695183263,1.3459253663048334,0.26200142751945765,7.049382597741708e-8,3.61884657901185e6,-42.57103737296752,15.0,1.0,0.3496496669108803,-42.57103737296752,45.19918232217151,-0.1306006819148493,6.345143136217317,4.0,0.0,0.29612073837965835,0.29612073837965835
2280,1,0.09301913954675746,0.02023588701233191,0.030640641231102994,0.6674709285468189,1.0409898841328875,3.111183744067141e-8,1.89296271476673e6,-42.19014972357376,11.0,1.0,0.8013047549473865,-42.19014972357376,45.290100229717375,0.043648391784216756,176.60381397780387,3.0,0.0,0.29612073837965835,0.29612073837965835
2281,1,0.0730519631296054,0.02081438793913825,0.01649228049708244,1.619248963016537,0.5780837031448259,3.097767839399735e-8,1.3982260792698616e6,-40.57404668521631,11.0,1.0,0.6814263105221623,-40.57404668521631,43.99630624609616,-0.5347033611242935,29.287760929871354,3.0,0.0,0.29612073837965835,0.29612073837965835
2282,1,0.07968450239248785,0.04519322187232169,0.02426688721886247,1.5395208385919452,0.5076151377377035,3.5175736063876606e-8,1.5112368360876525e6,-39.62750438287252,7.0,1.0,0.8267568063205287,-39.62750438287252,43.25354677208857,-0.1724056586524938,0.42172249278742413,3.0,0.0,0.29612073837965835,0.29612073837965835
2283,1,0.08856821410067921,0.08878243860962358,0.11802279561718283,1.945825589869106,1.2195095915539689,6.217389494883533e-8,2.6684391877842e6,-43.5255066860516,7.0,1.0,0.9448870622501551,-43.5255066860516,46.09736212564301,0.11914183223307617,-1.7427116143784147,2.0,0.0,0.29612073837965835,0.29612073837965835
2284,1,0.06358797663611639,0.023234243137056597,0.05178664473328009,1.5949575594710523,1.379658721006752,2.3175598601629506e-8,2.101739726960874e6,-42.44336913221816,7.0,1.0,0.806167128510702,-42.44336913221816,52.06332689909587,-0.09379246305127964,0.48186991006811297,3.0,0.0,0.29612073837965835,0.29612073837965835
2285,1,0.029228634003636296,0.05913817520596621,0.0191280754429082,1.1263131417454764,1.4164178591188405,4.3175307014440816e-8,8.38522859793396e6,-46.212833854939106,15.0,1.0,0.2096948429726749,-46.212833854939106,50.197024295535535,0.17273056572167889,5.58441962753902,4.0,0.0,0.29612073837965835,0.29612073837965835
2286,1,0.0802072767040395,0.0637520891616529,0.21867405254030342,1.1813525241925464,1.4158586143426848,3.9399385689206325e-8,3.253818295115681e6,-43.19601790010017,15.0,1.0,0.9912528435297683,-43.19601790010017,47.25895450685767,-0.2269872814223035,-0.29031956079253973,3.0,0.0,0.29612073837965835,0.29612073837965835
2287,1,0.01490403178602841,0.03841347647514403,0.6760622701597051,1.3429127474791682,1.3644895809532809,9.844484389501905e-8,4.399538358401692e6,-45.81594153600225,15.0,1.0,0.8906951094384641,-45.81594153600225,51.85868687891464,0.11009254187929685,0.17811247907906846,4.0,0.0,0.29612073837965835,0.29612073837965835
2288,1,0.08198685573227987,0.07671635141421412,0.255801178749929,0.48860529143630904,0.22821885060712785,2.0130089702788832e-8,2.3696028667649385e7,-44.12662465661174,7.0,1.0,0.953635957764293,-44.12662465661174,48.80653120945704,-0.8457537037515195,-1.215181891823491,3.0,0.0,0.29612073837965835,0.29612073837965835
2289,1,0.08076029192015122,0.057407566275233954,0.5070158129527894,0.47485613418180905,0.14422113654474691,1.540717350113344e-8,2.443673875764701e7,-44.35110135045615,7.0,1.0,0.9923154275094905,-44.35110135045615,47.09771272760239,-0.032583718909286574,-0.09996376116010453,3.0,0.0,0.29612073837965835,0.29612073837965835
2290,1,0.053065595745399374,0.085633108374253,0.5668497406541683,1.6805317397269084,1.3358532857428882,8.694675027218754e-8,2.7770172116744213e7,-45.3062137811356,15.0,1.0,0.8392249500491347,-45.3062137811356,48.759337761343936,0.28198369629487985,0.9118781931525746,4.0,0.0,0.29612073837965835,0.29612073837965835
2291,1,0.0188852501542726,0.0880851516902793,0.4947680423697405,0.10760420259180388,0.03482334172975063,8.607286325824453e-8,3.9631123045921186e6,-49.87461220056558,15.0,1.0,0.986641468398948,-49.87461220056558,56.86868645812058,-0.8348071960145447,-1.0149932883118211,4.0,0.0,0.29612073837965835,0.29612073837965835
2292,1,0.012258050704558078,0.02359930243372193,0.41327179608133985,1.8889741496903405,1.2117148978666439,1.2923517728377446e-8,3.725326720497704e6,-45.32045694406065,15.0,1.0,0.997373614678096,-45.32045694406065,53.58413049754092,-0.051019754384377336,-0.16750389530095333,4.0,0.0,0.29612073837965835,0.29612073837965835
2293,1,0.09667166152807981,0.08674453579977262,0.6671509436795291,1.0042778256228146,1.2247444520699398,7.710574912574754e-9,5.881670587017435e6,-44.26723294567761,15.0,1.0,0.9922832792157955,-44.26723294567761,50.804243182654645,0.003460664781350431,-0.15221292018721755,4.0,0.0,0.29612073837965835,0.29612073837965835
2294,1,0.04738378400216312,0.01575957989112526,0.5510511485501637,0.8097792626631015,0.2525119733007859,4.7071039817741105e-9,4.690260242723671e6,-43.24441530401107,15.0,1.0,0.9978280938576451,-43.24441530401107,46.7928982555192,-0.06264407136526984,-0.11761847666382863,4.0,0.0,0.29612073837965835,0.29612073837965835
2295,1,0.05066890320520125,0.023011089544411625,0.14069258795286055,0.9764010638746498,0.3261244302297592,6.386234835124856e-9,8.114643909115584e6,-43.02369316342414,7.0,1.0,0.9629303636245595,-43.02369316342414,44.8193620540212,0.05233450326618794,-0.12309437311473914,3.0,0.0,0.29612073837965835,0.29612073837965835
2296,1,0.021962759162283296,0.08952907130601341,0.8494774439719212,1.4106998410980753,1.2498666735121235,1.477053445814846e-8,1.4866092596273094e7,-45.02397760633446,7.0,1.0,0.9925081939551811,-45.02397760633446,47.08638886502661,-0.0788939346095816,-0.35802037631662387,3.0,0.0,0.29612073837965835,0.29612073837965835
2297,1,0.09197867446674982,0.02868778714813889,0.024040080824561667,1.421592672176346,0.25487009874989425,4.87350636464114e-8,2.7961166996556157e6,-42.326290756484184,7.0,1.0,0.9272815749770229,-42.326290756484184,46.48680107899675,-0.33487211711226195,0.5172496325992313,3.0,0.0,0.29612073837965835,0.29612073837965835
2298,1,0.09182907620606857,0.021796957768088515,0.029547048454055126,1.3608451458278121,0.22749816265098977,4.604709642130065e-8,1.1226305604921721e6,-41.380564383442284,11.0,1.0,0.18181820278550367,-41.380564383442284,44.93595088211215,-0.07336312684292778,Inf,3.0,1.0,0.29612073837965835,0.29612073837965835
2299,1,0.08982043365751141,0.023964512742783477,0.042718491175296934,1.4257097661090425,0.27567723402462296,3.3824023461467933e-8,1.4326969864601267e6,-40.65279071248287,3.0,1.0,0.8032515380024462,-40.65279071248287,42.29144647451292,0.033536535234645726,0.421965966194513,2.0,0.0,0.29612073837965835,0.29612073837965835
2300,1,0.06853103902006308,0.027949688194531794,0.020148541872897646,1.7984432457904893,0.8308640134972538,1.996465642973165e-8,451553.48501404544,-38.703872136911805,13.0,1.0,0.45003110396687607,-38.703872136911805,41.90825339667714,0.0906151576573535,Inf,3.0,1.0,0.29612073837965835,0.29612073837965835
2301,1,0.06929523545267227,0.023163025507589342,0.029939372604327275,1.7794905189613364,0.7027637130396758,2.5347542517616655e-8,1.3196199751921387e6,-40.08210012233907,3.0,1.0,0.3321716079437723,-40.08210012233907,43.69969478698391,0.00349126438898395,176532.58871615425,1.0,1.0,0.29612073837965835,0.29612073837965835
2302,1,0.05084541514138581,0.024487201106590955,0.019454181583246653,1.5860125309343256,0.6103300749067699,1.7594255217823873e-8,810503.8262999449,-39.326635268402754,5.0,1.0,0.7989672478098551,-39.326635268402754,41.0695413301935,-0.5335619689999405,59.69346591794328,2.0,0.0,0.29612073837965835,0.29612073837965835
2303,1,0.05084541514138581,0.024487201106590955,0.019454181583246653,1.5860125309343256,0.6103300749067699,1.7594255217823873e-8,810503.8262999449,-39.326635268402754,1.0,1.0,1.24780354268269e-12,-39.326635268402754,42.07522214799768,0.0,27.409636276094986,1.0,0.0,0.29612073837965835,0.29612073837965835
2304,1,0.06517942699730517,0.020801562569885648,0.022486883799134404,1.6677137366225103,0.8468138113843265,3.074032798857154e-8,1.2116372041672997e6,-39.83577741437076,10.0,1.0,0.12793622554602846,-39.83577741437076,42.550296283888805,0.11719721715926568,Inf,3.0,1.0,0.29612073837965835,0.29612073837965835
2305,1,0.07833783512565029,0.050351745369475454,0.04229315745959149,1.7162018812247344,0.4936136308744601,2.359085536578674e-8,903313.2467906196,-39.185335760671194,15.0,1.0,0.6572673017271982,-39.185335760671194,45.47010577655837,-0.2457570811274863,40.583723122090355,3.0,0.0,0.29612073837965835,0.29612073837965835
2306,1,0.07122835314319241,0.030036194029733343,0.015395707261949738,1.3005834831166148,0.8285995541148289,3.0955592083705693e-8,916141.0175355407,-38.94752420968457,7.0,1.0,0.6207703048387723,-38.94752420968457,40.155463521209384,0.21518172176197936,160.7539386370609,2.0,0.0,0.29612073837965835,0.29612073837965835
2307,1,0.07839914104680358,0.036494922529180296,0.02847321299046819,1.314231190484362,0.6227188534164607,3.344659448595192e-8,615519.8797124292,-38.522462054838,3.0,1.0,0.45869104302652336,-38.522462054838,40.02908115738046,-0.2997114349174623,30.92034576042966,1.0,0.0,0.29612073837965835,0.29612073837965835
2308,1,0.07839914104680358,0.036494922529180296,0.02847321299046819,1.314231190484362,0.6227188534164607,3.344659448595192e-8,615519.8797124292,-38.522462054838,3.0,1.0,0.10344756905249196,-38.522462054838,40.13153649712041,0.0,42.47799580467917,2.0,0.0,0.29612073837965835,0.29612073837965835
2309,1,0.07013992495183981,0.022554322592887747,0.014477243393602398,1.4304496640523054,0.7102903041785436,4.6054255945262606e-8,1.687071509103133e6,-40.54540941478095,7.0,1.0,0.37742479542060003,-40.54540941478095,41.2769289368014,1.319493462586891,328.3966570069743,2.0,0.0,0.29612073837965835,0.29612073837965835
2310,1,0.045026233077108124,0.03354069838904326,0.8211953476769236,1.5089706611751224,1.057321120187592,6.231649960285923e-8,2.2327451836881987e6,-41.69619900435724,15.0,1.0,0.9317261654827468,-41.69619900435724,43.78979551271626,0.022232141792578375,2.3849598598556128,4.0,0.0,0.29612073837965835,0.29612073837965835
2311,1,0.04787148327800744,0.0444454926333018,0.9032678324939298,1.4039445070342842,1.0014012064067424,7.098206752863955e-8,2.949530369028878e6,-41.5852365597202,7.0,1.0,1.0,-41.5852365597202,43.636717331704446,-0.17785696805209028,-0.2445685852870767,3.0,0.0,0.29612073837965835,0.29612073837965835
2312,1,0.07499537851857777,0.06788291897862518,0.007006083883280976,0.8539125889360776,0.47243701681400363,3.2394753430539016e-8,2.384332228995974e6,-41.54482895130478,15.0,1.0,0.993552150221029,-41.54482895130478,43.20608408775841,0.020148681353973075,-0.1529801001315363,3.0,0.0,0.29612073837965835,0.29612073837965835
2313,1,0.08285692525017203,0.04344181200463126,0.03072812842978537,0.9823630043319578,0.8050110205980369,2.7579359246559744e-8,2.0907449996854174e6,-40.037117894570436,7.0,1.0,0.7139302248464998,-40.037117894570436,42.417303553097305,-0.14887152022031103,41.083240484308796,2.0,0.0,0.29612073837965835,0.29612073837965835
2314,1,0.06235380391638133,0.08540722640607909,0.005846477828559098,0.7238747230018744,0.948415091940635,1.67812311412205e-8,1.429621265418097e6,-41.57013940976069,7.0,1.0,0.7112865543428282,-41.57013940976069,44.04379972113095,0.0888754014516806,6653.3210935528805,2.0,1.0,0.29612073837965835,0.29612073837965835
2315,1,0.0777606306694154,0.03304662215507574,0.017193830615006823,1.7046111461829052,1.0330205734118219,3.339514917926397e-8,801633.2547984166,-39.93832124387953,7.0,1.0,0.9843772966797297,-39.93832124387953,43.410726631509476,-0.4057277687448604,-0.5799794329807,3.0,0.0,0.29612073837965835,0.29612073837965835
2316,1,0.08768088655578424,0.029017383548201894,0.031779006406956294,1.7484070454920184,1.18447610453808,2.6560634067604976e-8,787157.4577588213,-40.41268277788352,7.0,1.0,0.19190507751927943,-40.41268277788352,42.26757904434228,-0.36570213117557415,4.138465664444745,3.0,0.0,0.29612073837965835,0.29612073837965835
2317,1,0.021579401059173914,0.0577490883171594,0.15847074460895283,0.7080603227943707,0.1885885731058194,5.115730966565814e-8,6.510163951065036e6,-42.03400408072689,11.0,1.0,0.5184114775528927,-42.03400408072689,45.383293485431544,0.17951495006085594,Inf,3.0,1.0,0.29612073837965835,0.29612073837965835
2318,1,0.0683178956790463,0.06468265609437707,0.1484919836326168,1.3432873192045747,0.3117991926958475,5.421943631913294e-8,1.8713630458895196e6,-40.483377861723504,15.0,1.0,0.96135897500878,-40.483377861723504,45.661510474753555,-0.07968585134885586,0.36917992804781363,3.0,0.0,0.29612073837965835,0.29612073837965835
2319,1,0.054650128794027114,0.04288301331257471,0.6594221585503169,1.4793581780243854,1.1583750158607353,2.8017034638599046e-8,4.669104940275711e7,-44.00495730600909,7.0,1.0,0.19133794252932437,-44.00495730600909,45.31092753422596,1.7486011238167904,1.761035081018484,3.0,0.0,0.29612073837965835,0.29612073837965835
2320,1,0.0223227925943524,0.06714738057026508,0.22218202202367413,1.2046375087362544,1.2465231651551294,9.34144830806957e-8,1.044939962382532e7,-43.5869136595794,15.0,1.0,0.461944675900828,-43.5869136595794,47.92537440154587,0.011998782962407972,5.434630310038344,3.0,0.0,0.29612073837965835,0.29612073837965835
2321,1,0.02991117046051988,0.028774731526686345,0.6606466067414765,0.830579288620708,0.8662432123640769,9.407692236614854e-8,1.7111683600837395e7,-43.52838675073748,7.0,1.0,0.9233343276128296,-43.52838675073748,45.687102119958624,-0.014630323411843449,0.49706725065053803,3.0,0.0,0.29612073837965835,0.29612073837965835
2322,1,0.09126026921032751,0.07305168679065761,0.6381308625959604,1.0852916086347022,0.11809734929161414,9.719602596400929e-8,2.8533141236724765e6,-44.31995324254467,7.0,1.0,0.9297709518532284,-44.31995324254467,47.001214195866275,-0.1761841227502785,0.5207890316089632,3.0,0.0,0.29612073837965835,0.29612073837965835
2323,1,0.07080984470472668,0.06655122633801834,0.634648951212971,0.7987417979328089,0.4072183765168379,9.360255644960079e-8,1.1500862242448889e7,-42.38361227477641,7.0,1.0,0.7809202519666442,-42.38361227477641,47.04858815211129,0.16115853108852463,0.7821170161853246,3.0,0.0,0.29612073837965835,0.29612073837965835
2324,1,0.015001068400285446,0.04083020266885275,0.5018901953439845,1.6775805338134324,1.3009082013622995,1.0403458885541543e-8,3.8804658460099907e6,-43.70879393098929,15.0,1.0,0.9302651528123812,-43.70879393098929,47.70025122489081,0.0016065668260409893,-0.4422781216315741,4.0,0.0,0.29612073837965835,0.29612073837965835
2325,1,0.034439715669701644,0.0522002121335445,0.9110898966063492,1.8678039954002028,0.51788685075739,5.303665395513739e-8,4.431595901256584e6,-42.670721907241685,15.0,1.0,0.9759501840143207,-42.670721907241685,46.43683156218966,-0.010013307768694801,0.09720256461440613,3.0,0.0,0.29612073837965835,0.29612073837965835
2326,1,0.032490205192159394,0.06845916190323446,0.3245018608782421,1.8382076156562017,1.358769057791891,3.954646678113595e-8,1.3014797061425202e7,-43.940540189919766,15.0,1.0,0.8823476181262769,-43.940540189919766,47.41688643918019,-0.9751721166749618,-1.3399258131866887,4.0,0.0,0.29612073837965835,0.29612073837965835
2327,1,0.0711670823819925,0.0443245375004362,0.2965875774565347,1.5364235172142462,0.5987520712706635,5.369604846584117e-8,1.5448163560436117e6,-41.53334060909846,7.0,1.0,0.958247307453403,-41.53334060909846,44.75434050578633,0.30613455409648793,-0.32231186442233906,3.0,0.0,0.29612073837965835,0.29612073837965835
2328,1,0.037052494357656895,0.02310381220600067,0.6583628299028291,0.5430273437664151,0.5747232054527606,5.308275549846805e-8,1.9439203596730009e6,-42.21500222681675,15.0,1.0,1.0,-42.21500222681675,44.173887302631606,-0.14899195217951444,-0.6651523635536449,4.0,0.0,0.29612073837965835,0.29612073837965835
2329,1,0.054905728195159306,0.067539240085777,0.43643717789106734,1.144220801804438,0.1324171020954437,8.25554723799647e-8,1.53006035945998e7,-42.74148474541338,7.0,1.0,1.0,-42.74148474541338,44.40294236601611,-0.03899631016112437,-0.4263434712670957,3.0,0.0,0.29612073837965835,0.29612073837965835
2330,1,0.04108759545220704,0.03648564588902627,0.6992409198485845,1.0779922291498607,0.6607266220787757,8.800686318745671e-8,2.0841358830599412e6,-41.82389990238261,7.0,1.0,0.9995598930499566,-41.82389990238261,44.04165526013916,-0.07835786683610735,-0.1254181961354348,3.0,0.0,0.29612073837965835,0.29612073837965835
2331,1,0.055559350291568575,0.02573695812354195,0.6037309180150232,1.1847474452350797,0.6691042378303471,8.994115935034157e-8,3.6366554292979795e6,-40.90746385246473,7.0,1.0,0.9976066850897825,-40.90746385246473,43.375157465950004,-0.15787817844107366,-0.23004556889426908,3.0,0.0,0.29612073837965835,0.29612073837965835
2332,1,0.028359247688236396,0.05273214913016739,0.19773301600228757,1.723228130970709,0.38399143960927323,5.940579097946652e-8,3.947059226961978e6,-41.03100448327507,15.0,1.0,0.9887550095579473,-41.03100448327507,42.61029306679152,0.0060283617374992104,0.02036065015151678,4.0,0.0,0.29612073837965835,0.29612073837965835
2333,1,0.0457988367102653,0.05412243121560338,0.10131197692592092,0.7430222306348006,1.1498992710064078,9.207604370414211e-8,2.113842561406498e6,-42.38665931066493,15.0,1.0,0.8571945239811666,-42.38665931066493,47.70338392497816,-0.21777933352821321,0.28567712830326997,3.0,0.0,0.29612073837965835,0.29612073837965835
2334,1,0.07445273684910365,0.05704799845725034,0.015049023809155886,1.1906006241422238,1.3362384420284013,4.1810141009236494e-8,6.37947756235945e6,-43.429955505699915,15.0,1.0,0.6888293275979219,-43.429955505699915,45.81814019684397,0.25126995269715025,0.5495139060498886,3.0,0.0,0.29612073837965835,0.29612073837965835
2335,1,0.056534071827285794,0.05538930666849329,0.4520274986368605,0.7868848612244925,0.19397706506562185,7.903187445930692e-8,2.2868847134992484e7,-42.88336429949524,10.0,1.0,0.7923428524002851,-42.88336429949524,49.33916124694609,-0.16386972641605269,295041.306095874,3.0,1.0,0.29612073837965835,0.29612073837965835
2336,1,0.0440089503735762,0.08907270789546975,0.5350597565716205,0.14178745638212276,0.2551225948333715,5.84550906771872e-8,2.147334589736808e6,-44.49208795019445,7.0,1.0,0.9635928255779925,-44.49208795019445,46.586880850920345,-0.25338077219935684,-0.25338077219935684,3.0,0.0,0.29612073837965835,0.29612073837965835
2337,1,0.05491528359475011,0.02786329846127554,0.3838016342844042,1.0581719209728493,1.303819577044337,7.119652304512464e-8,9.625459801599504e6,-41.89914656786081,7.0,1.0,1.0,-41.89914656786081,45.41851729088956,-0.2021541186302258,-0.28310376782857816,3.0,0.0,0.29612073837965835,0.29612073837965835
2338,1,0.028597198884969713,0.08054093252074669,0.019842029471369302,1.3657839824972786,0.46569939802206406,9.607875713657387e-8,5.051112678812175e6,-44.426923974360605,7.0,1.0,0.85528798125059,-44.426923974360605,47.14531271194086,0.18944676440753483,0.51650870596945,3.0,0.0,0.29612073837965835,0.29612073837965835
2339,1,0.07578564195367114,0.023093278284205335,0.14311970036498922,1.61673887803068,1.1034257212252272,9.835797395171578e-8,2.1191674997965684e6,-43.67240205138774,15.0,1.0,0.9740073783271759,-43.67240205138774,47.157107186384124,-0.21017605884506452,0.301757201152391,3.0,0.0,0.29612073837965835,0.29612073837965835
2340,1,0.09058640900813714,0.056669588454487795,0.016536019686920884,0.6069496849904068,0.05101844939596258,2.8011390799690222e-9,8.136466847621292e6,-48.38073028435943,15.0,1.0,0.9910138814627169,-48.38073028435943,52.248471557020366,0.032721288304038865,-0.26282157954974394,4.0,0.0,0.29612073837965835,0.29612073837965835
2341,1,0.08355009359102751,0.08223074749558751,0.8451613255643701,1.8644617913766768,1.3987696891948778,9.542886537599429e-8,4.777765663784649e6,-46.71190599420912,15.0,1.0,1.0,-46.71190599420912,50.46366837704925,-0.8181814943497443,-1.6228087121747805,4.0,0.0,0.29612073837965835,0.29612073837965835
2342,1,0.04414851611001507,0.01759190433972432,0.25773051567596145,0.4905704718337327,0.6593958552492627,6.949338788071385e-8,3.6555124797253804e6,-41.29873990921461,15.0,1.0,0.9941498690007486,-41.29873990921461,49.18125801790942,-0.20092467574851014,-0.20092467574851014,3.0,0.0,0.29612073837965835,0.29612073837965835
2343,1,0.04657729429484318,0.05338534798052165,0.6714462127451892,0.883369395632833,0.6375019579862281,5.6263175369502246e-8,4.064826378625637e6,-39.59623216016158,7.0,1.0,0.9993187072526248,-39.59623216016158,41.73316586937124,-0.07781512883749286,-0.07781512883749286,3.0,0.0,0.29612073837965835,0.29612073837965835
2344,1,0.020646564840299912,0.028712804605284456,0.023506472753500648,1.9940483251657197,0.8439887152097294,5.292045203705318e-8,4.3910047654842725e6,-46.91490918070363,15.0,1.0,0.8259540298100991,-46.91490918070363,48.57508310673337,0.2737400877001974,0.2737400877001974,4.0,0.0,0.29612073837965835,0.29612073837965835
2345,1,0.06662915175696996,0.09424373940251102,0.9095055316206715,0.825789343962582,1.218676758325328,9.728844011369669e-8,3.470850110232718e6,-45.413152779771075,15.0,1.0,0.8338938016768317,-45.413152779771075,53.001800192167636,-0.06710974075442522,417.9577768649388,4.0,0.0,0.29612073837965835,0.29612073837965835
2346,1,0.09333329841435167,0.026291912239111814,0.06891127479383502,1.2204107863634,0.7816708727567904,4.125598437168818e-9,5.771734097421749e6,-43.952640549420664,15.0,1.0,0.9625856271373106,-43.952640549420664,50.045210831713774,0.022627543683277906,-0.8792277754111808,4.0,0.0,0.29612073837965835,0.29612073837965835
2347,1,0.06776433408845946,0.07538754240777916,0.0028486443876020785,1.5476704645617732,0.6243993437610689,3.620209164379936e-8,1.2328182896890577e6,-43.102439754259,15.0,1.0,0.9980740940799868,-43.102439754259,45.844105190466976,0.029314078653008835,-0.8904887769179197,4.0,0.0,0.29612073837965835,0.29612073837965835
2348,1,0.03986863421156816,0.07550080420393952,0.006444318754432743,1.2332641873645378,0.23566035408185637,1.3463999305606037e-8,727641.7970221227,-41.048731096308586,15.0,1.0,0.4323507295912895,-41.048731096308586,43.98725028139609,-1.407909833756328,Inf,3.0,1.0,0.29612073837965835,0.29612073837965835
2349,1,0.03986863421156816,0.07550080420393952,0.006444318754432743,1.2332641873645378,0.23566035408185637,1.3463999305606037e-8,727641.7970221227,-41.048731096308586,2.0,1.0,2.0128681281817655e-18,-41.048731096308586,48.35385243121337,0.0,1073.2349596922788,1.0,1.0,0.29612073837965835,0.29612073837965835
2350,1,0.05858411030652085,0.08444238431131776,0.008222266431784699,1.5810546402001324,0.1767121244693625,8.060302904366086e-9,956036.2063601487,-41.91035978613626,7.0,1.0,0.1006822460070014,-41.91035978613626,45.31237332774038,0.4918532929898092,14.955846494350588,3.0,0.0,0.29612073837965835,0.29612073837965835
2351,1,0.0782220678284647,0.02515751931514109,0.012873768565337528,1.2628420023957345,1.4238696328456049,2.917008011710317e-9,268438.2109478148,-44.67888168338512,8.0,1.0,0.5678162244406345,-44.67888168338512,51.015130056883685,-0.21496307740468978,1678.1700991932407,3.0,1.0,0.29612073837965835,0.29612073837965835
2352,1,0.0782220678284647,0.02515751931514109,0.012873768565337528,1.2628420023957345,1.4238696328456049,2.917008011710317e-9,268438.2109478148,-44.67888168338512,1.0,1.0,8.396637855422581e-6,-44.67888168338512,47.37722099608714,0.0,11.687679187545378,1.0,0.0,0.29612073837965835,0.29612073837965835
2353,1,0.0782220678284647,0.02515751931514109,0.012873768565337528,1.2628420023957345,1.4238696328456049,2.917008011710317e-9,268438.2109478148,-44.67888168338512,5.0,1.0,0.14240095736835406,-44.67888168338512,45.66710750385755,0.0,Inf,2.0,1.0,0.29612073837965835,0.29612073837965835
2354,1,0.0782220678284647,0.02515751931514109,0.012873768565337528,1.2628420023957345,1.4238696328456049,2.917008011710317e-9,268438.2109478148,-44.67888168338512,3.0,1.0,1.0584388805339155e-5,-44.67888168338512,49.20116764579798,0.0,564.7192035854797,2.0,0.0,0.29612073837965835,0.29612073837965835
2355,1,0.0782220678284647,0.02515751931514109,0.012873768565337528,1.2628420023957345,1.4238696328456049,2.917008011710317e-9,268438.2109478148,-44.67888168338512,17.0,1.0,0.001969702477054517,-44.67888168338512,49.04798597306962,0.0,Inf,4.0,1.0,0.29612073837965835,0.29612073837965835
2356,1,0.06585509496648126,0.049834429400891084,0.015593125233367415,1.5167075617879822,1.3329429644182127,1.471444132013837e-9,806360.4321471488,-42.46506546331432,8.0,1.0,0.6264069106409782,-42.46506546331432,47.18729507725723,0.17198651266684806,180983.00446856525,3.0,1.0,0.29612073837965835,0.29612073837965835
2357,1,0.06506677989004953,0.05934056488845763,0.9516618885457339,1.9847972818682325,0.6872925870732683,8.518937537382464e-9,3.731762042086024e7,-50.49958534104347,33.0,1.0,0.17435248955337695,-50.49958534104347,54.78270360112358,0.8552905578411156,2321.777447126794,5.0,1.0,0.29612073837965835,0.29612073837965835
2358,1,0.07389207159004675,0.02193370151076917,0.9319569531857242,1.5544578913835947,0.3765370529665961,5.8423467933761153e-8,1.7753317224926688e6,-44.775286782883015,13.0,1.0,0.9075187662319603,-44.775286782883015,52.280551579351254,-0.7352988166651073,916.6161256254072,3.0,0.0,0.29612073837965835,0.29612073837965835
2359,1,0.05178453070750607,0.08257456252846188,0.8904782469050156,1.5150612599777422,1.0786002876563852,6.444401513595115e-8,9.52097299260558e6,-42.52944833803444,7.0,1.0,1.0,-42.52944833803444,46.090296231108084,-0.40043991123450695,-0.6186568564987027,3.0,0.0,0.29612073837965835,0.29612073837965835
2360,1,0.03511601833088823,0.016143001185061387,0.5494509564646307,0.9274943964567849,0.8293120606300822,3.947739391012708e-8,2.1955280822947565e6,-41.82386620122007,7.0,1.0,0.9926592164109136,-41.82386620122007,44.22418064128145,0.03330813452645742,-0.1030317290626428,3.0,0.0,0.29612073837965835,0.29612073837965835
2361,1,0.03511601833088823,0.016143001185061387,0.5494509564646307,0.9274943964567849,0.8293120606300822,3.947739391012708e-8,2.1955280822947565e6,-41.82386620122007,7.0,1.0,0.020710200906272784,-41.82386620122007,48.00237809412353,0.0,4.555635645450032,2.0,0.0,0.29612073837965835,0.29612073837965835
2362,1,0.06493169518479842,0.04627352313773872,0.5484764583524878,1.0301878061167151,0.476056586750904,2.6053988743997658e-8,2.5041708719613776e7,-42.20161460852407,7.0,1.0,0.6603977247888206,-42.20161460852407,44.29814608087291,0.3927156734676913,0.4631852853160652,3.0,0.0,0.29612073837965835,0.29612073837965835
2363,1,0.03512419720805196,0.09812420594593765,0.12935948591563262,1.1040901903171936,0.8791633950544572,8.900474515182871e-9,7.4709689767349195e6,-44.37685156035499,7.0,1.0,0.8369281947556801,-44.37685156035499,47.59144449725636,0.14612377173088476,0.9348897998949468,2.0,0.0,0.29612073837965835,0.29612073837965835
2364,1,0.07666425198767063,0.01119204111864566,0.8757027911266622,1.157870753612401,0.6195273485295874,8.989643859656474e-8,2.7065009376289453e6,-44.85994838915053,15.0,1.0,0.9682648473292716,-44.85994838915053,48.12191751067029,-0.30976254437019435,-1.9669377260263445,4.0,0.0,0.29612073837965835,0.29612073837965835
2365,1,0.019781342679161276,0.06462312908914251,0.48804067489093494,0.2624879526379512,0.8004544742046743,1.4487837019818485e-8,6.11423214399951e6,-42.46821058785589,15.0,1.0,0.9538000169845873,-42.46821058785589,47.599133786398156,-0.1641257823634774,1.0260911978907643,4.0,0.0,0.29612073837965835,0.29612073837965835
2366,1,0.09241966567352142,0.026069128543867344,0.6347310541673072,1.472464659531875,0.4640395545749335,9.155328545047399e-8,4.411532566031733e6,-42.542244490970944,15.0,1.0,0.9473680566525011,-42.542244490970944,46.87921407078705,0.006739338707014042,0.20077240331482926,4.0,0.0,0.29612073837965835,0.29612073837965835
2367,1,0.09602626719704371,0.01061584900275797,0.09609463471733848,1.673071341045474,0.8679967989440834,3.632939132067247e-8,1.540439310269127e6,-44.36373645819138,15.0,1.0,0.5518570949972098,-44.36373645819138,48.55646975390875,0.107270758125523,485.0062902928194,3.0,0.0,0.29612073837965835,0.29612073837965835
2368,1,0.09721612868810493,0.04255227809692345,0.03900480201730019,1.1973031695310632,0.13302560059673707,2.1517559269869825e-8,679136.5249136814,-41.84374378440842,15.0,1.0,0.4207371181439067,-41.84374378440842,47.763900808091364,-0.7222639650641938,23.137816532365868,4.0,0.0,0.29612073837965835,0.29612073837965835
2369,1,0.09721612868810493,0.04255227809692345,0.03900480201730019,1.1973031695310632,0.13302560059673707,2.1517559269869825e-8,679136.5249136814,-41.84374378440842,15.0,1.0,8.848819516715371e-6,-41.84374378440842,47.29243454215839,0.0,35.83580429698539,3.0,0.0,0.29612073837965835,0.29612073837965835
2370,1,0.09721612868810493,0.04255227809692345,0.03900480201730019,1.1973031695310632,0.13302560059673707,2.1517559269869825e-8,679136.5249136814,-41.84374378440842,1.0,1.0,9.905043687217524e-13,-41.84374378440842,45.98024277349198,0.0,27.64056211815914,1.0,0.0,0.29612073837965835,0.29612073837965835
2371,1,0.09758931074460496,0.04257887104680897,0.03835874075562185,1.2082471721494579,0.20521212304631228,2.252153303015778e-8,1.0288608839835656e6,-41.59629948383382,15.0,1.0,0.8946699336060396,-41.59629948383382,42.703961871629566,-0.0955133491887139,2.170875024882136,3.0,0.0,0.29612073837965835,0.29612073837965835
2372,1,0.0989004909069954,0.045645388615780005,0.04753749572105067,1.0961729798804798,0.2503031168750999,2.481942406585279e-8,1.4912244574843787e6,-42.549867829179405,5.0,1.0,0.7881544679798881,-42.549867829179405,43.911666690570364,0.009328172093702847,52.41448759988065,2.0,0.0,0.29612073837965835,0.29612073837965835
2373,1,0.09651481531357883,0.08389457572986572,0.19198443235019158,1.2878920873883286,1.1914029404158188,5.6957070652909236e-8,2.611194282285146e6,-42.27248282810555,11.0,1.0,0.7252332424388446,-42.27248282810555,47.22341660324334,0.09580876327162713,62.61355901037977,3.0,0.0,0.29612073837965835,0.29612073837965835
2374,1,0.07225489131106466,0.099289856415916,0.08385812194758328,1.212890398579889,1.2518886338399913,3.678241774411794e-8,2.9214541268931446e6,-44.01282504901886,7.0,1.0,0.9601530447636656,-44.01282504901886,46.31669359092052,0.024729120009439498,-0.0775142246111784,3.0,0.0,0.29612073837965835,0.29612073837965835
2375,1,0.08292581846955921,0.042246541071416746,0.725358714169692,1.0306679148159317,1.1568671129605201,2.261480183521032e-8,5.417709965145918e6,-41.11776289444904,15.0,1.0,0.9991012856896568,-41.11776289444904,46.10696541561147,-0.15799135485334403,-0.15799135485334403,3.0,0.0,0.29612073837965835,0.29612073837965835
2376,1,0.07671286325027121,0.045037894312596444,0.6592189798143099,0.9651747187196229,1.0013055406665605,2.6774127575296985e-8,4.051147816871034e6,-40.15069124400753,7.0,1.0,0.9940166753292988,-40.15069124400753,41.8322820898247,-0.05480397014304117,-0.08407475857045199,3.0,0.0,0.29612073837965835,0.29612073837965835
2377,1,0.07019953807625086,0.09462671244304324,0.5623288654897103,1.5843888911319355,0.7785529070225382,4.495844794403952e-8,3.1503185535354773e6,-41.30326049125832,7.0,1.0,0.9401213593889892,-41.30326049125832,42.734352764771096,0.06410082273350781,0.09200593232397836,3.0,0.0,0.29612073837965835,0.29612073837965835
2378,1,0.014686976940577074,0.0738906685921858,0.5637576789790724,1.4392623478226643,0.8525220989573074,3.9580268392396106e-8,5.0893683751150165e6,-41.545109591969954,15.0,1.0,0.9773194576389188,-41.545109591969954,43.91955610967604,-0.019081956284779267,0.0560217264219105,3.0,0.0,0.29612073837965835,0.29612073837965835
2379,1,0.01330677218842377,0.06544045122673686,0.8137810986038568,0.864894231151616,0.9919150002488349,3.175155372219209e-8,3.758262094478589e6,-42.4102574714897,7.0,1.0,0.9783874237052351,-42.4102574714897,43.645020900536046,0.026497437025362558,0.04591608850029161,3.0,0.0,0.29612073837965835,0.29612073837965835
2380,1,0.07151963659663747,0.07663865833328841,0.852436334490511,0.7366381028772674,1.1906920131305314,5.402681308376553e-8,6.730109610044591e6,-41.68168425704661,15.0,1.0,0.7520172824608882,-41.68168425704661,45.39758860500246,0.03552271112715033,3.4656973134785503,4.0,0.0,0.29612073837965835,0.29612073837965835
2381,1,0.07343181318340455,0.07225638399482366,0.8188142598174347,1.17066271352163,1.0422397411412165,5.4679388339487246e-8,2.4876988421758246e6,-41.04608143519994,15.0,1.0,0.19664493344161213,-41.04608143519994,45.983695758510905,-0.45648757055467826,15.950948053544636,4.0,0.0,0.29612073837965835,0.29612073837965835
2382,1,0.08672079476921367,0.0697434252137094,0.2581376397721732,1.2288817333418978,0.866334908211561,9.576100766991478e-8,5.67031723710358e6,-42.20886156795047,15.0,1.0,0.9908686106636398,-42.20886156795047,44.44758972462123,-0.012995430382368056,-0.12685723531014048,3.0,0.0,0.29612073837965835,0.29612073837965835
2383,1,0.07339786093025825,0.0864315798082272,0.37125390998202484,1.1596052398284176,1.1068801940219557,9.014624586789789e-8,1.767715540999112e6,-43.06161618652152,7.0,1.0,0.6434371822587802,-43.06161618652152,49.63921615570626,-0.9347496021230839,3.438547787566705,3.0,0.0,0.29612073837965835,0.29612073837965835
2384,1,0.042797574662510565,0.09500404735892332,0.011298023367428824,1.12979169988907,0.3009544752055976,5.159661075788494e-8,5.19275037709232e6,-43.872334439319495,11.0,1.0,0.8316335901403655,-43.872334439319495,47.25392527366773,-0.3190060096771532,9087.41244699435,3.0,1.0,0.29612073837965835,0.29612073837965835
2385,1,0.053262899661663705,0.0863974719162647,0.035069890687556005,1.7387946027333474,1.0486823296884862,6.386602622980054e-8,9.315540266569838e6,-43.40819422284395,7.0,1.0,1.0,-43.40819422284395,48.40446389343697,-0.006262429883818754,-0.3646663473075549,3.0,0.0,0.29612073837965835,0.29612073837965835
2386,1,0.04613759809338969,0.06426043933065931,0.01682617053132974,1.6253976731969904,1.0349284693259144,5.540259261696805e-8,1.4074667630944194e7,-43.929765493818046,15.0,1.0,0.9575924540785675,-43.929765493818046,47.43880397843422,-0.03435875554159651,-1.2598465146060818,3.0,0.0,0.29612073837965835,0.29612073837965835
2387,1,0.013360225865165198,0.06355637889514906,0.6267535223585882,0.5100030978209188,0.7888064898264656,3.729580309028341e-8,7.008375729404886e6,-42.26553376940632,15.0,1.0,0.32125752243592415,-42.26553376940632,51.49999125318224,2.0196535462374,2.3266759014075404,3.0,0.0,0.29612073837965835,0.29612073837965835
2388,1,0.010266094107754363,0.08536481365419346,0.8312489216870187,1.3913415113732028,0.5045052182906599,3.461883532727673e-8,6.624959702461476e6,-45.82740565646433,7.0,1.0,0.9549374656275125,-45.82740565646433,47.27380284036925,0.07086486863367725,0.0973364472493401,3.0,0.0,0.29612073837965835,0.29612073837965835
2389,1,0.015473875168252462,0.021478700628450295,0.10878389185650363,1.0179243141257923,1.1123210126330856,7.774394007012871e-8,2.807097776678764e6,-43.326863699826305,7.0,1.0,0.996101413985046,-43.326863699826305,47.07967847125083,-0.009379100440384036,-0.08161116703384153,3.0,0.0,0.29612073837965835,0.29612073837965835
2390,1,0.018728895611051816,0.08716307915436448,0.952716799513269,0.7552986874598351,0.8970663257912397,9.2745771459491e-9,1.2034330697632995e7,-46.996649518692955,7.0,1.0,0.9496763925986599,-46.996649518692955,50.310805857467166,0.1192989289153914,-0.19132169308289804,3.0,0.0,0.29612073837965835,0.29612073837965835
2391,1,0.01307789021656611,0.02029985099225276,0.004168528942833697,1.1121007490470505,0.57816563813464,9.226693502159363e-8,1.1517940950677194e7,-48.82962665428083,15.0,1.0,0.8386806127801021,-48.82962665428083,52.1456624055093,-0.09831989256023377,3.392309093071006,4.0,0.0,0.29612073837965835,0.29612073837965835
2392,1,0.015563620417713354,0.01447739364626829,0.010574422991991742,0.6371005024006564,1.1549310407053983,7.412466057568676e-8,6.164246898339488e6,-46.70451121603149,15.0,1.0,0.942387887899414,-46.70451121603149,51.920066572006164,-0.01919148049681496,0.683083507058754,4.0,0.0,0.29612073837965835,0.29612073837965835
2393,1,0.010636623598347529,0.014465509821518684,0.22434931096452587,0.28794604847007566,0.9618996597559812,6.307476680498513e-8,2.9364170840391912e6,-46.309516542718356,15.0,1.0,0.9946612274862133,-46.309516542718356,53.0581282609357,-0.16170993159990843,-0.19850625033620162,3.0,0.0,0.29612073837965835,0.29612073837965835
2394,1,0.06754978962243341,0.09727717741373215,0.7105387557912018,1.7396024979571598,0.3480906808587947,3.692050783054056e-8,4.839405565015882e6,-42.972347986854956,15.0,1.0,0.9991249932828593,-42.972347986854956,47.626822147636226,-0.09842861507871703,-0.12412524652035017,4.0,0.0,0.29612073837965835,0.29612073837965835
2395,1,0.06443494133693532,0.06713222094037317,0.7074597057736062,0.23766730910846365,0.8501434125186818,6.051330652208513e-8,3.396680221233386e6,-41.1771838237235,13.0,1.0,0.8966834609411362,-41.1771838237235,45.67841280549076,-0.08799665005426505,27.53546377938391,3.0,0.0,0.29612073837965835,0.29612073837965835
2396,1,0.06392188504791674,0.09027425710744921,0.0874821121140255,1.9824483630668739,0.6218499833312365,2.659589334285882e-8,1.7956064959358757e6,-43.55204738523926,15.0,1.0,0.9030547492838904,-43.55204738523926,45.557809907678134,-0.17969883882969384,0.326843271897161,4.0,0.0,0.29612073837965835,0.29612073837965835
2397,1,0.06939880131265708,0.08340882068539225,0.18676603568400785,1.9337216317860062,0.7217282517074703,2.3332988229957673e-8,2.4293189496375606e6,-42.136096587794995,7.0,1.0,0.5431118605809787,-42.136096587794995,48.73799323977369,-0.0900408351086952,101.5700588762327,2.0,0.0,0.29612073837965835,0.29612073837965835
2398,1,0.0780211356840702,0.06690679134591235,0.03673115089641107,1.9726019280698501,0.4949350295286971,1.645716344754602e-8,1.3545394711054086e6,-42.11003409642319,7.0,1.0,0.28571428571454216,-42.11003409642319,50.0529011130658,-0.9035787525438295,111.72802772696059,3.0,0.0,0.29612073837965835,0.29612073837965835
2399,1,0.08948689241230152,0.0638169423234909,0.08228600298601313,1.9743929114962773,1.3075930541164253,1.793667801593374e-8,3.667832575418338e6,-44.856689418067646,6.0,1.0,0.7983931606014667,-44.856689418067646,48.04425723198118,0.09259936732139806,37379.64268952211,2.0,1.0,0.29612073837965835,0.29612073837965835
2400,1,0.04190738485219837,0.05017976896070989,0.012630770369695263,1.9726730023698729,0.4129121817807579,6.58971516771642e-8,1.0054840910564209e6,-42.577565655094666,7.0,1.0,0.9939325849829684,-42.577565655094666,45.69060526437258,-0.4622874580129803,-0.4622874580129803,3.0,0.0,0.29612073837965835,0.29612073837965835
2401,1,0.04190738485219837,0.05017976896070989,0.012630770369695263,1.9726730023698729,0.4129121817807579,6.58971516771642e-8,1.0054840910564209e6,-42.577565655094666,1.0,1.0,7.210557566837803e-23,-42.577565655094666,45.49900844865246,0.0,50.983910858123764,1.0,0.0,0.29612073837965835,0.29612073837965835
2402,1,0.07293912971391729,0.04392470518754865,0.9404347441415613,0.2005109045361825,1.0331693328656666,3.90784674700082e-8,3.4623557536389465e6,-44.03117358640098,15.0,1.0,0.8901323749413981,-44.03117358640098,47.28363939557064,3.056448525029509e-5,0.8341367943882432,4.0,0.0,0.29612073837965835,0.29612073837965835
2403,1,0.017151842126984514,0.05895153984720408,0.4809274180098233,0.1252508482292575,0.5606634674835499,2.8094195634661713e-8,9.385435458544847e6,-44.550854959871614,15.0,1.0,0.9097786512963121,-44.550854959871614,48.03802421871784,0.03772585511270421,0.3871134354537915,4.0,0.0,0.29612073837965835,0.29612073837965835
2404,1,0.026487485121959975,0.05731123863253301,0.22282451847234364,0.13701149285330466,0.35606491603968077,2.2472816704719696e-8,2.2059579180159334e7,-45.59568520482655,7.0,1.0,0.9775273499281188,-45.59568520482655,47.021658141591466,0.057079422000064994,-0.14551050741824412,3.0,0.0,0.29612073837965835,0.29612073837965835
2405,1,0.09375388856177126,0.07262267227477195,0.6056235315635423,1.2625028085149934,1.3158915055543137,9.746536500168939e-8,3.430420921866685e7,-47.37744321168407,11.0,1.0,0.71622790616997,-47.37744321168407,52.80066529761319,0.03137420979706462,11.592256730048504,3.0,0.0,0.29612073837965835,0.29612073837965835
2406,1,0.09824797708945604,0.05458078569549828,0.1066729663257954,1.499476356059905,1.332912539780588,9.841362131155283e-8,5.655295777755165e6,-46.87083282444396,7.0,1.0,0.8657504751454433,-46.87083282444396,50.74651855523588,-0.006138477439812107,2.2778742927711875,3.0,0.0,0.29612073837965835,0.29612073837965835
2407,1,0.09891721244288147,0.02786248399642189,0.23730427968796877,1.5314442354857374,1.2164615799719776,9.788987887633098e-8,2.205998307356681e6,-46.099478616983085,7.0,1.0,0.15445951080177966,-46.099478616983085,52.763539261585,-0.48069405195263215,5.310766584532779,3.0,0.0,0.29612073837965835,0.29612073837965835
2408,1,0.0969057900271929,0.03239709539013335,0.16769189693589043,1.334012424012207,1.3107773648311336,8.8038477313058e-8,5.422718694905895e6,-44.10075832405807,7.0,1.0,0.9306133437548103,-44.10075832405807,48.2245884520577,0.09418944931997686,0.25771124090745445,3.0,0.0,0.29612073837965835,0.29612073837965835
2409,1,0.08363070172343016,0.02141115704423023,0.11041318635336297,1.553294961295254,0.3674445690034024,5.106080486878329e-8,3.5958710212880154e6,-41.22247340895363,15.0,1.0,0.5610125270720168,-41.22247340895363,46.34887626291575,-0.114744737851467,1.4230626917216753,4.0,0.0,0.29612073837965835,0.29612073837965835
2410,1,0.09859230888442551,0.04717653583174706,0.45135294273042914,1.032133112481396,0.9331745256026295,5.6978143137648206e-8,6.264312283954458e6,-42.41608995137245,7.0,1.0,0.941707798683799,-42.41608995137245,48.022394180133446,-0.033482413667755395,0.13109481864545103,2.0,0.0,0.29612073837965835,0.29612073837965835
2411,1,0.03214637557090149,0.09395567078962144,0.5901989104224004,0.9007711081948266,0.28812115092376656,4.473420182736807e-8,1.8860936317344386e7,-43.46727611809432,15.0,1.0,0.6772838625654499,-43.46727611809432,47.56285724597013,0.3490070989578129,1.1850909328485457,4.0,0.0,0.29612073837965835,0.29612073837965835
2412,1,0.019840329781027226,0.0972012179498769,0.0522204508115272,1.7052859119989519,0.6054876820281272,1.183449328966717e-8,2.7011095607541027e6,-45.22586308942914,7.0,1.0,0.9353743692805916,-45.22586308942914,48.6716765435321,-0.5367525395215864,0.6021725950323358,3.0,0.0,0.29612073837965835,0.29612073837965835
2413,1,0.06545760917029919,0.014930198013117832,0.9153928356426944,1.0817535263416904,0.7472382700522068,1.9868525138526377e-8,3.229059639277492e6,-43.14748799296233,7.0,1.0,1.0,-43.14748799296233,47.969303270783456,-0.13358126242850688,-0.13358126242850688,3.0,0.0,0.29612073837965835,0.29612073837965835
2414,1,0.09971892611099728,0.07040301948820164,0.14097401853077624,1.8318481472992185,0.7844579227817975,4.4286283088621263e-8,4.0407434854942225e6,-44.87709429761114,15.0,1.0,0.9165104215313884,-44.87709429761114,49.65657303706799,0.059488316834446664,0.2357820386227587,3.0,0.0,0.29612073837965835,0.29612073837965835
2415,1,0.013845666168335491,0.03924253698013589,0.8091558305360153,1.479257632142329,1.1070824177655676,3.495941300204369e-8,3.873550578938318e6,-42.618648972823365,15.0,1.0,0.6939211212140656,-42.618648972823365,47.7090778028317,-0.024061752576045592,3.2793037948276833,3.0,0.0,0.29612073837965835,0.29612073837965835
2416,1,0.08950941711127129,0.07735608182326671,0.7919767631925521,1.548084847758541,0.08422130973340601,6.238864365743511e-8,1.0158664869564714e7,-44.114147831844576,15.0,1.0,0.9271644126386519,-44.114147831844576,47.56820142516762,0.16613042018131807,0.16613042018131807,3.0,0.0,0.29612073837965835,0.29612073837965835
2417,1,0.0869172494656236,0.030675572221134227,0.39337768815500135,1.5960786882671563,0.05739730934070539,8.619651606506258e-8,3.63454914594704e6,-43.68718038687662,7.0,1.0,0.8630709660593465,-43.68718038687662,47.881617319174524,-0.07453516221116985,1.9933827225089331,3.0,0.0,0.29612073837965835,0.29612073837965835
2418,1,0.049922946645679186,0.014218061185097792,0.3461584768645186,1.2981247801280593,0.1517187390230628,9.395343469995347e-8,3.9525986906366525e6,-43.62054787630515,7.0,1.0,0.9768831264626675,-43.62054787630515,46.42286935649002,0.016000616373872845,0.09112639211265616,3.0,0.0,0.29612073837965835,0.29612073837965835
2419,1,0.026814911502676703,0.09380505827438461,0.7146304057948638,0.5528165969073697,0.7939428669132982,9.832524864501665e-9,4.1607656130866036e6,-42.901686570271174,15.0,1.0,0.9823787488806464,-42.901686570271174,46.98746786085486,-0.05206014030050454,-0.1924237365949253,4.0,0.0,0.29612073837965835,0.29612073837965835
2420,1,0.04597735022295367,0.04039581873581098,0.17745377420916686,0.21252107657930852,0.9504413714778508,5.7157045823759266e-8,8.290183266609255e6,-42.16896571785256,15.0,1.0,0.7592276199024817,-42.16896571785256,46.094446789190265,-0.03246746535607059,9.941472003529483,3.0,0.0,0.29612073837965835,0.29612073837965835
2421,1,0.048397973591115404,0.08016622995483873,0.32993711316194757,1.9345332107482176,1.2427343708207954,1.3811781793739364e-8,2.126363731186074e6,-43.88365678902469,15.0,1.0,0.9816982199274011,-43.88365678902469,48.411663275165736,0.04791934909178508,-0.15336280523593615,3.0,0.0,0.29612073837965835,0.29612073837965835
2422,1,0.06324550571521563,0.07784204789094253,0.5156378659102231,1.9370087660073565,1.0376902647635884,3.2296940572530125e-8,5.794548981207626e6,-42.17164582455379,15.0,1.0,0.09431142463849466,-42.17164582455379,50.14689345907682,0.3643893593939822,4.082728883022732,4.0,0.0,0.29612073837965835,0.29612073837965835
2423,1,0.06751174373528528,0.050178685687587606,0.4873750590336768,0.17511975563054072,0.18011189858830348,6.399816656755688e-8,8.270674092003768e6,-42.900491788862055,15.0,1.0,0.7470763045243077,-42.900491788862055,46.509041636355,0.2645198841983216,1.0875077613787596,4.0,0.0,0.29612073837965835,0.29612073837965835
2424,1,0.05612091719614282,0.046552820135052235,0.37227016632267396,1.657430877093617,1.1123203581491472,6.188981456767594e-8,7.100798001571012e6,-40.66972072273333,7.0,1.0,0.9756401608934981,-40.66972072273333,45.175325842204444,-0.035032908770027404,0.10008973829394563,3.0,0.0,0.29612073837965835,0.29612073837965835
2425,1,0.06078514684901736,0.07023452179988447,0.060161508194801525,1.772833776760054,0.6703063943125822,9.878908968361441e-8,1.4076717043688532e6,-43.65026888340146,15.0,1.0,0.688916888779533,-43.65026888340146,47.031683894045976,0.10663987855313195,7.398584566989953,3.0,0.0,0.29612073837965835,0.29612073837965835
2426,1,0.06383592462666311,0.031126864617785015,0.43829357646423905,0.6816169501361781,0.9532789552695026,9.999551396693939e-8,1.3581384096280975e7,-46.03785238178239,15.0,1.0,0.6931844326480727,-46.03785238178239,47.5428953264835,0.41342151347836165,0.6497897844170737,4.0,0.0,0.29612073837965835,0.29612073837965835
2427,1,0.05544442011693278,0.020582956408877057,0.3367414986950848,1.6886226968769846,0.14996257120927797,8.85084565882094e-10,7.780012767150142e6,-46.06561554341651,15.0,1.0,0.968498511461997,-46.06561554341651,49.95731173162299,-0.10313413982112252,-0.35423889241754125,4.0,0.0,0.29612073837965835,0.29612073837965835
2428,1,0.05275215631950483,0.032359499436858334,0.5883287423092658,0.7037938616159085,0.25922412733446404,9.928219875012079e-8,3.5514662525250744e6,-43.713979755323315,15.0,1.0,0.9980112583788985,-43.713979755323315,46.75868653954648,-0.10259489321426685,-0.2221060957868488,4.0,0.0,0.29612073837965835,0.29612073837965835
2429,1,0.09770352820863253,0.06218154775114354,0.08717723211336541,1.5612648615187497,1.079488350930241,1.1677267952059218e-8,3.3036989412030187e6,-43.044457308681835,15.0,1.0,0.832386424839872,-43.044457308681835,49.237581715196974,0.15286593606283105,1.2891782174639843,4.0,0.0,0.29612073837965835,0.29612073837965835
2430,1,0.01929589904422605,0.05410453389977717,0.3897915385200007,0.7135140451685715,0.2658536491939819,8.2383022677425e-8,6.183300453100505e6,-41.8483499599481,23.0,1.0,0.48452748347472757,-41.8483499599481,48.19834040408829,0.13972357987881168,11.383646896567576,4.0,0.0,0.29612073837965835,0.29612073837965835
2431,1,0.012413804421952626,0.07893268423831193,0.15159984949632674,0.8605203051263841,0.17883546552919982,6.37500570400429e-8,1.5324961439057767e7,-45.130724401434364,15.0,1.0,0.9439452274959124,-45.130724401434364,45.82696328183856,0.1201331299694175,0.3205027039563646,4.0,0.0,0.29612073837965835,0.29612073837965835
2432,1,0.01950779437592442,0.05373256084401074,0.6221750130435206,0.8844913974525891,0.1098001052984433,4.4872138145391304e-8,1.1437297522220459e7,-42.98403298717965,7.0,1.0,0.9996212283126032,-42.98403298717965,47.202566709783845,-0.08406870880573081,-0.2342442631013668,3.0,0.0,0.29612073837965835,0.29612073837965835
2433,1,0.07076194189106987,0.07411041602709911,0.26754123636992205,1.1412723366031536,0.6310873571869975,6.112110995703977e-8,3.6249753424069374e6,-39.69245603830525,7.0,1.0,0.992245302195729,-39.69245603830525,44.34453568254743,-0.15888154719876724,-0.15888154719876724,3.0,0.0,0.29612073837965835,0.29612073837965835
2434,1,0.04236985389625255,0.05932543699131684,0.6348457195156701,0.9493707757949953,1.2512936081957435,8.38538507598159e-8,5.991299147094116e6,-41.17776347048912,7.0,1.0,0.9111065286971574,-41.17776347048912,42.09844247026939,0.09853803750117152,0.12788231067162315,3.0,0.0,0.29612073837965835,0.29612073837965835
2435,1,0.0991463749549573,0.04694044000554567,0.14236694750685883,1.7139277541727351,0.17476407825418305,5.3465736036196724e-9,1.5253685552401978e6,-45.464334012420885,23.0,1.0,0.5040751447207766,-45.464334012420885,47.05624951989564,0.1905105927087689,6.277792735824136,4.0,0.0,0.29612073837965835,0.29612073837965835
2436,1,0.01155875839644012,0.08771494294590206,0.6817084887308649,0.4825830900152235,1.1961599074872338,9.445833160345906e-8,4.816975918530783e6,-45.63061296163841,15.0,1.0,0.9676986030191773,-45.63061296163841,48.73972727547605,0.05096023708631492,0.072506181570823,4.0,0.0,0.29612073837965835,0.29612073837965835
2437,1,0.011436117100789803,0.03217574367835833,0.11555835833657323,1.6394541751795606,0.42415040803260384,2.9934666802666337e-8,3.4544012554012574e6,-44.05597387938727,15.0,1.0,0.9991737888232751,-44.05597387938727,47.73965411623291,-0.04031392943216616,-0.12441504529775926,4.0,0.0,0.29612073837965835,0.29612073837965835
2438,1,0.04469749698565641,0.04975293715500154,0.06616722625416441,1.7675243775293812,1.0869090344880794,7.591817499807345e-8,3.0224905209238622e6,-41.24517684266473,15.0,1.0,0.994967403376666,-41.24517684266473,46.21375077951175,-0.1639423863102678,-0.1736090476100145,4.0,0.0,0.29612073837965835,0.29612073837965835
2439,1,0.08328229368870141,0.0567288272230778,0.0363155657013585,1.1487845369987142,0.25824959831480954,4.331702661912029e-8,1.17248484831202e6,-39.85331744578666,19.0,1.0,0.8930185312028958,-39.85331744578666,41.71389029222331,-0.06154086479809706,865.4199125291765,4.0,0.0,0.29612073837965835,0.29612073837965835
2440,1,0.0892481922878203,0.03193764325600632,0.04324354789409385,1.6536399152624381,1.3417925253764993,4.0867333592373975e-8,1.3161940292071234e6,-41.47399128995483,7.0,1.0,0.888233241616066,-41.47399128995483,42.79609688034985,0.1154426020060555,0.1739076752489197,3.0,0.0,0.29612073837965835,0.29612073837965835
2441,1,0.0892481922878203,0.03193764325600632,0.04324354789409385,1.6536399152624381,1.3417925253764993,4.0867333592373975e-8,1.3161940292071234e6,-41.47399128995483,3.0,1.0,0.023778947616237972,-41.47399128995483,44.79072601733914,0.0,5.842359046261983,2.0,0.0,0.29612073837965835,0.29612073837965835
2442,1,0.08319572950409718,0.07837527503033298,0.11580511523398797,0.7177834905263409,0.37284133400453595,3.963094013567288e-8,4.1898013602713086e6,-41.01945892322035,31.0,1.0,0.5271109423838952,-41.01945892322035,43.75659104063102,0.0808878177722363,21.97037157343837,4.0,0.0,0.29612073837965835,0.29612073837965835
2443,1,0.041710893927769825,0.03980203678454755,0.04776961684023593,1.7722607453896035,0.9962485219570647,5.43109523176843e-8,1.1401433543653346e6,-41.40844582770243,15.0,1.0,0.7461523765245758,-41.40844582770243,42.864113129345114,0.3852764677905185,1.8294740490223802,4.0,0.0,0.29612073837965835,0.29612073837965835
2444,1,0.07073143027078571,0.040034813662199714,0.7715672820970181,0.3854672458554702,0.9239738291457092,6.928958909329106e-8,3.046536810073208e6,-41.09843250502408,15.0,1.0,0.7485864565852994,-41.09843250502408,44.33816538209857,0.273035219562594,0.5355602813645106,4.0,0.0,0.29612073837965835,0.29612073837965835
2445,1,0.024890798162673127,0.0991855201661873,0.12698203840525707,1.5105374894977084,0.2067872371293679,1.6054865540055466e-8,7.074942953205342e6,-46.03556453118259,7.0,1.0,0.7594511429305574,-46.03556453118259,48.855707874139554,0.3141634773783153,0.34867801257282593,3.0,0.0,0.29612073837965835,0.29612073837965835
2446,1,0.045300147367234894,0.09506196076012507,0.005198562720947338,1.3509978021571976,0.24689321009667678,6.236004718068889e-8,2.5784198972568447e6,-44.20764423776503,7.0,1.0,0.8588000331908672,-44.20764423776503,49.55387492540259,-0.31311653843125953,2.83379271321936,3.0,0.0,0.29612073837965835,0.29612073837965835
2447,1,0.09045653274052112,0.01826844947904225,0.910551553510305,1.2532079479514824,0.4935691751881067,4.5675794869288273e-8,1.6870131608966116e7,-44.85535271316853,15.0,1.0,0.9548227521037477,-44.85535271316853,50.905781176479806,0.1220181358855541,-3.830808505674412,3.0,0.0,0.29612073837965835,0.29612073837965835
2448,1,0.08530755280749933,0.07075373735359611,0.10679749905809233,0.9629304033619651,0.6695527262836334,2.789545235582834e-8,3.854417180838041e7,-44.35953787946195,11.0,1.0,0.8160818154468958,-44.35953787946195,48.38461710152288,-0.04292621905074867,33.6823040938928,3.0,0.0,0.29612073837965835,0.29612073837965835
2449,1,0.07025795117133544,0.09961819692696765,0.7908169186115255,1.856001416556658,1.2623014170957791,4.6333101999840634e-8,1.709191006899095e7,-47.91331113650617,15.0,1.0,0.5495753197610082,-47.91331113650617,51.5814916036895,0.16646585503610822,8.821881227642066,3.0,0.0,0.29612073837965835,0.29612073837965835
2450,1,0.07347006020366431,0.099545607144839,0.8304569410700838,1.8802940750313482,1.192880149533549,6.048709126812883e-8,1.583244365463873e7,-47.80354699850737,15.0,1.0,0.966902028654616,-47.80354699850737,49.1473862005542,0.003081954997981029,-0.34484150937733205,4.0,0.0,0.29612073837965835,0.29612073837965835
2451,1,0.03230128190426928,0.09974972266033401,0.806486187002033,1.3734801293631442,0.6618688579336989,2.5695479664658012e-8,2.360701756101772e6,-45.89248541622659,15.0,1.0,0.6907119936033378,-45.89248541622659,49.98560322718766,-0.26828011068230495,7.166745551376579,4.0,0.0,0.29612073837965835,0.29612073837965835
2452,1,0.02680468083425712,0.08690985939539685,0.2727548490625434,1.5863192661634475,1.110809291659438,7.621532742385335e-8,8.757549888195613e6,-42.4183984360977,7.0,1.0,1.0,-42.4183984360977,47.341524476297614,-0.12225897439213895,-0.1362028649103948,3.0,0.0,0.29612073837965835,0.29612073837965835
2453,1,0.08654196772726303,0.09594629094983194,0.5845104170269104,0.18776447337587285,0.34256020786634045,6.937718331000244e-8,8.849942830996554e6,-44.73522512811507,15.0,1.0,0.9657265145178028,-44.73522512811507,49.5767743047375,0.06268907971948323,0.1801709157078335,4.0,0.0,0.29612073837965835,0.29612073837965835
2454,1,0.02218883555870172,0.030956575911883964,0.31044610612311524,1.8584562631903707,0.9349276618009628,4.044553109140915e-8,4.204319256639699e6,-41.91100867098208,15.0,1.0,0.9991792374579657,-41.91100867098208,45.89727267935122,-0.13704087240452623,-0.2088395502961049,4.0,0.0,0.29612073837965835,0.29612073837965835
2455,1,0.09137702220709992,0.05849092496367263,0.409277152945881,0.3272752677703096,0.844280885830125,6.22399150912641e-8,3.766066392920621e6,-41.31094985234341,15.0,1.0,0.994378455146583,-41.31094985234341,43.48471411684984,-0.03265055876369871,-0.07244062569328236,3.0,0.0,0.29612073837965835,0.29612073837965835
2456,1,0.012390472670418269,0.03760716458229881,0.31691265310837613,1.7334620210619756,0.6422043326247862,4.293657579854804e-8,4.095897559551182e6,-42.64052980941331,15.0,1.0,0.9760541878499052,-42.64052980941331,43.99108366485122,0.02913366184480992,0.0744587846299467,4.0,0.0,0.29612073837965835,0.29612073837965835
2457,1,0.048936253338296154,0.05608600602130685,0.8817286075867539,0.650207572919657,0.5838216000221946,6.404136795710375e-9,3.1537833067590306e6,-42.40187821652296,15.0,1.0,0.9268090396747911,-42.40187821652296,46.769604826341464,0.014148652940733086,0.13467762875862377,4.0,0.0,0.29612073837965835,0.29612073837965835
2458,1,0.050350332614850564,0.046266911815910826,0.7504870425223665,0.5561395857833059,0.44250496992942767,8.019468543425835e-9,4.680039232109239e6,-41.54926270752822,3.0,1.0,0.9980172663371247,-41.54926270752822,42.89209440833023,-0.03376484239488775,-0.03376484239488775,2.0,0.0,0.29612073837965835,0.29612073837965835
2459,1,0.026713422131309582,0.06690619392436836,0.6821171102519277,0.7976704628606904,0.7268801636181541,1.393082619189211e-8,5.177311758578802e6,-41.03892849904831,7.0,1.0,0.9709520799777908,-41.03892849904831,43.18975896778782,0.0048403191026480386,0.15866355314511793,3.0,0.0,0.29612073837965835,0.29612073837965835
2460,1,0.06903192633711015,0.06306601443082656,0.03408379064665971,0.759002022291074,0.6356944077768228,8.78316737407265e-8,2.394135920476888e6,-41.583835910345016,15.0,1.0,0.9697157136172098,-41.583835910345016,43.5953521987663,-0.018777085513320912,0.11655734186692968,3.0,0.0,0.29612073837965835,0.29612073837965835
2461,1,0.04982314278811921,0.06305049122542387,0.5477431845708023,1.6493317763211368,0.5971470238745321,8.817990707572647e-8,3.411506106917935e6,-40.75142982031347,15.0,1.0,0.8910958811077992,-40.75142982031347,43.85335225602575,0.06825047363710723,0.2899229611428993,3.0,0.0,0.29612073837965835,0.29612073837965835
2462,1,0.057932704579362594,0.043008647918673475,0.8212512202177473,1.6332804513817771,0.5676653667616023,9.89333340618774e-8,4.767805097095893e6,-43.63461794133223,7.0,1.0,0.9538479818307678,-43.63461794133223,44.161270097895425,0.07151192345711621,0.07216125585319588,3.0,0.0,0.29612073837965835,0.29612073837965835
2463,1,0.03638323753648844,0.09572022614750891,0.9089966850252983,0.6936526698519574,0.8305960239858023,9.993962033045524e-8,3.0591737639813423e6,-47.75755692547871,7.0,1.0,0.9282054523273813,-47.75755692547871,49.64710903429046,0.12397166423114925,0.12397166423114925,3.0,0.0,0.29612073837965835,0.29612073837965835
2464,1,0.029183781933913473,0.07095827022277214,0.8348382373802585,0.3326971174868274,0.33696168540670246,9.963793963810213e-8,1.0174890283404998e7,-46.529048035321324,13.0,1.0,0.8055062071998018,-46.529048035321324,51.686014967701695,0.12436449145082662,442.3154221155486,3.0,0.0,0.29612073837965835,0.29612073837965835
2465,1,0.0284483805241348,0.060124751327475336,0.8354405467601633,0.3995735392411033,0.28731327629848036,9.929961680951465e-8,9.639411425328152e6,-45.81905824512961,7.0,1.0,1.0,-45.81905824512961,47.26897881175172,-0.008606224157183817,-0.18010477580091333,3.0,0.0,0.29612073837965835,0.29612073837965835
2466,1,0.08358961957635191,0.05421051719136403,0.13013564808709244,0.5508668203240423,0.17646772866323687,9.116398379131125e-8,3.7618161572057637e6,-42.697963904626995,7.0,1.0,0.9810608535410582,-42.697963904626995,49.37843348825832,-0.10174245781242774,-0.1681131066695798,3.0,0.0,0.29612073837965835,0.29612073837965835
2467,1,0.0837749227716328,0.03753138134347375,0.17341294288179634,0.46463828574649735,0.14654378713992963,9.366976198168584e-8,7.520769444056815e6,-43.965488186982725,7.0,1.0,0.9405193871318991,-43.965488186982725,46.04194529485678,0.10634001921712155,0.12683948808196988,3.0,0.0,0.29612073837965835,0.29612073837965835
2468,1,0.08751906766236991,0.05133846419405148,0.7335154485543924,0.7535668909793047,0.31771852290296293,8.955351005658122e-8,5.690834050886076e6,-42.02873139928411,15.0,1.0,1.0,-42.02873139928411,44.89855168442155,-0.06994882713676986,-0.1625315857138503,4.0,0.0,0.29612073837965835,0.29612073837965835
2469,1,0.036434595455709894,0.05519370559985665,0.04722190326101909,1.2507841457544324,1.104578384661693,2.1074472353825626e-8,4.822623719065153e6,-41.57022661036467,7.0,1.0,0.995537038491362,-41.57022661036467,42.76666080377976,0.004989724724993039,-0.11026135529241543,3.0,0.0,0.29612073837965835,0.29612073837965835
2470,1,0.027610274510806727,0.0513754488477713,0.7054464331202627,1.9007869962872619,0.10206057960193927,6.461271440434825e-9,6.069012962326361e6,-44.93327545549769,15.0,1.0,0.4742266999558588,-44.93327545549769,47.28126214414349,0.04136465671074063,4.093950582856969,4.0,0.0,0.29612073837965835,0.29612073837965835
2471,1,0.09700580844117361,0.040932359079537455,0.5598938609895731,1.5032344197056215,0.08115104661485983,1.0937779422000193e-8,7.782597716791134e6,-45.05004374918721,15.0,1.0,0.9742170423373302,-45.05004374918721,49.402290479171356,0.034151557111819386,-0.1959363476052971,4.0,0.0,0.29612073837965835,0.29612073837965835
2472,1,0.01814814974788785,0.04521108721898555,0.0844434783559576,1.6531308190504452,1.3912623099832506,8.743966008641042e-8,6.050194375096009e6,-45.37518355089802,15.0,1.0,0.9957076120832712,-45.37518355089802,47.71400259872249,0.010247039009811942,-0.15914309820281858,4.0,0.0,0.29612073837965835,0.29612073837965835
2473,1,0.07953548497531214,0.02424316642603741,0.9428522079371667,0.11433107520732119,0.2592697425433246,6.987507957593868e-8,2.6405272658238052e6,-47.628746966498284,15.0,1.0,0.5790947283632133,-47.628746966498284,52.87054078976744,-0.061500982026885254,71.11004077229649,3.0,0.0,0.29612073837965835,0.29612073837965835
2474,1,0.04389745483575056,0.06361868146521697,0.02039000106625594,1.8762856634902583,1.0864317996953832,9.074927349972797e-9,384771.7691330111,-41.97912345642153,15.0,1.0,0.9643473671015151,-41.97912345642153,48.6829928142232,-4.179995399842625,-4.179995399842625,4.0,0.0,0.29612073837965835,0.29612073837965835
2475,1,0.04389745483575056,0.06361868146521697,0.02039000106625594,1.8762856634902583,1.0864317996953832,9.074927349972797e-9,384771.7691330111,-41.97912345642153,1.0,1.0,0.0,-41.97912345642153,46.06888904193433,0.0,813.364222573697,1.0,0.0,0.29612073837965835,0.29612073837965835
2476,1,0.04389745483575056,0.06361868146521697,0.02039000106625594,1.8762856634902583,1.0864317996953832,9.074927349972797e-9,384771.7691330111,-41.97912345642153,1.0,1.0,4.905056580698577e-291,-41.97912345642153,45.0603539014408,0.0,668.4619954330059,1.0,0.0,0.29612073837965835,0.29612073837965835
2477,1,0.04389745483575056,0.06361868146521697,0.02039000106625594,1.8762856634902583,1.0864317996953832,9.074927349972797e-9,384771.7691330111,-41.97912345642153,3.0,1.0,0.3333333333355313,-41.97912345642153,44.75822420615307,0.0,721.4232036018387,1.0,0.0,0.29612073837965835,0.29612073837965835
2478,1,0.04389745483575056,0.06361868146521697,0.02039000106625594,1.8762856634902583,1.0864317996953832,9.074927349972797e-9,384771.7691330111,-41.97912345642153,7.0,1.0,9.910942045181405e-6,-41.97912345642153,47.29142490831119,0.0,158.83056880444374,3.0,0.0,0.29612073837965835,0.29612073837965835
2479,1,0.04389745483575056,0.06361868146521697,0.02039000106625594,1.8762856634902583,1.0864317996953832,9.074927349972797e-9,384771.7691330111,-41.97912345642153,15.0,1.0,6.154322213402693e-7,-41.97912345642153,45.93075747047094,0.0,43.192684918272036,3.0,0.0,0.29612073837965835,0.29612073837965835
2480,1,0.06664774761274896,0.06260743914358327,0.01087656059175146,1.7396729792698036,1.252212897617343,6.435472560013383e-9,407503.0113975211,-40.7652020852311,15.0,1.0,0.21310969488275855,-40.7652020852311,44.395037182168714,-1.716902962357139,238.5407308558674,4.0,0.0,0.29612073837965835,0.29612073837965835
2481,1,0.06664774761274896,0.06260743914358327,0.01087656059175146,1.7396729792698036,1.252212897617343,6.435472560013383e-9,407503.0113975211,-40.7652020852311,1.0,1.0,1.0288624620409047e-54,-40.7652020852311,42.086303372938204,0.0,124.31114123552791,1.0,0.0,0.29612073837965835,0.29612073837965835
2482,1,0.05500423232826105,0.08609489756472757,0.008037210914627155,0.8289545378258899,0.7839158829609807,2.4947135224361735e-8,1.4313099953872394e6,-40.820213471330646,5.0,1.0,0.547004914478345,-40.820213471330646,45.01910831391078,0.05524262206225217,1104.3556919259731,2.0,1.0,0.29612073837965835,0.29612073837965835
2483,1,0.06947035072979424,0.017095447435332967,0.14755529394202851,1.4381911364643056,0.5680215715588527,2.068348685678468e-8,5.684916999132798e6,-41.79850316110161,7.0,1.0,0.6661148031910891,-41.79850316110161,45.41661804455179,0.5214213820121429,0.5686702683426432,3.0,0.0,0.29612073837965835,0.29612073837965835
2484,1,0.06681917995718246,0.06099160568145153,0.4427068332428563,1.9149960292859427,0.7843887134248886,9.95652808391289e-9,8.56772664109495e6,-42.795369559994725,7.0,1.0,0.9866127045025449,-42.795369559994725,45.35622477217894,-0.02422693158418099,-0.1392794218022999,3.0,0.0,0.29612073837965835,0.29612073837965835
2485,1,0.041342028020669455,0.05565408308313211,0.3227321562815145,1.8270999205525071,0.6734364673087919,1.0137893535451204e-8,6.919517408105981e6,-41.970409757329975,7.0,1.0,0.9622135798947495,-41.970409757329975,46.23266971294686,-0.012457374956930778,0.1587375500759265,3.0,0.0,0.29612073837965835,0.29612073837965835
2486,1,0.046019434343918336,0.04689113978835052,0.15429358901213758,1.914542229692719,0.6209316123404914,1.6561648995204937e-8,4.2670911956224255e6,-42.032784743039,5.0,1.0,0.771183720386094,-42.032784743039,45.82551285506907,0.039333988913753615,79.02881663586916,2.0,0.0,0.29612073837965835,0.29612073837965835
2487,1,0.053752933077319195,0.045760188410312125,0.1907862612302039,0.2716633205382753,0.6246951504787706,1.557084601796141e-8,4.0163834773074416e6,-41.51352442546161,15.0,1.0,0.9990182369877537,-41.51352442546161,43.18992436701844,-0.012666401736900923,-0.05965590982561508,4.0,0.0,0.29612073837965835,0.29612073837965835
2488,1,0.08947545475082391,0.033875115021089426,0.1274646192522565,0.12395198502028167,0.8822136743470951,2.3811339456903726e-8,3.442602775670533e6,-44.33281777467632,15.0,1.0,0.9792532261501338,-44.33281777467632,45.43403984232767,0.048938718701187156,-0.06882820982382754,4.0,0.0,0.29612073837965835,0.29612073837965835
2489,1,0.07012558951909201,0.07072235262239376,0.3397030609010582,0.21921621139024872,0.37176004419716835,6.672674916566435e-8,6.209739097687895e6,-41.75901678062863,7.0,1.0,0.9920280594854178,-41.75901678062863,45.85011007441427,-0.03467934443923326,0.04162332090914589,3.0,0.0,0.29612073837965835,0.29612073837965835
2490,1,0.07388440397741397,0.03940819569822719,0.485427652001733,0.8924334822999662,1.166495977822573,7.348298053529615e-8,1.0718849079495734e7,-41.33811205005145,15.0,1.0,0.9865227601989855,-41.33811205005145,43.89016941408086,-0.06423185427610889,-0.1853010375466937,3.0,0.0,0.29612073837965835,0.29612073837965835
2491,1,0.08227965940539889,0.013657978753670311,0.4934775377975649,0.5726780503742509,1.369097497156531,4.798240645907671e-8,2.171949222516377e7,-45.87832205481279,15.0,1.0,0.8208679690279305,-45.87832205481279,47.8364113422396,0.1595227130801007,0.9079524368620753,3.0,0.0,0.29612073837965835,0.29612073837965835
2492,1,0.0479840515645611,0.022514022744354035,0.1913834913531395,1.7410912826350124,0.1419877595579084,1.0010391122982745e-7,1.3147828494981194e7,-49.14608135475988,15.0,1.0,0.9745983139880408,-49.14608135475988,56.23452299675516,-0.5287083097774001,-0.8083261062869553,4.0,0.0,0.29612073837965835,0.29612073837965835
2493,1,0.06340057060748264,0.013328685373247518,0.5673427795399193,1.813987918913989,0.07959834856300783,1.0003608272705089e-7,2.9213861349926973e6,-49.20326495501471,15.0,1.0,0.9155779243899654,-49.20326495501471,52.63469765544561,-0.290264346255654,0.832310816518131,4.0,0.0,0.29612073837965835,0.29612073837965835
2494,1,0.05026135828025973,0.012408630722776318,0.5208081551534066,1.779780779237289,0.08725773420536997,9.995802017040162e-8,4.546830184547865e6,-48.81222974493991,7.0,1.0,0.9662973749641239,-48.81222974493991,50.66755841514488,0.031826741654370494,0.11602915951350923,3.0,0.0,0.29612073837965835,0.29612073837965835
2495,1,0.06844661193339018,0.09914426548704706,0.23646745470385705,0.3596742595359307,1.3764274435635548,6.5283361129077335e-9,4.273922534079363e6,-47.09187932005729,15.0,1.0,0.9968652253906038,-47.09187932005729,51.51345157528107,0.0017752815901417307,-0.1995293329604877,4.0,0.0,0.29612073837965835,0.29612073837965835
2496,1,0.07228181046239066,0.05953197507833119,0.025310713944728735,1.0362478937198842,1.239100366100637,2.5154293560254355e-9,1.690511821769237e6,-42.371524761003016,11.0,1.0,0.8087298056917323,-42.371524761003016,49.726404738730885,-0.1777214461090395,2.9614846901880195e6,3.0,1.0,0.29612073837965835,0.29612073837965835
2497,1,0.048013592591719306,0.03394382600921094,0.06227907481179722,0.47947875203598755,0.9206288382797013,3.78302970775652e-8,2.1243736471113516e6,-41.32104995446887,11.0,1.0,0.7967376338384159,-41.32104995446887,45.31899435896554,-0.045624110033124055,1977.6411090992256,3.0,1.0,0.29612073837965835,0.29612073837965835
2498,1,0.09479167309320667,0.08332752567499693,0.7702352827817681,1.8346450703253443,0.5979257268444406,6.631184010481362e-8,3.2029350191986384e6,-42.991536177662724,15.0,1.0,0.9207506991806113,-42.991536177662724,45.89446330623033,0.08517469667938116,0.15166860961300443,4.0,0.0,0.29612073837965835,0.29612073837965835
2499,1,0.013785259701656172,0.022572734063253844,0.10743618509368211,0.8111934579958263,0.9266989297486127,3.1161453197475474e-8,2.6179675910818633e6,-43.35725692165289,15.0,1.0,0.9749956357990713,-43.35725692165289,45.42549960929876,0.05232166740905342,0.07177062493013153,4.0,0.0,0.29612073837965835,0.29612073837965835
2500,1,0.08030419159259516,0.08250469814165787,0.01738677320812331,1.1418417689865301,0.8730496850451805,6.575723226012259e-8,3.771108631442519e6,-41.977381154506254,15.0,1.0,0.6334446606472752,-41.977381154506254,45.70265673853287,-0.08160435387886622,1.2810446576898684,4.0,0.0,0.29612073837965835,0.29612073837965835
2501,1,0.088076466961188,0.07792913865054676,0.019389685992134458,0.6635576180750374,0.8500376919456842,9.837951901349019e-9,1.1583259857570624e6,-41.589297935530944,15.0,1.0,0.8663300313136026,-41.589297935530944,45.01262202815557,-0.2852112615402618,17.738047261420462,3.0,0.0,0.29612073837965835,0.29612073837965835
2502,1,0.06136519629192297,0.08599631142782214,0.0028293143388757763,1.406730180042826,0.4067948802990805,4.9916884033763735e-9,454687.8829116243,-42.745601401509376,7.0,1.0,0.6275959516314918,-42.745601401509376,45.07802869334993,-1.0889561591288341,196.56537686412594,3.0,0.0,0.29612073837965835,0.29612073837965835
2503,1,0.06210772413161499,0.08253168185513098,0.005941058911290538,1.720112255347629,0.35328338965961914,4.058110680348601e-9,754250.4057858605,-43.19401038748042,7.0,1.0,0.14285714285714285,-43.19401038748042,48.46950525618363,-0.1849229380598132,Inf,2.0,1.0,0.29612073837965835,0.29612073837965835
2504,1,0.0474940037266767,0.06859226006283006,0.01839686753199321,1.4100154355625607,0.5194374423708904,3.4976329149410546e-9,1.2056754034010898e6,-41.151883200092094,5.0,1.0,0.19656811875441665,-41.151883200092094,46.788196116042876,0.41535199131034517,2083.543806901965,2.0,1.0,0.29612073837965835,0.29612073837965835
2505,1,0.07248382240876489,0.05353705869843301,0.010981183184279403,1.308973776227918,0.516167136727673,9.55054565860068e-9,350404.6751329085,-38.183073177896226,5.0,1.0,0.5563934222755603,-38.183073177896226,42.22163897054816,-0.01576419568441878,8160.808230318107,2.0,1.0,0.29612073837965835,0.29612073837965835
2506,1,0.07248382240876489,0.05353705869843301,0.010981183184279403,1.308973776227918,0.516167136727673,9.55054565860068e-9,350404.6751329085,-38.183073177896226,1.0,1.0,9.076144174730049e-117,-38.183073177896226,41.2344454628827,0.0,267.19680642823977,1.0,0.0,0.29612073837965835,0.29612073837965835
2507,1,0.07248382240876489,0.05353705869843301,0.010981183184279403,1.308973776227918,0.516167136727673,9.55054565860068e-9,350404.6751329085,-38.183073177896226,1.0,1.0,0.0007494769167117878,-38.183073177896226,39.05185770666615,0.0,7.19613503914568,1.0,0.0,0.29612073837965835,0.29612073837965835
2508,1,0.07248382240876489,0.05353705869843301,0.010981183184279403,1.308973776227918,0.516167136727673,9.55054565860068e-9,350404.6751329085,-38.183073177896226,1.0,1.0,9.201942631073864e-91,-38.183073177896226,41.21692487064846,0.0,207.31582884514185,1.0,0.0,0.29612073837965835,0.29612073837965835
2509,1,0.07148793261671021,0.045450034892646554,0.010771469500560363,0.8167218822162471,0.48613019995489354,1.541518858410853e-8,213500.8734995095,-40.81100921582089,3.0,1.0,0.21683224111360544,-40.81100921582089,41.94563532836614,0.43335248736309495,25.426599904676834,2.0,0.0,0.29612073837965835,0.29612073837965835
2510,1,0.07148793261671021,0.045450034892646554,0.010771469500560363,0.8167218822162471,0.48613019995489354,1.541518858410853e-8,213500.8734995095,-40.81100921582089,10.0,1.0,0.10247905684915745,-40.81100921582089,44.48453498292269,0.0,1301.796034186432,3.0,1.0,0.29612073837965835,0.29612073837965835
2511,1,0.06487058416207844,0.039176239547645444,0.004599814985024072,1.3900787286115859,0.6778449614286499,8.930889921586992e-9,290712.0879233282,-39.87280223098983,7.0,1.0,0.06934349972227398,-39.87280223098983,44.3123457544396,2.393259787904924,65.81740039828622,3.0,0.0,0.29612073837965835,0.29612073837965835
2512,1,0.05109322452961322,0.05343628756388723,0.0077578998436502455,1.0812039904681658,0.990288291317611,1.4751963529020704e-8,327285.70947394683,-38.630989793224025,3.0,1.0,0.6666666666666666,-38.630989793224025,41.495729963261205,-0.12482532131329549,84.82040446305714,1.0,0.0,0.29612073837965835,0.29612073837965835
2513,1,0.07004666617541958,0.04766312279773736,0.01022215460161072,1.4423616828471006,0.9973292988326982,1.1594825924156858e-8,291873.63204272103,-38.05535868533392,3.0,1.0,0.22641832992515235,-38.05535868533392,40.20621660428464,0.3870061268574645,242.60570744173884,2.0,0.0,0.29612073837965835,0.29612073837965835
2514,1,0.07004666617541958,0.04766312279773736,0.01022215460161072,1.4423616828471006,0.9973292988326982,1.1594825924156858e-8,291873.63204272103,-38.05535868533392,5.0,1.0,0.006802956378144469,-38.05535868533392,42.426902697649155,0.0,12717.888874429877,2.0,1.0,0.29612073837965835,0.29612073837965835
2515,1,0.07004666617541958,0.04766312279773736,0.01022215460161072,1.4423616828471006,0.9973292988326982,1.1594825924156858e-8,291873.63204272103,-38.05535868533392,1.0,1.0,0.0,-38.05535868533392,44.018841443118504,0.0,2036.7694379630507,0.0,1.0,0.29612073837965835,0.29612073837965835
2516,1,0.08567880361565004,0.03187325298817804,0.028481853610634718,1.5224348697991839,0.7774989307172973,6.720242537226188e-9,174374.00441803725,-41.81076251274368,3.0,1.0,0.16960768334040957,-41.81076251274368,45.06262337241582,0.6756549652676824,596.2486932166382,2.0,0.0,0.29612073837965835,0.29612073837965835
2517,1,0.08567880361565004,0.03187325298817804,0.028481853610634718,1.5224348697991839,0.7774989307172973,6.720242537226188e-9,174374.00441803725,-41.81076251274368,1.0,1.0,0.0,-41.81076251274368,50.90991676591939,0.0,28377.984382530667,0.0,1.0,0.29612073837965835,0.29612073837965835
2518,1,0.0845124648395465,0.01770474671462297,0.014870001392581305,1.412160352501672,0.8805744734785514,5.943138593993189e-9,339568.04784429056,-41.00358222832054,13.0,1.0,0.24010605816714886,-41.00358222832054,44.674902721621166,-0.12307981651287037,Inf,3.0,1.0,0.29612073837965835,0.29612073837965835
2519,1,0.0845124648395465,0.01770474671462297,0.014870001392581305,1.412160352501672,0.8805744734785514,5.943138593993189e-9,339568.04784429056,-41.00358222832054,1.0,1.0,1.5000416057507939e-176,-41.00358222832054,45.754822051329185,0.0,404.84948352206135,1.0,0.0,0.29612073837965835,0.29612073837965835
2520,1,0.0845124648395465,0.01770474671462297,0.014870001392581305,1.412160352501672,0.8805744734785514,5.943138593993189e-9,339568.04784429056,-41.00358222832054,3.0,1.0,0.22609595841090846,-41.00358222832054,45.19395196669236,0.0,656.706670450402,2.0,0.0,0.29612073837965835,0.29612073837965835
2521,1,0.08057027423756655,0.026763037136498587,0.014985009806019817,0.9575013288050751,0.8016689929080968,6.575941073080004e-9,771398.0503927226,-40.42069327465442,7.0,1.0,0.2671086337589286,-40.42069327465442,42.23114209729425,0.05663456855134541,442.9831268919205,3.0,0.0,0.29612073837965835,0.29612073837965835
2522,1,0.09065098902674741,0.027653218770761552,0.03783121259208544,1.8803355881594137,0.2808740954588839,4.243511249875836e-8,1.2994997007378303e6,-41.786348131231094,11.0,1.0,0.6732678583143169,-41.786348131231094,44.01468372168563,0.04884904946727886,97.79674289333441,3.0,0.0,0.29612073837965835,0.29612073837965835
2523,1,0.06676971308779715,0.07775224545132903,0.03268212630212425,1.397254721720971,1.0396279573209093,8.449002804942574e-9,602700.4764120196,-40.24911277313454,7.0,1.0,0.9692743148876612,-40.24911277313454,44.765317146115315,-0.01090386765048379,0.07498721807416331,3.0,0.0,0.29612073837965835,0.29612073837965835
2524,1,0.09497221795763996,0.061915848706962734,0.08339401291482643,0.8641707892779449,0.28393418597378445,5.797451183135527e-8,1.8645571076505738e6,-41.70354641250802,10.0,1.0,0.6853302129211867,-41.70354641250802,43.92216265636289,-0.06277200608973033,1222.0885958033275,3.0,1.0,0.29612073837965835,0.29612073837965835
2525,1,0.061364754160717946,0.061566561477430795,0.34734486966323447,0.4458533777048468,1.1228513250779348,3.9214272150435874e-8,2.8873551184682986e6,-40.532682617521544,15.0,1.0,0.9363488307795578,-40.532682617521544,43.90230517601151,0.01602194414215319,0.14052232042305945,4.0,0.0,0.29612073837965835,0.29612073837965835
2526,1,0.07704424125397988,0.021340702482990703,0.6240605186646047,1.7441761063564,0.6200290763234427,4.8866135365986726e-8,3.7396381216726154e6,-41.11011992499012,15.0,1.0,0.9844774749189928,-41.11011992499012,42.48617618210756,0.01078827844099095,0.03854606616150846,4.0,0.0,0.29612073837965835,0.29612073837965835
2527,1,0.06955826160699773,0.050267984059986545,0.04683552683618172,1.8267066427802348,0.3091108865426485,8.999371769014526e-8,2.0662909388534827e6,-41.99573022562734,15.0,1.0,0.9215176857420464,-41.99573022562734,45.776729327953,-0.21113428211356933,-0.6130035825596636,4.0,0.0,0.29612073837965835,0.29612073837965835
2528,1,0.07164351065727786,0.06001392292295126,0.039140625656320344,0.8454140526002112,0.7896844482484789,1.7321907584820443e-8,2.7372732802598425e6,-40.46482734002123,7.0,1.0,0.9397165591918287,-40.46482734002123,43.17749479593478,0.0668386602853559,0.13455066586124786,3.0,0.0,0.29612073837965835,0.29612073837965835
2529,1,0.07036903486668575,0.028006861235222023,0.05405583201745681,0.8252699500790015,1.2093840876000541,9.862375794844759e-9,1.724085331280165e6,-41.805251262541944,7.0,1.0,0.9684332049390099,-41.805251262541944,42.40832663898394,0.011966086551915112,0.1091715943817988,3.0,0.0,0.29612073837965835,0.29612073837965835
2530,1,0.07558650663339656,0.08831861531425234,0.012815119080406182,0.7494062277315469,0.5815312096598243,2.2251282604945547e-8,1.2440605842857668e6,-40.85153551430216,9.0,1.0,0.8164710030252057,-40.85153551430216,43.50796375493827,0.03317321092401926,148.71683916998407,3.0,0.0,0.29612073837965835,0.29612073837965835
2531,1,0.05358350180553372,0.09537043229783877,0.1984647250790432,1.2454198114367974,0.932836487483661,3.455628010606877e-8,7.577204213311099e6,-41.98553023812919,6.0,1.0,0.783521074855622,-41.98553023812919,45.12529011918042,0.05324622401342083,7838.917254003328,2.0,1.0,0.29612073837965835,0.29612073837965835
2532,1,0.07203587922474974,0.016182022029645967,0.1618515100668661,1.625970860033836,0.3566243720908298,2.4075792430682812e-8,3.7960846889623497e6,-41.8618169522331,15.0,1.0,0.993608799578922,-41.8618169522331,43.45505390720598,7.580957992558979e-5,-0.14060765686382126,3.0,0.0,0.29612073837965835,0.29612073837965835
2533,1,0.014355768405437744,0.07507310979433209,0.39424737820779227,1.1036978542832652,1.1980104091172294,7.128413784408211e-8,4.478269975217691e6,-42.123064448541754,7.0,1.0,0.9710771769361524,-42.123064448541754,45.30423784246812,-0.009229605670910246,0.09000679769026476,3.0,0.0,0.29612073837965835,0.29612073837965835
2534,1,0.027033789682117164,0.02670706728541994,0.16042872003352468,0.9884650704018435,0.5033650243723161,6.159633410325472e-8,5.460801263299016e6,-41.118852178640765,7.0,1.0,0.940238320296549,-41.118852178640765,45.990563489055226,0.002238959124788664,0.12352848054087673,3.0,0.0,0.29612073837965835,0.29612073837965835
2535,1,0.09007078270108843,0.046701884459414214,0.7114524834006171,1.8268713242173737,0.7610350350738873,6.424735727295406e-8,9.891522352216285e6,-42.52685402713277,15.0,1.0,0.9639894897621238,-42.52685402713277,46.087979501348855,0.05826086297766153,0.2643095907408579,3.0,0.0,0.29612073837965835,0.29612073837965835
2536,1,0.01165464573103044,0.05573437808189839,0.6161208871829144,1.0865694481154642,0.2441314285162563,3.394600451732214e-8,9.367873416149423e6,-43.556745261041314,15.0,1.0,0.6623286667520141,-43.556745261041314,47.73885713461108,0.48877723662450023,1.2814966539728374,3.0,0.0,0.29612073837965835,0.29612073837965835
2537,1,0.012755461526871806,0.05482493193952817,0.44641763015058245,0.7834756055492138,1.1876179033844134,6.340100510063829e-8,6.561511073846249e6,-42.504669754856664,15.0,1.0,0.9920014233370935,-42.504669754856664,46.57024174555965,-0.04634731796750913,-0.08515567930383838,4.0,0.0,0.29612073837965835,0.29612073837965835
2538,1,0.09725430046571135,0.05798894093060305,0.05976479071172947,1.9042961201153754,0.2049713722913371,3.4339339165153094e-8,1.0752992837856635e6,-42.6613473000808,23.0,1.0,0.2785770920059661,-42.6613473000808,45.4124137287592,-0.07436995437745253,41.25867172059485,4.0,0.0,0.29612073837965835,0.29612073837965835
2539,1,0.09725430046571135,0.05798894093060305,0.05976479071172947,1.9042961201153754,0.2049713722913371,3.4339339165153094e-8,1.0752992837856635e6,-42.6613473000808,7.0,1.0,0.03764353718081698,-42.6613473000808,45.9276668820248,0.0,69.86016352004808,3.0,0.0,0.29612073837965835,0.29612073837965835
2540,1,0.06502146810745563,0.02731430385382181,0.01883428369343667,1.2363862251529931,1.2245336235918658,2.9088967218086952e-8,717531.7635396918,-39.24536734073802,15.0,1.0,0.7562959829780856,-39.24536734073802,44.71045914060427,-0.19550145595588475,1.2529955953588185,4.0,0.0,0.29612073837965835,0.29612073837965835
2541,1,0.04991422689889215,0.03231773112472149,0.018970820774752536,1.5652119105627782,0.9650940495391617,4.163846097689791e-8,627189.2155780173,-38.83770418934155,7.0,1.0,0.7531179437866845,-38.83770418934155,43.06469163516945,0.014267349997787449,116.23883353842342,3.0,0.0,0.29612073837965835,0.29612073837965835
2542,1,0.04991422689889215,0.03231773112472149,0.018970820774752536,1.5652119105627782,0.9650940495391617,4.163846097689791e-8,627189.2155780173,-38.83770418934155,1.0,1.0,1.1300451655363909e-71,-38.83770418934155,46.8571720631234,0.0,163.36128400115052,1.0,0.0,0.29612073837965835,0.29612073837965835
2543,1,0.05069855720085024,0.057207831896600676,0.026429158101016734,1.7981498062391852,0.7353093117124534,7.703676945164084e-8,1.3492405250052146e6,-40.43823231247664,7.0,1.0,0.48095444248565905,-40.43823231247664,42.69804194462966,0.05536008037547191,314.30999562163163,2.0,0.0,0.29612073837965835,0.29612073837965835
2544,1,0.042513925312192696,0.04909649041897323,0.00609862652073773,1.8841671807052058,0.4630864198273065,5.9242726907008235e-8,2.939536631192581e6,-43.29686750917223,7.0,1.0,0.12476688949874878,-43.29686750917223,44.823061078008834,0.7140184522065667,17.632868654250807,3.0,0.0,0.29612073837965835,0.29612073837965835
2545,1,0.07198793240313915,0.0345085064899149,0.05971429253325286,1.6923505233300251,0.41683587679372397,2.5036619579314227e-8,1.1923603391577546e6,-39.86347618307502,7.0,1.0,0.845328715297944,-39.86347618307502,45.19017975935428,-1.0232334881922185,10.989732251509565,3.0,0.0,0.29612073837965835,0.29612073837965835
2546,1,0.08828434648137878,0.03424485759304075,0.0036455576910322473,0.8641407314954476,0.813103317679014,2.119217138317344e-8,2.711493648816096e6,-43.404667230344835,7.0,1.0,0.17101781861114965,-43.404667230344835,47.64716411170531,1.543694114447753,19.875509222255793,3.0,0.0,0.29612073837965835,0.29612073837965835
2547,1,0.09144977464863345,0.040481461835292595,0.004717059309866576,1.1231876566156112,0.675598635706186,2.0899185261519676e-8,4.40601574462972e6,-44.04801512121068,7.0,1.0,0.5623548724241088,-44.04801512121068,45.838204098520244,0.02528670717907744,89.9860658877036,2.0,0.0,0.29612073837965835,0.29612073837965835
2548,1,0.06249968541274014,0.04440859830257814,0.07500780213168363,1.7304804461755137,0.1219161948537635,4.7784999236145073e-8,2.415770332296589e6,-41.29996878895699,15.0,1.0,0.5994912899099137,-41.29996878895699,47.003788579933996,-0.513260712716118,1.47346961453529,3.0,0.0,0.29612073837965835,0.29612073837965835
2549,1,0.04960633283637009,0.01275348493077984,0.022462883774701962,1.869585597976513,0.1639374336913686,3.148611701746045e-8,2.5357091964596966e6,-44.22333268386156,7.0,1.0,0.5688866716326452,-44.22333268386156,45.506909432988614,0.22955091152238083,239.38269780559966,2.0,0.0,0.29612073837965835,0.29612073837965835
2550,1,0.07779293312874921,0.01637263698976795,0.1190913775098947,1.8286843851791506,0.8800489716837017,8.395974155099901e-8,2.2122449862282756e6,-42.36353878346425,9.0,1.0,0.7182983810794578,-42.36353878346425,46.884007730421416,-0.16997794420849033,569.8722984663896,3.0,0.0,0.29612073837965835,0.29612073837965835
2551,1,0.07940211028615031,0.07066857369848571,0.07412739314141198,1.2668568473346011,0.7382438281708871,2.2337497669168188e-9,2.4084715850694925e6,-42.21902254438578,15.0,1.0,0.9011943914837706,-42.21902254438578,47.55141007808855,-0.005144633274547061,-0.21554015049785136,4.0,0.0,0.29612073837965835,0.29612073837965835
2552,1,0.08233243688899519,0.06767392158640327,0.1138494763073249,1.0224371486164727,1.406384644698041,9.898121005531959e-8,5.680133608862317e6,-46.51867115573948,15.0,1.0,0.893138170471604,-46.51867115573948,47.74339579934178,0.18204431272335597,0.18204431272335597,4.0,0.0,0.29612073837965835,0.29612073837965835
2553,1,0.012321268809783336,0.0427969612458695,0.8625542217241515,1.3667356170191025,0.7085807288240109,4.076862125311041e-8,4.264089848825222e6,-42.910014958175374,15.0,1.0,0.9928175289007117,-42.910014958175374,49.96528958116118,-0.15900806382422417,-0.15900806382422417,4.0,0.0,0.29612073837965835,0.29612073837965835
2554,1,0.014096912292752237,0.046586189191618194,0.8168640025790449,1.5152158071565633,0.6282788417683729,5.142466482169985e-8,3.3923983914228445e6,-42.18674511599793,7.0,1.0,0.9955139226498989,-42.18674511599793,44.2070008099545,-0.008184635215378933,-0.09217120279934932,3.0,0.0,0.29612073837965835,0.29612073837965835
2555,1,0.03108891431410768,0.03269097065369547,0.20326410304892717,1.297311027459943,1.3340469342855719,8.006930795392388e-8,9.662841067744149e6,-43.00147732327493,15.0,1.0,0.8903414079233881,-43.00147732327493,45.31139314261649,0.14620995992560637,0.4934502351054775,4.0,0.0,0.29612073837965835,0.29612073837965835
2556,1,0.015908403423445468,0.03334645804280513,0.11121701450661559,1.6777213203797978,1.4110787945854641,8.883868354399461e-8,5.508828290523635e6,-46.53227850210517,7.0,1.0,0.9638028672079823,-46.53227850210517,48.40118633784699,0.050685216936571464,-0.18555089999417618,3.0,0.0,0.29612073837965835,0.29612073837965835
2557,1,0.01664421061438759,0.07031155052797661,0.27741828836041166,1.7047701645974735,1.3590081287470503,6.575598486237098e-8,4.3079844448049525e6,-43.368683339301924,7.0,1.0,0.9900168579010435,-43.368683339301924,48.13065635550585,-0.13554807330760354,-0.15032646021967366,3.0,0.0,0.29612073837965835,0.29612073837965835
2558,1,0.08265397744670872,0.0636993478289365,0.6960554156674408,0.7924829229006023,0.3407932860263104,3.349145346997824e-8,3.584899820901571e6,-40.590661786773985,7.0,1.0,0.999984172678892,-40.590661786773985,44.15217695823319,-0.08080832168222685,-0.12233968458111377,3.0,0.0,0.29612073837965835,0.29612073837965835
2559,1,0.029337346322960103,0.061770347785097324,0.38306595147167527,1.4745903012423658,0.7168952303019271,4.803721540381187e-8,4.278832741659739e6,-39.9801146519238,7.0,1.0,0.9949360705013424,-39.9801146519238,41.436776282619675,-0.025114378737292498,-0.025114378737292498,3.0,0.0,0.29612073837965835,0.29612073837965835
2560,1,0.07896367364346321,0.060141292424780446,0.3726461888453669,0.2235167685818744,0.6023967574876378,4.996785414783964e-8,2.270232582735403e6,-41.869626288814786,15.0,1.0,0.9175493085023133,-41.869626288814786,44.68696256875766,-0.3444393329863047,-0.3444393329863047,4.0,0.0,0.29612073837965835,0.29612073837965835
2561,1,0.08764185814951334,0.07003542285488289,0.6795251481236791,0.19665358150308618,0.5407080171440104,5.810190259632668e-8,5.940729709384001e6,-42.334599747563274,7.0,1.0,0.4325392668623727,-42.334599747563274,47.25727399391954,0.38563470004574896,1.7617107080471541,3.0,0.0,0.29612073837965835,0.29612073837965835
2562,1,0.06062951016351171,0.0591079463120568,0.24807039834326214,1.8362037262378457,0.9894116122364659,3.755307922252032e-8,4.328515499472091e6,-40.705004860168074,15.0,1.0,0.9941737511834731,-40.705004860168074,43.98272041724624,-0.05506121126884267,-0.07116541587825509,3.0,0.0,0.29612073837965835,0.29612073837965835
2563,1,0.03583983535690241,0.01501766069717718,0.7879380570029416,1.8923618471833594,0.05478448911760815,3.3064105280017804e-8,3.371508968000981e6,-45.81317718328823,7.0,1.0,0.8869682086435849,-45.81317718328823,46.51645338019972,0.18438147515518466,0.18438147515518466,3.0,0.0,0.29612073837965835,0.29612073837965835
2564,1,0.033757732251548704,0.06061942691741472,0.2987941033519163,1.9432709787388698,1.1551335111679413,6.512818173037239e-8,2.8069714169843816e6,-42.49408918512239,15.0,1.0,0.9879659510550494,-42.49408918512239,48.70225560005765,-0.21356088627543102,-0.2679194222377177,4.0,0.0,0.29612073837965835,0.29612073837965835
2565,1,0.09718542885689803,0.01748555565161527,0.038564870939213264,0.63603526946457,0.8805503670254261,6.057606784877248e-9,6.70841235392018e6,-46.09609364609965,15.0,1.0,0.5856767535011688,-46.09609364609965,50.6326260054528,0.39697441912803555,1.0622169710433056,3.0,0.0,0.29612073837965835,0.29612073837965835
2566,1,0.020687913985104382,0.09927246867099067,0.8243171569494099,0.6636021979228682,0.14378859098826066,4.2809073185256564e-8,2.529801435090186e6,-46.364225205112035,11.0,1.0,0.9049195002431631,-46.364225205112035,51.07982827972667,0.004928635723899788,127.68966819862275,3.0,0.0,0.29612073837965835,0.29612073837965835
2567,1,0.031350625718687145,0.09494332072556573,0.40006214923550576,1.561153327597115,0.06407388058071298,7.383985580331974e-8,2.7459501044567533e7,-46.62966760974041,15.0,1.0,0.7046220058354659,-46.62966760974041,50.15697996670034,0.28415061304571054,0.6743621872571097,4.0,0.0,0.29612073837965835,0.29612073837965835
2568,1,0.07680875460958908,0.013955202249760257,0.5358545014157764,0.4258163497630695,1.050096093101259,2.4594404462004272e-8,4.94892877401852e6,-42.5061827763827,7.0,1.0,0.9983057166826479,-42.5061827763827,46.96332256833515,-0.7233630113587495,-0.989167461597539,3.0,0.0,0.29612073837965835,0.29612073837965835
2569,1,0.026000986400255076,0.012458650467275689,0.3954997290404312,1.3265292664531694,0.18515826129195498,9.245592267934435e-8,4.285886481320806e6,-44.340239231453054,15.0,1.0,0.9887145553323148,-44.340239231453054,46.77538676237922,0.03996738399130351,-0.12554504561219915,4.0,0.0,0.29612073837965835,0.29612073837965835
2570,1,0.05388440699740821,0.04203463191187846,0.5530163390238674,0.7880867941832078,0.36502969567376625,9.2233912141452e-8,4.284433608031268e6,-41.03907648392368,7.0,1.0,0.9942740742731389,-41.03907648392368,46.881400313504095,-0.17648729304629285,-0.17648729304629285,3.0,0.0,0.29612073837965835,0.29612073837965835
2571,1,0.055869468253316956,0.06272552252753855,0.42673887389003573,1.5761158144218814,1.2047293354677615,1.5068171988913005e-8,6.153817638260414e6,-41.21298777699463,15.0,1.0,0.9131073954899055,-41.21298777699463,44.695056118533536,-0.7669080732108498,-1.0651508896890363,4.0,0.0,0.29612073837965835,0.29612073837965835
2572,1,0.05460943927583332,0.04489854131538314,0.4803593847700253,1.7480210346248555,0.19712992521116535,6.13850442504151e-8,2.0803700637096274e6,-41.78275498625578,15.0,1.0,0.9685237600929111,-41.78275498625578,44.02011419296524,0.04917994494675071,-0.09290787236457021,4.0,0.0,0.29612073837965835,0.29612073837965835
2573,1,0.05284540397734495,0.05032360273770429,0.3971402960613508,1.6181962657732725,0.4090129990527581,3.9982750029391316e-8,8.89577461797343e6,-40.71225883243237,7.0,1.0,0.10815370175285156,-40.71225883243237,50.18671028620612,1.303475129465042,42.92717058526992,3.0,0.0,0.29612073837965835,0.29612073837965835
2574,1,0.07142280802504328,0.05392415024422982,0.6250141746660005,1.7536785188684854,0.9053664794674186,3.4365953592333184e-8,3.0025596349096172e6,-40.48964258453894,7.0,1.0,0.9852501686692042,-40.48964258453894,41.49823441875966,-0.09374933261042884,0.10777133606445233,3.0,0.0,0.29612073837965835,0.29612073837965835
2575,1,0.03223479116550511,0.057989764217224946,0.21234150630750842,1.8137052446044442,0.37922929869490835,9.193996912957262e-8,3.655667687486275e6,-42.33589845825834,15.0,1.0,0.9777939388861815,-42.33589845825834,43.26966869729362,0.04397965909188173,0.06330418949217176,4.0,0.0,0.29612073837965835,0.29612073837965835
2576,1,0.02623098565996563,0.06314364102871242,0.7544903903242877,0.736127856622106,0.7081874708869046,9.697427332698296e-8,3.717608778210973e6,-42.538940285093275,15.0,1.0,0.8924817069493631,-42.538940285093275,45.77658577772568,-0.03057841602885958,2.6431134234334763,4.0,0.0,0.29612073837965835,0.29612073837965835
2577,1,0.07055212088559215,0.05991603323394348,0.13240172351029775,0.9046001951726799,0.9950020819761312,2.1372688214369886e-8,5.370379716805226e6,-40.63635011662477,7.0,1.0,0.9907553746845571,-40.63635011662477,43.73790570278022,-0.015493268645364822,-0.06104358502076934,3.0,0.0,0.29612073837965835,0.29612073837965835
2578,1,0.029655477962969627,0.02044306701348943,0.4040149649785536,1.1809337573615453,0.305951401290592,5.329110338194045e-8,4.389131739031963e6,-41.05983835145612,15.0,1.0,0.9674870809598649,-41.05983835145612,43.359393050465464,0.010465684618935711,0.13659671380132465,3.0,0.0,0.29612073837965835,0.29612073837965835
2579,1,0.058934511619839654,0.054689292253583474,0.6537224209163395,1.0309143634755678,0.21495054490537355,3.735289067336076e-8,6.129374331846107e6,-40.52125780365668,7.0,1.0,0.9810122568879821,-40.52125780365668,43.219123031501205,-0.03782388446332874,0.052908317333702826,3.0,0.0,0.29612073837965835,0.29612073837965835
2580,1,0.09326336043073358,0.09107420083805974,0.035584911693107686,1.3216279874797412,1.1212006327668842,7.722041363669918e-8,1.5427766223957944e6,-43.09750428888547,7.0,1.0,0.9170343646912659,-43.09750428888547,45.03870424469646,0.079113812874688,0.12016549306873259,3.0,0.0,0.29612073837965835,0.29612073837965835
2581,1,0.09210550429589237,0.07949173864610709,0.06474797735011412,1.2252715902548796,1.1442423766852958,4.8543343644491336e-8,3.3334867866020594e6,-41.494704945493595,7.0,1.0,0.09720917413385533,-41.494704945493595,48.33405762884511,0.43285367860630686,8.551618277144378,3.0,0.0,0.29612073837965835,0.29612073837965835
2582,1,0.03232216760296853,0.04017779485363661,0.038017859700472806,1.3597519978865527,0.4174683656462873,7.761691176896051e-8,3.053697718905326e6,-41.460905075159516,7.0,1.0,1.0,-41.460905075159516,42.67024323828991,-0.07726600209147705,-0.13753363119239737,3.0,0.0,0.29612073837965835,0.29612073837965835
2583,1,0.06851167752314906,0.06781797736862587,0.9522115539992553,1.7765946475550398,0.4434968209385983,5.874255478445305e-9,2.447832866454891e7,-47.86652268278934,7.0,1.0,0.917315897725542,-47.86652268278934,50.58784875727865,-0.036258052356060944,0.8511836106821562,3.0,0.0,0.29612073837965835,0.29612073837965835
2584,1,0.06952730388293044,0.09862296854516327,0.9371903175491886,0.6491660365494946,1.042225291439464,6.879476141608624e-8,4.275944684056351e6,-45.22104992287066,15.0,1.0,0.9177509080220247,-45.22104992287066,52.297439423183974,-0.14877811706682564,9.361998736056101,3.0,0.0,0.29612073837965835,0.29612073837965835
2585,1,0.06020967166356133,0.09828272957446124,0.9108788116626058,0.6665200814899236,0.1301024699922853,7.329070992251644e-8,3.3695147093706937e6,-45.37619863851663,15.0,1.0,0.870722461624971,-45.37619863851663,49.686836928200684,0.08411080232331614,542.5337258133036,3.0,0.0,0.29612073837965835,0.29612073837965835
2586,1,0.04602317582538907,0.07887485830089581,0.002661060082406672,1.821452810689879,0.9376687531596225,3.917914655251786e-8,1.1650421694472493e6,-43.04818670767478,15.0,1.0,0.8598223676894016,-43.04818670767478,50.68929945240701,-0.4905584693260181,53.520903771847,4.0,0.0,0.29612073837965835,0.29612073837965835
2587,1,0.028935245525705686,0.08584823504039345,0.01579085621735295,1.911839615889194,0.7718646778726574,1.7399289811031253e-8,1.2081463707658958e6,-44.01669622944752,15.0,1.0,0.353194593317227,-44.01669622944752,46.71725891894509,0.6047024683903288,1.5309228639452641,3.0,0.0,0.29612073837965835,0.29612073837965835
2588,1,0.03976424693048225,0.07195490138050341,0.01652940588431451,1.8309492718371287,0.5132872730883268,2.7852702600662458e-8,2.0902057789762616e6,-41.43996849747289,5.0,1.0,0.7429042175756388,-41.43996849747289,46.99541094279806,-0.2143211548977817,35.572581687693635,2.0,0.0,0.29612073837965835,0.29612073837965835
2589,1,0.032237120516244805,0.07269688714190854,0.5676154700352447,1.744398732498422,0.6364090939314457,8.580518016551646e-8,4.725309874187213e6,-41.34081202903607,10.0,1.0,0.6379788203302574,-41.34081202903607,44.769728299104116,-0.014444238396670528,Inf,3.0,1.0,0.29612073837965835,0.29612073837965835
2590,1,0.08513072180046663,0.03601545402421481,0.040149815919922914,1.8754296554151995,0.8259818490825009,2.1527407053334087e-8,725521.0616156671,-40.05131150227775,9.0,1.0,0.7543518176507488,-40.05131150227775,43.678600388026155,-0.20526234455768844,551.1693000542705,3.0,0.0,0.29612073837965835,0.29612073837965835
2591,1,0.07936971439806176,0.022784285221205222,0.02320922487971156,1.8506765582593696,0.7800538260441185,3.3575833935420483e-8,625571.9291963396,-40.37587809806822,15.0,1.0,0.04641768163407856,-40.37587809806822,42.68256184231989,0.49257013455086707,29.06743582398228,3.0,0.0,0.29612073837965835,0.29612073837965835
2592,1,0.08204381451773189,0.01734042243192737,0.027405640562054603,1.8220182973326593,0.949921839065487,2.0243921656555623e-8,598472.1488011066,-40.536779033563505,15.0,1.0,0.07002815093876504,-40.536779033563505,42.38813114398559,-0.3298994280478169,19.479909079391057,4.0,0.0,0.29612073837965835,0.29612073837965835
2593,1,0.08314536027335828,0.08598929743870298,0.020376889501132315,1.6878246635034615,0.8265289321171458,2.0425764068858502e-8,760300.488565848,-40.31125324426721,7.0,1.0,0.8459586176398701,-40.31125324426721,42.987338878365144,0.49682856228865546,0.49682856228865546,2.0,0.0,0.29612073837965835,0.29612073837965835
2594,1,0.08314536027335828,0.08598929743870298,0.020376889501132315,1.6878246635034615,0.8265289321171458,2.0425764068858502e-8,760300.488565848,-40.31125324426721,7.0,1.0,0.03502354891625498,-40.31125324426721,47.334589494878585,0.0,7.587102150319687,3.0,0.0,0.29612073837965835,0.29612073837965835
2595,1,0.047787442101447114,0.018475454402155356,0.008631016916680476,1.1393956440210542,0.5508518469083588,4.561381494060253e-8,2.0985905406825976e6,-41.640806006410216,7.0,1.0,0.37241270208482075,-41.640806006410216,43.92817663630341,1.7393023294384093,1.854983813172126,3.0,0.0,0.29612073837965835,0.29612073837965835
2596,1,0.045171163229308656,0.07409639550615783,0.013301361460140385,1.5986490254706875,0.28119908143123995,6.04988153665108e-8,1.065954857989271e6,-40.45645010820478,7.0,1.0,0.8248941003315432,-40.45645010820478,45.25381559294349,-0.04688278339065022,3.097139694927847,3.0,0.0,0.29612073837965835,0.29612073837965835
2597,1,0.04350143357313718,0.025676164488275602,0.024299364073116652,1.4977048222868672,1.0266541843949177,8.349523088130149e-8,2.308370956622248e6,-41.630804605923615,15.0,1.0,0.9976071542556292,-41.630804605923615,43.75272433465617,-0.02712828580751392,-0.11448884070367882,3.0,0.0,0.29612073837965835,0.29612073837965835
2598,1,0.060181313504816696,0.04100684153580311,0.02459174087234383,0.275010420035654,0.807202021950037,5.145010055001148e-8,1.3520607750554387e6,-43.07857497453929,15.0,1.0,0.866700638526499,-43.07857497453929,49.95314613066371,0.33068456910918087,0.33068456910918087,3.0,0.0,0.29612073837965835,0.29612073837965835
2599,1,0.0538274837733543,0.03486116570137169,0.023858644829074002,0.3826286629640002,1.0567000471940222,2.813113574453136e-8,776866.1383288042,-45.685657985667945,15.0,1.0,0.03551522270720008,-45.685657985667945,51.90065521911816,3.3766029522502805,58.85195003191148,4.0,0.0,0.29612073837965835,0.29612073837965835
2600,1,0.07067597060658719,0.07427079193881847,0.008650214255314908,0.24406169462208988,0.3935101094456528,4.9757246785577483e-8,2.539525134487198e7,-46.98985949781154,15.0,1.0,0.9504674744354792,-46.98985949781154,48.617812752799225,0.02278890309510473,0.7455910748295196,4.0,0.0,0.29612073837965835,0.29612073837965835
2601,1,0.04829980173726102,0.04378890565012949,0.9076868602542054,0.3256368979988006,1.0916811454144777,3.106875940926399e-8,1.5834842711155247e6,-45.50685690120689,7.0,1.0,0.9123956354342566,-45.50685690120689,49.20751073279258,0.9390817948152161,0.9390817948152161,3.0,0.0,0.29612073837965835,0.29612073837965835
2602,1,0.06843866819928661,0.06010491644907863,0.05916739246417367,1.6697946179585208,0.5316671412935715,7.479342328830724e-8,2.207888553154982e6,-40.20925191089638,15.0,1.0,0.9344349356926877,-40.20925191089638,46.52701077711787,-1.1601423492449001,4.102939267697593,4.0,0.0,0.29612073837965835,0.29612073837965835
2603,1,0.05385867004566315,0.020212580368851495,0.020866803399913775,1.876413786740271,0.9397355040884556,4.230394598879301e-8,636151.3878235543,-39.88197520776519,15.0,1.0,0.9756938401721861,-39.88197520776519,42.14392896325072,-0.015484226456649708,0.08044551536512756,3.0,0.0,0.29612073837965835,0.29612073837965835
2604,1,0.06344683565895244,0.07078341716877892,0.3871365424100009,0.49452740575069964,0.513200941444324,4.8357924118705504e-8,4.907182660236123e6,-40.07775213791686,15.0,1.0,0.9586298353661086,-40.07775213791686,41.706308916004595,0.011268713295130794,0.08872816337684952,4.0,0.0,0.29612073837965835,0.29612073837965835
2605,1,0.0721009973733518,0.027201958326596137,0.7154488961188892,0.8276115420859458,0.6081462067029516,9.848252349090705e-9,4.689341411651703e6,-41.375008091293424,15.0,1.0,0.9038022467664356,-41.375008091293424,44.93558925095592,0.08435250651604065,0.14998159754246387,3.0,0.0,0.29612073837965835,0.29612073837965835
2606,1,0.044385020270703845,0.039515214279112754,0.036628460417202344,1.3355923454001168,0.45907054771494166,7.406078545680573e-8,4.903075009299831e6,-41.360570926784206,15.0,1.0,0.9636876487563277,-41.360570926784206,43.64952409790075,0.03697572234653279,0.14410901469970838,3.0,0.0,0.29612073837965835,0.29612073837965835
2607,1,0.04781907608793769,0.06931303718209762,0.5043697535328463,1.6475849994001548,1.0329552891344738,1.9994053282681845e-8,2.3361682186737848e6,-41.1398642849862,15.0,1.0,0.8635677807535951,-41.1398642849862,45.1310150638005,-0.24278497119833986,0.8234745663810514,3.0,0.0,0.29612073837965835,0.29612073837965835
2608,1,0.08179346011860299,0.05721537594532393,0.281576975666149,1.1925252104485817,0.9858650536372304,2.1946696298583164e-8,4.316052266005341e6,-40.2629465719841,15.0,1.0,0.9998149461388943,-40.2629465719841,42.82893043265598,-0.10088963803376316,-0.14549889353831702,3.0,0.0,0.29612073837965835,0.29612073837965835
2609,1,0.03293648438281217,0.08195151587152039,0.545809895462275,1.1498952570956928,1.1658688918276738,1.3489920182270907e-8,6.108372861018683e6,-41.58345772037569,7.0,1.0,0.9517876394976484,-41.58345772037569,42.64571300438896,0.057614729564889444,0.10373101214715064,3.0,0.0,0.29612073837965835,0.29612073837965835
2610,1,0.06665774566072083,0.03491903326603225,0.4833452355884629,1.0544428021643184,0.9445622128146581,1.2214245648505312e-8,2.5008427196720997e6,-40.84870330239791,7.0,1.0,0.9789114848599522,-40.84870330239791,42.98230104639761,-0.16468403071504412,-0.16468403071504412,3.0,0.0,0.29612073837965835,0.29612073837965835
2611,1,0.0723915779978247,0.02573561411696127,0.06716798194071176,1.9764686747140026,0.20864133332893983,6.720134008444684e-8,1.4459415262567636e6,-43.19944790624477,15.0,1.0,0.3666102771655834,-43.19944790624477,46.82413234936173,-0.1014118692607795,Inf,3.0,1.0,0.29612073837965835,0.29612073837965835
2612,1,0.06256323461720271,0.021909625628538973,0.060897096491637,1.9929895406382832,0.09730560189957604,7.089407366533203e-8,923017.0004296621,-45.924809815984304,3.0,1.0,0.9007121147398068,-45.924809815984304,46.607091105091385,0.3068866381599804,0.3068866381599804,2.0,0.0,0.29612073837965835,0.29612073837965835
2613,1,0.026965355716762972,0.07067074440149798,0.7595496073993119,0.1073919293311541,1.370060077448485,2.4573797693271222e-8,5.503677509102783e6,-46.86773868175139,15.0,1.0,0.7682244817769244,-46.86773868175139,48.6009598272472,0.3216544436947828,-0.6865649615736373,4.0,0.0,0.29612073837965835,0.29612073837965835
2614,1,0.08453861412347169,0.04966881374209682,0.2089607288311297,0.9938454064619702,0.4083365375355946,7.629551488977475e-8,5.830115665450719e6,-40.8372982733391,15.0,1.0,0.9925779199978247,-40.8372982733391,48.32147758898653,-0.16327009292142236,-0.16327009292142236,4.0,0.0,0.29612073837965835,0.29612073837965835
2615,1,0.040009247795352275,0.04696897709239663,0.7817490675267063,0.3747352973875787,0.6005339376169848,5.696422460616177e-8,3.3905112823086577e6,-40.82884968810538,7.0,1.0,0.9975081944054273,-40.82884968810538,42.26567914509555,-0.04083283566760798,-0.04699230511499053,3.0,0.0,0.29612073837965835,0.29612073837965835
2616,1,0.0465460557518183,0.08751800794348401,0.1808846642106117,1.2083402423980298,0.32787451883851704,2.59153633306309e-8,4.655340315644176e6,-41.132747937215555,15.0,1.0,0.9738575413819471,-41.132747937215555,42.735770517098594,0.05018441809460228,-0.06436501532355265,4.0,0.0,0.29612073837965835,0.29612073837965835
2617,1,0.07947687609062751,0.0875063108225912,0.017472116952036716,0.613332134044164,0.5631328721704174,2.992803577518912e-8,2.878856054042961e6,-41.989863246933034,31.0,1.0,0.23575324262942488,-41.989863246933034,45.58782759773968,-0.022512460979385196,4.177629661856152,4.0,0.0,0.29612073837965835,0.29612073837965835
2618,1,0.078760691776084,0.0916894010969896,0.013978647898282966,0.6576702141809627,0.7229120075592512,1.8112739082651587e-8,1.979903864474045e6,-42.0810043557198,7.0,1.0,0.7032317248129586,-42.0810043557198,44.0225390719676,0.013202559055308427,18632.087180977618,2.0,1.0,0.29612073837965835,0.29612073837965835
2619,1,0.0635054501743714,0.033527479267040736,0.008778416570997259,1.584364534756085,0.5748856551792944,6.799430507408069e-9,324565.3922330549,-39.34549396114244,7.0,1.0,0.9778059233068301,-39.34549396114244,43.40432962007391,-0.11159151219836616,-0.15008732820965065,3.0,0.0,0.29612073837965835,0.29612073837965835
2620,1,0.07226944522812712,0.037719403092302366,0.019210913050002998,1.697732681842857,1.030641566830429,2.2742089917304647e-9,232239.700901343,-40.09179292942835,7.0,1.0,0.14285714285714285,-40.09179292942835,46.318474485894875,-1.0371931672264196,Inf,2.0,1.0,0.29612073837965835,0.29612073837965835
2621,1,0.07226944522812712,0.037719403092302366,0.019210913050002998,1.697732681842857,1.030641566830429,2.2742089917304647e-9,232239.700901343,-40.09179292942835,1.0,1.0,1.815360475214122e-89,-40.09179292942835,42.851953067380016,0.0,204.33378921954,1.0,0.0,0.29612073837965835,0.29612073837965835
2622,1,0.07226944522812712,0.037719403092302366,0.019210913050002998,1.697732681842857,1.030641566830429,2.2742089917304647e-9,232239.700901343,-40.09179292942835,15.0,1.0,0.04588571184933919,-40.09179292942835,45.17309396282164,0.0,24.681967284722106,3.0,0.0,0.29612073837965835,0.29612073837965835
2623,1,0.07226944522812712,0.037719403092302366,0.019210913050002998,1.697732681842857,1.030641566830429,2.2742089917304647e-9,232239.700901343,-40.09179292942835,2.0,1.0,0.003803992543699547,-40.09179292942835,42.88484647085363,0.0,3213.434625011265,1.0,1.0,0.29612073837965835,0.29612073837965835
2624,1,0.07226944522812712,0.037719403092302366,0.019210913050002998,1.697732681842857,1.030641566830429,2.2742089917304647e-9,232239.700901343,-40.09179292942835,1.0,1.0,5.704643854204937e-55,-40.09179292942835,43.089681213056856,0.0,124.90089956026506,1.0,0.0,0.29612073837965835,0.29612073837965835
2625,1,0.07226944522812712,0.037719403092302366,0.019210913050002998,1.697732681842857,1.030641566830429,2.2742089917304647e-9,232239.700901343,-40.09179292942835,1.0,1.0,0.0,-40.09179292942835,50.244489274317836,0.0,5108.736090289564,0.0,1.0,0.29612073837965835,0.29612073837965835
2626,1,0.0722963660483861,0.0342858362382044,0.021529111101472344,1.476790659464752,0.929023216910982,5.263605197249995e-9,209311.30172674777,-38.52753940641012,3.0,1.0,0.4134335018068684,-38.52753940641012,42.488499940996284,0.0025527550416342137,504.43500728599037,1.0,0.0,0.29612073837965835,0.29612073837965835
2627,1,0.0722963660483861,0.0342858362382044,0.021529111101472344,1.476790659464752,0.929023216910982,5.263605197249995e-9,209311.30172674777,-38.52753940641012,3.0,1.0,1.2571653128703752e-6,-38.52753940641012,41.88820416494156,0.0,1240.9463906468613,1.0,1.0,0.29612073837965835,0.29612073837965835
2628,1,0.0722963660483861,0.0342858362382044,0.021529111101472344,1.476790659464752,0.929023216910982,5.263605197249995e-9,209311.30172674777,-38.52753940641012,4.0,1.0,0.2296295217529703,-38.52753940641012,43.80708031912734,0.0,4837.6004999023835,2.0,1.0,0.29612073837965835,0.29612073837965835
2629,1,0.06548889644850028,0.048180952193758286,0.009741649054936234,1.4583115393185304,0.8149969828700971,4.059346800793967e-9,145073.0054046033,-37.70152469173739,2.0,1.0,0.23240131765826338,-37.70152469173739,40.752612595904715,0.7661424036745217,33573.69952499497,1.0,1.0,0.29612073837965835,0.29612073837965835
2630,1,0.06548889644850028,0.048180952193758286,0.009741649054936234,1.4583115393185304,0.8149969828700971,4.059346800793967e-9,145073.0054046033,-37.70152469173739,2.0,1.0,1.1867706102609316e-6,-37.70152469173739,39.41284172418252,0.0,4357.465134527357,1.0,1.0,0.29612073837965835,0.29612073837965835
2631,1,0.06548889644850028,0.048180952193758286,0.009741649054936234,1.4583115393185304,0.8149969828700971,4.059346800793967e-9,145073.0054046033,-37.70152469173739,1.0,1.0,0.0,-37.70152469173739,44.40824363405558,0.0,123418.63265835235,0.0,1.0,0.29612073837965835,0.29612073837965835
2632,1,0.06548889644850028,0.048180952193758286,0.009741649054936234,1.4583115393185304,0.8149969828700971,4.059346800793967e-9,145073.0054046033,-37.70152469173739,1.0,1.0,0.0,-37.70152469173739,40.706575692484634,0.0,3335.686472644275,0.0,1.0,0.29612073837965835,0.29612073837965835
2633,1,0.06583809464889556,0.057926484366994456,0.007425199713324377,1.1834929966364696,0.4738170497968268,5.3861087109759085e-9,146838.24701329815,-37.43827423558933,4.0,1.0,0.5000142542217341,-37.43827423558933,38.31291691593795,-0.3690262534158393,89039.93308311676,2.0,1.0,0.29612073837965835,0.29612073837965835
2634,1,0.04765258480357816,0.05482538366164363,0.0065144789201653786,1.4546334930371592,0.6626189533302912,7.135976958268186e-9,176998.6484006775,-38.26994454598673,3.0,1.0,0.3214573498410817,-38.26994454598673,39.854120887878885,0.17523672961161907,2931.6859821608327,1.0,1.0,0.29612073837965835,0.29612073837965835
2635,1,0.04765258480357816,0.05482538366164363,0.0065144789201653786,1.4546334930371592,0.6626189533302912,7.135976958268186e-9,176998.6484006775,-38.26994454598673,1.0,1.0,3.941340462721277e-46,-38.26994454598673,40.728748463196624,0.0,104.54739339331282,1.0,0.0,0.29612073837965835,0.29612073837965835
2636,1,0.04765258480357816,0.05482538366164363,0.0065144789201653786,1.4546334930371592,0.6626189533302912,7.135976958268186e-9,176998.6484006775,-38.26994454598673,3.0,1.0,1.888237646710003e-21,-38.26994454598673,41.15552218272569,0.0,191.446159631213,2.0,0.0,0.29612073837965835,0.29612073837965835
2637,1,0.04765258480357816,0.05482538366164363,0.0065144789201653786,1.4546334930371592,0.6626189533302912,7.135976958268186e-9,176998.6484006775,-38.26994454598673,11.0,1.0,0.002711079433362977,-38.26994454598673,41.004545426911776,0.0,Inf,3.0,1.0,0.29612073837965835,0.29612073837965835
2638,1,0.061770878371890305,0.04417612883386055,0.006934427204650914,1.2450211712165966,0.7369385496338579,9.198124934757372e-9,85193.49923465443,-35.77441025270016,2.0,1.0,0.5,-35.77441025270016,39.78960460734581,-0.9750774352905154,39648.070997375915,1.0,1.0,0.29612073837965835,0.29612073837965835
2639,1,0.061770878371890305,0.04417612883386055,0.006934427204650914,1.2450211712165966,0.7369385496338579,9.198124934757372e-9,85193.49923465443,-35.77441025270016,1.0,1.0,0.0,-35.77441025270016,38.144583698738614,0.0,2127.2657000728623,0.0,1.0,0.29612073837965835,0.29612073837965835
2640,1,0.061770878371890305,0.04417612883386055,0.006934427204650914,1.2450211712165966,0.7369385496338579,9.198124934757372e-9,85193.49923465443,-35.77441025270016,3.0,1.0,1.227761237121838e-10,-35.77441025270016,39.02983016406185,0.0,91.04675013454144,2.0,0.0,0.29612073837965835,0.29612073837965835
2641,1,0.061770878371890305,0.04417612883386055,0.006934427204650914,1.2450211712165966,0.7369385496338579,9.198124934757372e-9,85193.49923465443,-35.77441025270016,1.0,1.0,0.0,-35.77441025270016,37.222727449490414,0.0,29460.850763064976,0.0,1.0,0.29612073837965835,0.29612073837965835
2642,1,0.061770878371890305,0.04417612883386055,0.006934427204650914,1.2450211712165966,0.7369385496338579,9.198124934757372e-9,85193.49923465443,-35.77441025270016,3.0,1.0,0.00010966746240823711,-35.77441025270016,38.42703384959399,0.0,2932.593331416368,1.0,1.0,0.29612073837965835,0.29612073837965835
2643,1,0.05884624968730694,0.06326290866419682,0.009747425427132018,1.2969516334245992,0.738574832661644,1.2122327788762258e-8,124871.56490076045,-35.7308635964652,2.0,1.0,0.5,-35.7308635964652,37.16684994743215,-0.22575832573803467,1188.06754623913,1.0,1.0,0.29612073837965835,0.29612073837965835
2644,1,0.055589681214179044,0.07436333673646418,0.005642690663972697,1.367874090491361,0.8700041750555809,1.6742603086714352e-8,146329.92468464503,-37.09030880808429,9.0,1.0,0.1439733919963135,-37.09030880808429,37.736508037581004,0.3412907514847703,15254.395757376242,3.0,1.0,0.29612073837965835,0.29612073837965835
2645,1,0.055589681214179044,0.07436333673646418,0.005642690663972697,1.367874090491361,0.8700041750555809,1.6742603086714352e-8,146329.92468464503,-37.09030880808429,1.0,1.0,1.6474032084752816e-13,-37.09030880808429,38.494994987544125,0.0,29.43440597380006,1.0,0.0,0.29612073837965835,0.29612073837965835
2646,1,0.0602855181702583,0.08216668022287962,0.007275713591151169,0.9735213670770592,1.2299293388971975,1.7816161580129336e-8,232425.86317919713,-39.16612898649478,5.0,1.0,0.5861562861768592,-39.16612898649478,40.35759676950957,0.13542318648492113,24.27424913313002,2.0,0.0,0.29612073837965835,0.29612073837965835
2647,1,0.0602855181702583,0.08216668022287962,0.007275713591151169,0.9735213670770592,1.2299293388971975,1.7816161580129336e-8,232425.86317919713,-39.16612898649478,3.0,1.0,0.004334333010528535,-39.16612898649478,43.90226854853936,0.0,317.0171838684696,2.0,0.0,0.29612073837965835,0.29612073837965835
2648,1,0.05254951593298632,0.028274745213615615,0.02005234271309591,1.8311740997167179,0.26891045587075785,1.9889040714357038e-8,312908.6643947729,-38.58909649740295,7.0,1.0,0.9422919477006103,-38.58909649740295,40.13471596194806,-0.2145588627255819,0.4224689640673347,3.0,0.0,0.29612073837965835,0.29612073837965835
2649,1,0.05254951593298632,0.028274745213615615,0.02005234271309591,1.8311740997167179,0.26891045587075785,1.9889040714357038e-8,312908.6643947729,-38.58909649740295,3.0,1.0,1.6192344943091e-60,-38.58909649740295,44.5785894264794,0.0,528.6541093809589,2.0,0.0,0.29612073837965835,0.29612073837965835
2650,1,0.051439787534215534,0.064109685018197,0.021075089349211464,1.7941449009081558,0.24330796193736653,3.054061745717608e-8,722241.767613005,-39.35953440863547,5.0,1.0,0.5847498903452623,-39.35953440863547,40.92772757755541,0.06852404246173904,48510.27749052058,2.0,1.0,0.29612073837965835,0.29612073837965835
2651,1,0.06523738752889274,0.07992344405730185,0.032996388751164965,1.8435800927018307,0.5352467216138687,3.133704117981052e-8,1.9191062291333098e6,-40.65021899757372,5.0,1.0,0.16369462664813766,-40.65021899757372,42.801523018793056,0.9698841450804352,1743.270002973541,2.0,1.0,0.29612073837965835,0.29612073837965835
2652,1,0.014083315572752482,0.03420823972867095,0.6848266071656789,1.9852090574749774,1.2234194063772774,6.049736210872326e-8,8.29072750887979e6,-46.32388128809005,27.0,1.0,0.19373241062359708,-46.32388128809005,47.59276150852067,0.3469998929947167,2890.276391968385,4.0,1.0,0.29612073837965835,0.29612073837965835
2653,1,0.0942357874402899,0.07396025798039244,0.045246207585455146,1.846723344735329,0.8898123633517011,7.449984292053658e-8,2.223960096405219e6,-42.57204512474131,7.0,1.0,0.9835034077004898,-42.57204512474131,49.363801455363166,-0.029842781062527024,-0.19092330365837995,3.0,0.0,0.29612073837965835,0.29612073837965835
2654,1,0.07728683415617875,0.02278936106444724,0.07412717265949459,1.8394696176826613,0.607174900294432,7.755831664941114e-8,2.7294310824800734e6,-41.676130551482956,15.0,1.0,0.9737349962323213,-41.676130551482956,45.45845250471416,-0.09849555602951199,0.28109542138378174,4.0,0.0,0.29612073837965835,0.29612073837965835
2655,1,0.06747728510443693,0.06671947185504594,0.47367004195934637,1.2991635412480724,1.0640844485519756,7.681628146154691e-8,3.271019860680966e6,-40.06501215361246,15.0,1.0,0.9465305441901506,-40.06501215361246,46.03380566184329,-0.04944655845893209,-0.30507915846199296,3.0,0.0,0.29612073837965835,0.29612073837965835
2656,1,0.057796333271242825,0.03888101774475778,0.22601039560972808,1.8743627071001412,0.6430842759813988,2.8672339231479178e-8,5.916535439929225e6,-41.40552870653031,15.0,1.0,0.9051038318219686,-41.40552870653031,43.83079543711459,0.05348428212217016,0.2690869997248342,4.0,0.0,0.29612073837965835,0.29612073837965835
2657,1,0.07854263115221526,0.0857501254185022,0.09750022240952096,1.8434608215526533,0.3566026532894235,2.7183476546983525e-8,1.518174660615128e6,-41.55282683998657,7.0,1.0,0.544585412614023,-41.55282683998657,45.35970625128055,0.16205529484897596,98.11058381080059,2.0,0.0,0.29612073837965835,0.29612073837965835
2658,1,0.07821225034858449,0.09034015451361291,0.039016300955072004,1.8374354332997604,0.4002841750727222,2.441086932492667e-8,2.0030580146840583e6,-41.7340372143426,7.0,1.0,0.7067149226988951,-41.7340372143426,42.820242344351996,0.13435856800495571,6.503152441755105,3.0,0.0,0.29612073837965835,0.29612073837965835
2659,1,0.07593840548564393,0.09085734866228408,0.06917741526930436,1.772424181278804,0.2815945012119916,2.7689068608330757e-8,2.998589222296217e6,-42.04447857099047,7.0,1.0,0.7116770264257651,-42.04447857099047,43.58278235044459,0.01506918171645566,43.50591937667802,2.0,0.0,0.29612073837965835,0.29612073837965835
2660,1,0.0841568317824161,0.0929119900315184,0.06772057146301097,1.8291745180127015,0.5388687188372937,1.5036310715886045e-8,1.151487138871434e6,-41.95342528855931,7.0,1.0,0.42591797178368884,-41.95342528855931,47.639802185306614,-0.10299821829212163,162.54735275646846,3.0,0.0,0.29612073837965835,0.29612073837965835
2661,1,0.0841568317824161,0.0929119900315184,0.06772057146301097,1.8291745180127015,0.5388687188372937,1.5036310715886045e-8,1.151487138871434e6,-41.95342528855931,7.0,1.0,0.23969574992553616,-41.95342528855931,47.97550787719749,0.0,1.963379657657022,3.0,0.0,0.29612073837965835,0.29612073837965835
2662,1,0.05424771946879809,0.08258298837699517,0.016633301523528484,1.7944536417624481,0.5665690563703869,6.91745917975643e-9,475721.7185273053,-39.633645215509254,8.0,1.0,0.7482036835011586,-39.633645215509254,42.70803675849305,-0.31952856557059306,1064.7071474386714,3.0,1.0,0.29612073837965835,0.29612073837965835
2663,1,0.05424771946879809,0.08258298837699517,0.016633301523528484,1.7944536417624481,0.5665690563703869,6.91745917975643e-9,475721.7185273053,-39.633645215509254,15.0,1.0,9.227965012537277e-6,-39.633645215509254,43.150445592046076,0.0,143.84995001936198,3.0,0.0,0.29612073837965835,0.29612073837965835
2664,1,0.043152991211725146,0.08686307893134601,0.027357045026886694,1.8692053372630337,0.5149163378377489,1.0690822590465335e-8,741327.7377179539,-42.03657286666784,5.0,1.0,0.09543962908980698,-42.03657286666784,44.126420677951344,1.341111763318473,18187.378567471107,2.0,1.0,0.29612073837965835,0.29612073837965835
2665,1,0.043152991211725146,0.08686307893134601,0.027357045026886694,1.8692053372630337,0.5149163378377489,1.0690822590465335e-8,741327.7377179539,-42.03657286666784,3.0,1.0,0.5798344806738621,-42.03657286666784,45.24928116527037,0.0,7823.476839944612,1.0,1.0,0.29612073837965835,0.29612073837965835
2666,1,0.040675483094419554,0.03271733074587125,0.004460678772571223,1.202447095791744,1.0678259850383671,3.4740143930763366e-8,917387.7983047151,-41.05518707990513,7.0,1.0,0.341989020006884,-41.05518707990513,45.103581407946535,0.8664796568779494,1.544427214691865,3.0,0.0,0.29612073837965835,0.29612073837965835
2667,1,0.09082946317075231,0.07974205604189995,0.2589891754427582,1.2835282647504576,1.076310149547586,3.9306448561959276e-8,2.182102843023632e6,-41.23205134059394,7.0,1.0,0.7112630818725575,-41.23205134059394,43.36023526116722,0.16819960722514082,11.63312281766921,3.0,0.0,0.29612073837965835,0.29612073837965835
2668,1,0.08853209900282674,0.0762928736484642,0.09270897657980123,1.3230605684153058,0.9205706546670829,3.618210726734921e-8,4.608339006983592e6,-41.045924508693375,15.0,1.0,0.22009371003528524,-41.045924508693375,44.43791090997309,0.35313750192165116,9.10480250856616,3.0,0.0,0.29612073837965835,0.29612073837965835
2669,1,0.08642615883434647,0.07886109331845458,0.8225939850369213,1.535228336629737,0.460867248650578,6.839999718764917e-8,3.039640908742122e6,-41.65143775374146,11.0,1.0,0.6473988870132207,-41.65143775374146,43.68261834713131,0.005461556854143623,25.347001041785376,3.0,0.0,0.29612073837965835,0.29612073837965835
2670,1,0.09739096471936755,0.08833472602238683,0.9499325836615882,0.17830893636769832,0.9371695280201766,2.3222907088698818e-8,6.319693532454414e6,-48.05084765070448,15.0,1.0,0.8367912468801106,-48.05084765070448,50.23251263706774,0.18796179861666928,3.4476304894335783,3.0,0.0,0.29612073837965835,0.29612073837965835
2671,1,0.058556377257932814,0.0498597006381484,0.7807863894468312,0.2511323427825042,1.1452587130938297,8.53882589680092e-8,2.732594973908255e6,-42.57761453441926,15.0,1.0,0.9970060419809492,-42.57761453441926,51.09349417743774,-0.16197610316670819,-0.2595710660547823,3.0,0.0,0.29612073837965835,0.29612073837965835
2672,1,0.07311546256336714,0.05696781496519356,0.8245559057493754,0.17618067254076797,1.3418104494039567,8.502353446764997e-8,1.9025462175704937e7,-46.12415138514142,7.0,1.0,0.31787956244775784,-46.12415138514142,48.26029795016102,0.6304755536843558,5.722808065636421,3.0,0.0,0.29612073837965835,0.29612073837965835
2673,1,0.07191738907403449,0.05337826114446156,0.4089880519212817,0.3135474410814765,0.21672177105041313,8.373882697626582e-8,3.268800300075492e6,-41.81894538892769,15.0,1.0,0.8491712174233802,-41.81894538892769,47.04222221740002,-0.29030998340508063,165.4294016119895,3.0,0.0,0.29612073837965835,0.29612073837965835
2674,1,0.08828299323165774,0.07148377978472277,0.2798851554980749,0.34759855400255224,0.28112837515621636,7.926995127004513e-8,2.707444516583785e6,-42.32630662375661,7.0,1.0,0.9530544525722583,-42.32630662375661,43.47174326590388,0.03917168631866019,0.1298853546252161,3.0,0.0,0.29612073837965835,0.29612073837965835
2675,1,0.0858949165022865,0.018265567181832185,0.9287720831376305,1.4334972834472022,1.0021656198304787,2.0760079275374167e-8,6.048962276151169e6,-44.06746802823492,15.0,1.0,0.976888560348512,-44.06746802823492,46.32392647596086,0.06066509742111492,-0.07171322600714092,4.0,0.0,0.29612073837965835,0.29612073837965835
2676,1,0.03655019711809482,0.07575262730417645,0.8592240813481742,1.3648410180218102,0.8466787084780886,4.7119338399713705e-8,4.1110474641554235e6,-40.89539746793463,15.0,1.0,0.9564883759740357,-40.89539746793463,45.42183550890432,-0.13059696753193606,1.023904236432088,3.0,0.0,0.29612073837965835,0.29612073837965835
2677,1,0.07671210240350032,0.046803545093900785,0.9495114369915874,1.5268029456640861,1.1856621071886297,7.156429906360956e-8,3.972869689250691e6,-43.76000055363981,15.0,1.0,0.963797977774676,-43.76000055363981,44.49337920912261,0.06217672396625318,-0.09577289948985879,4.0,0.0,0.29612073837965835,0.29612073837965835
2678,1,0.039664495441860674,0.034380494302671656,0.7532434346979667,1.0382059327620559,0.5294955036656306,4.327686176479124e-8,4.0824257106862324e6,-40.17434948487923,7.0,1.0,0.9982680420115589,-40.17434948487923,44.29668540738207,-0.11246902597554964,-0.14350244541589063,3.0,0.0,0.29612073837965835,0.29612073837965835
2679,1,0.08031501661524995,0.017932297003583186,0.23625330939589786,1.6740335117585594,0.7252229975067483,6.528669791790462e-8,3.119438231208138e6,-41.194512714334834,15.0,1.0,0.9652408381590284,-41.194512714334834,42.440848442180425,0.05736323184484604,0.061923617412865894,3.0,0.0,0.29612073837965835,0.29612073837965835
2680,1,0.07333590948015567,0.01258286306407519,0.13190216557121992,1.6103959422272225,0.5445291991952964,6.554221182085025e-8,3.431581653290375e6,-42.192071040998385,15.0,1.0,0.7107856371949436,-42.192071040998385,44.48833239489654,0.040396465111427915,976.0590028583201,3.0,0.0,0.29612073837965835,0.29612073837965835
2681,1,0.055577282160964775,0.07873854083091464,0.09621168968982341,0.1064280662888375,0.7748541904066284,3.276090846753107e-8,5.778276248049013e6,-45.203996818807525,15.0,1.0,0.994202683433373,-45.203996818807525,49.21740108916715,-0.03981274812326063,-0.12729192528895794,4.0,0.0,0.29612073837965835,0.29612073837965835
2682,1,0.08096807792861221,0.05382421924353832,0.10503544062449191,0.10125622072582037,1.1123148780770786,1.513039890789886e-8,7.0616191682060445e6,-47.93551416571724,7.0,1.0,0.9807531550770952,-47.93551416571724,49.015236806666515,0.04407826209048693,-0.0895123805427076,3.0,0.0,0.29612073837965835,0.29612073837965835
2683,1,0.04689289538887544,0.051830749952306306,0.7918087978251711,0.17634052794865446,0.031739019408384944,6.059323158594147e-8,1.2821498646986049e7,-47.357004735873765,15.0,1.0,0.9345520805854091,-47.357004735873765,53.14855263772279,0.1380317082062632,0.25528479941824145,4.0,0.0,0.29612073837965835,0.29612073837965835
2684,1,0.05924131950495485,0.03557539215971945,0.2264465850939324,0.3652866986558626,1.2919917263944225,4.307499645100565e-8,2.3141378291617474e6,-42.11419709643409,7.0,1.0,0.9926931085017393,-42.11419709643409,48.681280393675536,-0.25630037008859574,-0.25630037008859574,3.0,0.0,0.29612073837965835,0.29612073837965835
2685,1,0.04613522617634395,0.0489047991990944,0.354587826599285,1.786768379797667,0.14053700407626024,6.127434399199995e-8,2.2715141118010473e6,-42.007156796719315,15.0,1.0,1.0,-42.007156796719315,43.748337286228285,-0.019234937227082582,-0.12438482758970792,4.0,0.0,0.29612073837965835,0.29612073837965835
2686,1,0.08763749347804685,0.0749484399719616,0.5478961840782525,1.7259340625609887,0.7795549874895009,6.978388655739568e-8,3.4495350649236976e6,-40.99186665685707,7.0,1.0,0.9620492270826589,-40.99186665685707,46.121521557826085,-0.09973077344470482,-0.09973077344470482,3.0,0.0,0.29612073837965835,0.29612073837965835
2687,1,0.01587418880629562,0.095158021987159,0.3842272926678538,0.44010104801890726,1.2044025706562222,6.465291631951646e-8,5.722669408492415e6,-43.81405369238324,15.0,1.0,0.9000032329968582,-43.81405369238324,48.6893374531235,0.12427996301557442,0.16663809071171443,3.0,0.0,0.29612073837965835,0.29612073837965835
2688,1,0.039840744272531495,0.057999080346543906,0.8510960910333377,0.2844850422799044,0.44292949885502,2.4348550310322988e-8,5.254985462937798e6,-42.035737069125354,7.0,1.0,0.9571216310091027,-42.035737069125354,46.47804223950929,-0.10229566936744305,0.2050346674613408,3.0,0.0,0.29612073837965835,0.29612073837965835
2689,1,0.080964638038651,0.05884260420550151,0.940026593963229,0.21849651294268485,0.9659052896370054,3.28590958258189e-8,1.2523502090197708e7,-45.13713765186831,7.0,1.0,0.8746488679494381,-45.13713765186831,47.627760038321746,0.11996534429403738,0.34034421789131386,3.0,0.0,0.29612073837965835,0.29612073837965835
2690,1,0.08461657623747174,0.020958894352145204,0.7612985722407956,1.2020796645513343,0.7566231726563036,2.164236961624519e-8,1.176490053797199e7,-42.644158650751436,11.0,1.0,0.8618804195055177,-42.644158650751436,48.21042806770381,-0.06828176275069353,2209.9807679853466,3.0,1.0,0.29612073837965835,0.29612073837965835
2691,1,0.06088235274415326,0.01896400810040024,0.3137038154145617,1.364877833316066,1.2575191477136323,2.0580602292204757e-8,5.555373423573066e6,-41.89936743647395,15.0,1.0,0.9304532247827877,-41.89936743647395,45.66150363486889,-0.028979586688350878,-0.6244939205888613,3.0,0.0,0.29612073837965835,0.29612073837965835
2692,1,0.042503748320062575,0.07156242242173494,0.1331433346134816,1.779057998418102,1.300517699443244,5.375600086120789e-8,2.541221779541669e7,-44.66043440220915,15.0,1.0,0.7112473121908585,-44.66043440220915,46.86500838640175,0.10688103976891483,2.3317907454637066,4.0,0.0,0.29612073837965835,0.29612073837965835
2693,1,0.032075503220974994,0.03938683970544129,0.019717551243545337,1.4611096383181303,1.3767158858653021,3.3301628273387934e-8,6.761392026040187e7,-48.838614758452444,15.0,1.0,0.3220415387301296,-48.838614758452444,51.08514154732567,0.06624434671710588,9.740119811938506,4.0,0.0,0.29612073837965835,0.29612073837965835
2694,1,0.012435945649927033,0.05293725062096793,0.014675182953992175,0.8742523898022159,1.1664584734604746,2.281782588370374e-9,3.4549677324031107e6,-47.26417681006032,15.0,1.0,0.5898468794805058,-47.26417681006032,54.2847037902576,-0.3803072823299516,8.596557713876301,3.0,0.0,0.29612073837965835,0.29612073837965835
2695,1,0.08919178593291237,0.07097913129858921,0.07376648916765034,1.4046246331810668,0.3638473516701986,4.750072934427482e-8,1.5792011888448785e6,-40.30037996451315,15.0,1.0,0.38465007213560554,-40.30037996451315,47.879369343676174,-0.4282920886441488,2.862806719017428,3.0,0.0,0.29612073837965835,0.29612073837965835
2696,1,0.04869728542923682,0.02118102179700957,0.009448465039138845,0.6798421020981817,0.27202682659454364,1.1194215636224975e-8,3.547317709730265e6,-43.77963005898502,7.0,1.0,0.814842594475168,-43.77963005898502,46.64291156962562,0.28890619419937735,0.741627929572573,3.0,0.0,0.29612073837965835,0.29612073837965835
2697,1,0.08052011260694933,0.030128588018037757,0.042201127426451775,1.832756960029958,0.7453415458811014,9.722590179658873e-8,2.983276424000465e6,-43.95846524511914,15.0,1.0,0.962463505580183,-43.95846524511914,50.155842875436036,-0.38398709762559236,-0.38398709762559236,4.0,0.0,0.29612073837965835,0.29612073837965835
2698,1,0.051947926403532234,0.038577956794361504,0.009467126907210344,1.7095616990468454,0.33670710305489854,1.3106997551492852e-8,1.2705221388032509e6,-41.028346593096614,14.0,1.0,0.4749110055583109,-41.028346593096614,46.74710091343483,-1.0077930869189018,Inf,3.0,1.0,0.29612073837965835,0.29612073837965835
2699,1,0.06446476410090225,0.06980423542928445,0.03206178601570329,1.545493441422824,0.5125762359552615,5.848175743719674e-8,1.037510138589499e6,-39.281320496373354,14.0,1.0,0.2552265552893637,-39.281320496373354,43.363819363656425,-0.5464722254905396,Inf,3.0,1.0,0.29612073837965835,0.29612073837965835
2700,1,0.03295752598431572,0.09606392183796025,0.013026299946003302,1.5078449895046917,0.13785756722521042,8.318102930607716e-8,1.9228142409760435e6,-44.824486299149314,7.0,1.0,0.7968487186749647,-44.824486299149314,45.14823293216362,0.2753116161251512,0.31533664347557533,3.0,0.0,0.29612073837965835,0.29612073837965835
2701,1,0.04139702840831935,0.04907666725112167,0.7010372963849762,0.6551966480024262,0.7435318756563565,8.272071391363656e-9,2.9161695728255413e6,-41.327151476589535,15.0,1.0,1.0,-41.327151476589535,46.965580707409956,-0.2025980403987404,-0.2025980403987404,4.0,0.0,0.29612073837965835,0.29612073837965835
2702,1,0.037885422099825546,0.09352667825282487,0.20889376201761253,0.4698077667591535,0.16452564547170442,2.323059272012759e-8,4.941777763271561e6,-43.06778832929113,15.0,1.0,0.9351574753086728,-43.06778832929113,44.966223266381014,0.09880523325708168,0.12012878066653343,4.0,0.0,0.29612073837965835,0.29612073837965835
2703,1,0.04800176983020465,0.056923503728353676,0.6204229689910937,0.41552113786469624,1.113610103676967,4.292717692845587e-8,9.576141555108568e6,-41.1992122176364,7.0,1.0,0.9808196074147396,-41.1992122176364,45.203406813938706,-0.08115206882641246,0.14417382072493723,3.0,0.0,0.29612073837965835,0.29612073837965835
2704,1,0.049231542227098746,0.054959556595908864,0.013878885482891137,0.19316792026703217,1.1182798476912457,7.201235808978304e-8,2.461754903717644e6,-44.15770038486579,7.0,1.0,0.8472870050331266,-44.15770038486579,46.385352989336496,-0.07905054603444484,0.8794259613800577,3.0,0.0,0.29612073837965835,0.29612073837965835
2705,1,0.06536856716780683,0.039580033252094055,0.9567648918362452,0.4817709781847893,0.20561634007401552,2.5071054369376745e-8,3.1457856505174823e6,-45.48795991820251,15.0,1.0,0.9732680427340973,-45.48795991820251,49.59567880196214,0.018345925024483734,-0.14839388859331137,4.0,0.0,0.29612073837965835,0.29612073837965835
2706,1,0.077538560780058,0.053213190682343404,0.9584761566471889,1.0879679002655824,0.7072511726566286,2.032642712558242e-8,4.384234017454601e6,-45.11167667987688,15.0,1.0,0.9186870053004095,-45.11167667987688,47.21463011968762,-0.05157366532450425,1.292548165945135,3.0,0.0,0.29612073837965835,0.29612073837965835
2707,1,0.035677777819676626,0.027716595579273473,0.8681089209708179,0.780038420691418,0.11490101068187332,6.53606869073148e-8,1.1382851428249925e7,-43.70931460134178,15.0,1.0,0.9372620250952075,-43.70931460134178,49.688375233627966,-0.584158943117906,-0.9295249326462312,4.0,0.0,0.29612073837965835,0.29612073837965835
2708,1,0.03911610621009204,0.057074223949956523,0.8512972353743953,1.1220450997613853,0.42078725374739584,7.294425086779062e-8,3.3857049806071823e6,-40.894958485317126,7.0,1.0,0.9976640458220587,-40.894958485317126,44.61761878462975,-0.20503527658774345,-0.2965814037978376,3.0,0.0,0.29612073837965835,0.29612073837965835
2709,1,0.09394350641315923,0.0473149697501116,0.062282804654126125,0.8069627323751036,0.9779925117293922,2.966377152839829e-9,2.8498575546327354e6,-43.32226883775977,11.0,1.0,0.865146311565043,-43.32226883775977,44.465830250427175,0.08784513254740034,11149.370594677703,3.0,1.0,0.29612073837965835,0.29612073837965835
2710,1,0.010300098702893029,0.08088874444922624,0.003133707324330719,1.642297955672621,0.6667844552914836,7.877075756376434e-8,4.993888630903497e6,-49.47131929071605,15.0,1.0,0.7781870687766336,-49.47131929071605,53.911758230118586,0.47819027671130243,0.5510025873145352,4.0,0.0,0.29612073837965835,0.29612073837965835
2711,1,0.010420461803486582,0.03296680092387957,0.09761373109137723,1.3572056580684613,0.5674988552143754,8.278116167941632e-8,3.482535186699719e6,-45.26170164404548,7.0,1.0,0.8550029146178527,-45.26170164404548,52.36105380770809,0.141918590404714,0.7350922742302046,3.0,0.0,0.29612073837965835,0.29612073837965835
2712,1,0.09947522167672164,0.03479138705928003,0.15265238832213315,1.012889807336267,0.12414109694004216,3.080821083022582e-8,3.779255861968545e6,-44.801171713072065,15.0,1.0,0.9930358409717253,-44.801171713072065,48.05300265479245,0.029051910432542627,-0.1631069225969668,4.0,0.0,0.29612073837965835,0.29612073837965835
2713,1,0.09719899870499454,0.05779013492838745,0.8553154636036415,1.1958968639636804,0.8341364823538514,8.753284727695137e-8,2.997085805232761e6,-43.3092647683893,7.0,1.0,1.0,-43.3092647683893,47.85484611092096,-0.05885292505485751,-0.07221660378954908,3.0,0.0,0.29612073837965835,0.29612073837965835
2714,1,0.02051475098090693,0.02768752872259249,0.07559699953759606,0.9668141760929125,0.43694881386265755,4.690709090548454e-8,4.799901310582559e6,-42.01147461303807,15.0,1.0,0.8593050647325612,-42.01147461303807,45.705898385427346,0.07751302595141141,0.43286698177502103,3.0,0.0,0.29612073837965835,0.29612073837965835
2715,1,0.01797649452023269,0.027573507051537403,0.2237486801049445,0.882395113448233,0.3078110428190067,6.99870512252366e-8,2.963823988526956e6,-42.02679933591069,15.0,1.0,0.9459528917574433,-42.02679933591069,46.41274519183416,-0.07628187102454831,0.24769073549334308,3.0,0.0,0.29612073837965835,0.29612073837965835
2716,1,0.02321174750925274,0.06304927372793032,0.6207716833561722,1.3251241094155661,0.5253325896845285,7.667915067134976e-8,6.83195100640956e6,-40.997113568266684,7.0,1.0,0.9909738704671166,-40.997113568266684,43.47071108062967,-0.02851832633820095,0.06318209306912337,3.0,0.0,0.29612073837965835,0.29612073837965835
2717,1,0.07888268617693561,0.04164111735631974,0.8115660201573524,0.7560385855070592,1.1874018404387845,6.128837936657332e-8,2.3689846835267595e6,-41.70377412452311,15.0,1.0,0.9321885369955936,-41.70377412452311,44.27832498457224,0.024046725743950503,0.1805390157533111,4.0,0.0,0.29612073837965835,0.29612073837965835
2718,1,0.08114173464485051,0.020835037602490468,0.426164101011605,1.031517959292893,1.1642564798979487,7.635617010802338e-8,1.1797156064070715e7,-42.47086525602076,15.0,1.0,0.31413771929096534,-42.47086525602076,45.357444220325284,0.4108531749092421,2.0932286361829853,4.0,0.0,0.29612073837965835,0.29612073837965835
2719,1,0.0370163189638984,0.06958284235426565,0.18706886309776743,1.7166691733855994,0.33824805006549763,1.1750671257980234e-8,2.9953902916518287e6,-41.80865070910366,15.0,1.0,0.9339551045724884,-41.80865070910366,45.68048521604548,-0.029919159881025337,0.4159881253816451,4.0,0.0,0.29612073837965835,0.29612073837965835
2720,1,0.07251251870777391,0.05733228105299737,0.037685155716705394,1.632082573552227,0.2054139080850132,3.387475949185304e-8,1.976314844446469e6,-40.355163735450844,15.0,1.0,0.33052632608055066,-40.355163735450844,42.958335183083584,-0.1215578018250909,7.935608593318527,3.0,0.0,0.29612073837965835,0.29612073837965835
2721,1,0.09321002629648152,0.03679476912040167,0.7800749642782737,0.5835499997035245,1.2146911259689526,7.336309352656139e-8,4.213091772172915e6,-42.431117569727675,7.0,1.0,0.9933645852842746,-42.431117569727675,44.00491329945661,0.007440547829411059,-0.054006013253044216,3.0,0.0,0.29612073837965835,0.29612073837965835
2722,1,0.09918006852408848,0.07813200786228314,0.8628105809225903,0.7911315825541515,1.1162215490834688,7.981127448138194e-8,3.9040677022553775e6,-44.81827358516706,7.0,1.0,0.9726271552046464,-44.81827358516706,46.31413118583647,0.03380761882945649,-0.13265873118143645,3.0,0.0,0.29612073837965835,0.29612073837965835
2723,1,0.024014586579238526,0.03495548306026606,0.06230617445649274,0.31093017114879795,0.3598994790898324,8.37765137897081e-9,3.5413564348719283e6,-43.90973226883638,15.0,1.0,0.9958457893228234,-43.90973226883638,47.79715306138072,-0.005453966403571542,-0.11406616645442824,4.0,0.0,0.29612073837965835,0.29612073837965835
2724,1,0.030055378573243703,0.0808962948818022,0.5182717332398523,0.17116978078637413,0.3482026493474203,1.895552525062015e-8,1.877450294837064e7,-44.74487626069785,15.0,1.0,0.6165644103695033,-44.74487626069785,47.81486402223777,0.08817650991380788,9.170650842911478,4.0,0.0,0.29612073837965835,0.29612073837965835
2725,1,0.07497427471397174,0.038356902628598845,0.5225134501473909,1.2751819783916933,1.3445628411424426,3.756235581868635e-8,2.4703255246195863e6,-41.55608583973157,7.0,1.0,0.9993224410154704,-41.55608583973157,46.172261515517285,-0.33150769091538734,-0.33150769091538734,3.0,0.0,0.29612073837965835,0.29612073837965835
2726,1,0.09029437231369888,0.04332672848189861,0.14623765231642383,1.7957886442333861,1.307155107243327,6.254477847082376e-8,3.8468748747306913e6,-42.42291867352792,7.0,1.0,0.9905761650883661,-42.42291867352792,44.472644150157805,-0.001224953707549048,-0.09775735082421022,3.0,0.0,0.29612073837965835,0.29612073837965835
2727,1,0.02736880270945765,0.01292412118476764,0.08770818511797898,1.3101411511543006,1.2103103982003045,3.7806782937400635e-8,1.861674893163829e6,-44.14174565214015,15.0,1.0,0.9580932695052308,-44.14174565214015,46.3247249587871,0.17036588988895573,0.17036588988895573,4.0,0.0,0.29612073837965835,0.29612073837965835
2728,1,0.04417222266508872,0.09822744956210604,0.03484832389897697,1.347256457719318,1.1536636639792655,6.288415523984968e-8,3.5697278358061574e6,-43.54146906515881,15.0,1.0,0.8548971100251525,-43.54146906515881,47.562864142347266,0.016580604929821163,0.42538802603979775,4.0,0.0,0.29612073837965835,0.29612073837965835
2729,1,0.05869991761569158,0.063658428603008,0.021047565006665353,1.2234058208782395,0.46561301924358267,6.056577192102229e-8,955378.1924813524,-39.497847712252494,7.0,1.0,0.9539222988827029,-39.497847712252494,44.49364217747176,-0.2191514292870238,0.3470128927320104,3.0,0.0,0.29612073837965835,0.29612073837965835
2730,1,0.0605035002567508,0.06575128674178399,0.03113072755692037,0.970555825200714,0.7698236744323133,5.726198557483928e-8,988063.9401050376,-40.25276182010404,13.0,1.0,0.5526777841235092,-40.25276182010404,41.93092415319866,0.4305185722952771,182.66142038639143,3.0,0.0,0.29612073837965835,0.29612073837965835
2731,1,0.0605035002567508,0.06575128674178399,0.03113072755692037,0.970555825200714,0.7698236744323133,5.726198557483928e-8,988063.9401050376,-40.25276182010404,7.0,1.0,0.02878399863524168,-40.25276182010404,44.341318993509844,0.0,5.8948284107598,3.0,0.0,0.29612073837965835,0.29612073837965835
2732,1,0.0605035002567508,0.06575128674178399,0.03113072755692037,0.970555825200714,0.7698236744323133,5.726198557483928e-8,988063.9401050376,-40.25276182010404,3.0,1.0,0.1979405091063173,-40.25276182010404,46.19257946706444,0.0,135.01858190276033,2.0,0.0,0.29612073837965835,0.29612073837965835
2733,1,0.0605035002567508,0.06575128674178399,0.03113072755692037,0.970555825200714,0.7698236744323133,5.726198557483928e-8,988063.9401050376,-40.25276182010404,7.0,1.0,0.015602118170803052,-40.25276182010404,43.35503060026994,0.0,5.926867188143952,3.0,0.0,0.29612073837965835,0.29612073837965835
2734,1,0.05626131875329788,0.09793833452101156,0.04625767494933009,1.7242955441306278,0.8787508746456348,2.4693805209066823e-8,1.8614836885335993e6,-42.44885818543779,15.0,1.0,0.7092941393574416,-42.44885818543779,43.91014969087395,0.08077376772779132,3109.130992428376,3.0,1.0,0.29612073837965835,0.29612073837965835
2735,1,0.06197490384333644,0.016427780778863695,0.042284868320249684,1.4808277558975103,0.8461097127021763,3.92209377721495e-8,1.8535637746355871e6,-40.505652418909946,15.0,1.0,0.5818846816210042,-40.505652418909946,45.76931417959884,-0.08366417407010829,220.29599914358698,3.0,0.0,0.29612073837965835,0.29612073837965835
2736,1,0.07378404311546359,0.014373756769700364,0.05279080903762006,1.232462052244238,0.852650856805234,4.468050659992967e-8,1.1520963161449654e6,-40.80973594607527,7.0,1.0,0.9636619558054816,-40.80973594607527,41.52926669272323,0.023568258579238943,0.1767971883027144,3.0,0.0,0.29612073837965835,0.29612073837965835
2737,1,0.06916640668785816,0.012456578499988168,0.021461228005859423,0.8696648205012935,1.0830936956152233,2.2008583291071985e-8,1.8512644495905414e6,-42.39668642383991,7.0,1.0,0.9156244432563762,-42.39668642383991,42.83120239531157,0.006372371353549511,0.5534277975071547,3.0,0.0,0.29612073837965835,0.29612073837965835
2738,1,0.06701411045198669,0.016786229697353883,0.05870722550489535,0.869773998555583,0.9683012759232881,1.0856134197096766e-8,2.4345679320421857e6,-41.95353568455738,3.0,1.0,0.6676073596203608,-41.95353568455738,46.435728666525534,0.05181742248439036,2.931446220124336,2.0,0.0,0.29612073837965835,0.29612073837965835
2739,1,0.05877664052722821,0.06167962835881468,0.15455892462887563,0.5672183035263384,0.7708564003982775,8.629386823602911e-8,6.373225057498596e6,-41.194622702074966,15.0,1.0,0.9553586578710928,-41.194622702074966,44.69414395719984,0.006218513868198272,0.12589507732354122,4.0,0.0,0.29612073837965835,0.29612073837965835
2740,1,0.06188721595522108,0.023486578204061713,0.6657883809711458,0.5995172048799775,0.7568677619234682,4.8631458103905784e-8,3.5912559825056274e6,-40.41901103568752,7.0,1.0,0.9825886425291112,-40.41901103568752,42.68752091202259,-0.083616685396386,-0.083616685396386,3.0,0.0,0.29612073837965835,0.29612073837965835
2741,1,0.030890287121819536,0.08397173428603895,0.8151531326988248,0.43128578143859275,0.8884683656181901,1.455158379602149e-8,4.0682332873750664e6,-42.24409993564852,7.0,1.0,0.959290826444948,-42.24409993564852,43.683750929262835,0.06237240935200106,0.08205483066330999,3.0,0.0,0.29612073837965835,0.29612073837965835
2742,1,0.08862680457623377,0.09286971219845877,0.1792169618802594,1.8498768353050132,1.242237479817749,4.1162755696765564e-8,2.6824611456530564e6,-43.05611405302371,15.0,1.0,0.9378877248568095,-43.05611405302371,46.00412450958851,-0.0684197896356622,-0.24159349333332614,4.0,0.0,0.29612073837965835,0.29612073837965835
2743,1,0.04655262758259465,0.05125176381291757,0.6418715012097582,0.6121781592163028,1.1039208710203718,6.535695679857089e-8,5.930732406563225e6,-40.37368524811586,15.0,1.0,0.9964734526423716,-40.37368524811586,44.934176287990674,-0.12310878328864305,-0.12310878328864305,3.0,0.0,0.29612073837965835,0.29612073837965835
2744,1,0.09799035372857243,0.050227877856831346,0.19235822663328098,1.9375470063518034,0.2306966172917625,5.542919126472524e-8,1.754021815879247e6,-44.2155940369375,15.0,1.0,0.9204683917052328,-44.2155940369375,45.45716625485783,0.19431489345497255,0.19431489345497255,3.0,0.0,0.29612073837965835,0.29612073837965835
2745,1,0.0965628105639136,0.041664259263192026,0.031206940482438765,1.212009280115165,0.1966843046971439,1.8675345574788304e-8,832017.7197929372,-41.19970417929424,15.0,1.0,0.2598520784609777,-41.19970417929424,45.71707838487154,-0.3696246513156538,16.661195826928363,3.0,0.0,0.29612073837965835,0.29612073837965835
2746,1,0.09485419942807718,0.03198020530415603,0.03447365359371241,1.4982510374034117,0.23258014108714856,2.5032537336469195e-8,518459.5575486661,-40.5778174350921,7.0,1.0,0.3798815861990027,-40.5778174350921,43.24702140878454,-0.07780009486574357,227.66860743735526,3.0,0.0,0.29612073837965835,0.29612073837965835
2747,1,0.09485419942807718,0.03198020530415603,0.03447365359371241,1.4982510374034117,0.23258014108714856,2.5032537336469195e-8,518459.5575486661,-40.5778174350921,15.0,1.0,0.00560880937178514,-40.5778174350921,42.58885910299287,0.0,40.62285259403586,3.0,0.0,0.29612073837965835,0.29612073837965835
2748,1,0.09485419942807718,0.03198020530415603,0.03447365359371241,1.4982510374034117,0.23258014108714856,2.5032537336469195e-8,518459.5575486661,-40.5778174350921,3.0,1.0,1.611191219345665e-13,-40.5778174350921,46.01439054531201,0.0,116.65132051141092,2.0,0.0,0.29612073837965835,0.29612073837965835
2749,1,0.09836464695255696,0.02169277931132929,0.04089032702870471,1.4931078267381037,0.7674474271590516,1.091307555138693e-8,547003.4833920811,-41.99267227899448,7.0,1.0,0.5120037214415135,-41.99267227899448,43.674516647910906,0.09009239570438154,5.2260395343766035,3.0,0.0,0.29612073837965835,0.29612073837965835
2750,1,0.05688481974371608,0.07529997956917787,0.07124875634953426,1.8184007564038849,0.24895674526634065,5.041060425448833e-8,2.381354973426576e6,-41.1413431085594,15.0,1.0,0.5756824597844667,-41.1413431085594,46.05186771736078,0.16307946978082555,33.87666140330944,4.0,0.0,0.29612073837965835,0.29612073837965835
2751,1,0.0872951249806226,0.057848808935461654,0.06299850504609522,1.8354799081724864,1.0428663329903674,4.305343139740341e-8,2.02401652254003e6,-40.79367178463212,7.0,1.0,0.9977472424371442,-40.79367178463212,42.27064993062436,-0.0048574778789856055,-0.022721794352172253,3.0,0.0,0.29612073837965835,0.29612073837965835
2752,1,0.08830556282245293,0.06506870943048372,0.07859840579338113,1.4493926870163383,0.1317205686596042,4.835826875695216e-8,3.0875868318942916e6,-41.56428997213968,15.0,1.0,0.6004178231663971,-41.56428997213968,43.96057495304131,0.055423394823321814,32.99700553007043,3.0,0.0,0.29612073837965835,0.29612073837965835
2753,1,0.09606728759991653,0.07571074401929012,0.017128586845044813,1.5088622584153577,0.37822091176505807,2.351701589062579e-8,1.8128194602235642e6,-42.511316174775956,15.0,1.0,0.3727480058507485,-42.511316174775956,45.210854078834785,0.09233408564402623,6.89152381162004,4.0,0.0,0.29612073837965835,0.29612073837965835
2754,1,0.06520360840834502,0.03080495980569995,0.7646076288514682,1.3438186323346344,0.8697481735061614,9.158176387524108e-8,6.090841884113918e6,-41.64345247377494,11.0,1.0,0.7623137414756097,-41.64345247377494,46.31279192484967,-0.008570263130927458,90.53401938807478,3.0,0.0,0.29612073837965835,0.29612073837965835
2755,1,0.017371667059008125,0.05468475913756995,0.05406286730055647,0.9079953171583585,1.1781563536109438,4.919902439373973e-8,2.750663976141964e6,-42.61204649054045,15.0,1.0,0.9754714107464102,-42.61204649054045,44.60043309181305,0.031911335282963194,0.06579143679748967,3.0,0.0,0.29612073837965835,0.29612073837965835
2756,1,0.08707061690509961,0.053123001265617614,0.9198650529522425,1.1099035254190892,0.8993650441199618,8.804309612085524e-8,4.981746831310682e6,-42.82574900863912,15.0,1.0,0.7947442629667658,-42.82574900863912,47.27183346335208,0.10905368823854644,0.6326752824059412,4.0,0.0,0.29612073837965835,0.29612073837965835
2757,1,0.03346216916355243,0.037033784920010825,0.06318283398346598,1.3896220409755258,0.4403049431580699,1.3011382000391725e-8,2.6402258363684146e6,-41.60377861234288,15.0,1.0,0.997479725687744,-41.60377861234288,44.135529152852634,-0.0022189423894971583,-0.7240654004593452,4.0,0.0,0.29612073837965835,0.29612073837965835
2758,1,0.05769607967400887,0.06468419570636756,0.5130679742358536,0.7136414339285079,1.01752093569986,8.7120636480592e-8,2.4533109333133297e6,-41.01114393883341,15.0,1.0,0.7315597226649042,-41.01114393883341,46.850047348146305,-0.10211842344580901,0.8690129675509368,4.0,0.0,0.29612073837965835,0.29612073837965835
2759,1,0.06400762674210389,0.05999263133481026,0.2984185831155151,1.942446317278255,0.3805640455548941,2.3596368557153993e-8,1.774813538019263e7,-44.00661372550373,15.0,1.0,0.6835850021122839,-44.00661372550373,46.31196296190556,0.5753725235737193,2.232029823097797,3.0,0.0,0.29612073837965835,0.29612073837965835
2760,1,0.0580593101917664,0.0731787262582842,0.7731778239400738,1.8750826332821566,1.1545197603977848,7.848703633471278e-8,1.6838660203619383e6,-44.400949761528054,7.0,1.0,0.9519924906911597,-44.400949761528054,46.019051676366644,0.3838032287340525,-0.41623756000295487,3.0,0.0,0.29612073837965835,0.29612073837965835
2761,1,0.06865113560974309,0.054239669541059694,0.7280792828970246,1.8475051807888865,1.0327028906073006,7.202615345553481e-8,2.488992439807958e6,-41.67384343520611,7.0,1.0,1.0,-41.67384343520611,45.03615388121064,-0.8873364661626226,-0.8873364661626226,3.0,0.0,0.29612073837965835,0.29612073837965835
2762,1,0.09470631728529547,0.04355443441834165,0.7718183832246582,0.6114020957711547,0.23460382731442694,4.115438044659318e-8,6.0424264836444175e6,-42.512821009255,15.0,1.0,0.9768748295114604,-42.512821009255,46.78841795281068,0.012417622715119592,0.08834410006903681,3.0,0.0,0.29612073837965835,0.29612073837965835
2763,1,0.046294482105266356,0.031021495360041278,0.7592677347203634,1.4702245790369006,0.4510096414757776,7.148615956097668e-8,4.335272713001425e6,-40.67359210739238,15.0,1.0,0.8775947576812523,-40.67359210739238,44.87180047085129,-0.018176164144655615,0.5023401462774046,4.0,0.0,0.29612073837965835,0.29612073837965835
2764,1,0.038556234397165434,0.07549898402183526,0.39770382209915345,1.577158078842328,1.228593968626832,8.793905323747532e-8,3.6129811101710727e6,-41.60548191625738,15.0,1.0,0.9928565172169678,-41.60548191625738,42.5042453387008,0.01978224606014578,-0.051424918940369935,4.0,0.0,0.29612073837965835,0.29612073837965835
2765,1,0.07865941043883365,0.045134630328331274,0.4454994866488939,1.104942717314036,0.3188359471917634,1.4819709682618468e-8,4.0075146729532136e6,-40.665915038382586,15.0,1.0,0.9924339638881954,-40.665915038382586,43.08156655130654,-0.02820603996917015,0.05718628761666622,4.0,0.0,0.29612073837965835,0.29612073837965835
2766,1,0.037203073446250026,0.022584401547368047,0.8263889763845946,0.8131631337373826,0.9072647952919007,1.0700558181832052e-8,1.2504809640617823e7,-43.25416626536658,7.0,1.0,0.7764017401093699,-43.25416626536658,47.6293002966679,0.08302433803255127,0.9915012891329553,3.0,0.0,0.29612073837965835,0.29612073837965835
2767,1,0.02823543267770908,0.09349034120646917,0.2072967362451881,1.1219753679289979,0.27973523397213457,8.278033660074032e-8,2.4354150965533988e6,-42.959996665869745,15.0,1.0,0.981328341611799,-42.959996665869745,46.18614864478358,-0.07076525224423591,0.14635610457598602,3.0,0.0,0.29612073837965835,0.29612073837965835
2768,1,0.07658139853389713,0.013633483341916195,0.7274981360783076,0.8147500834940135,1.0722825050318003,9.507257773595865e-8,4.621639311411983e6,-43.710281481638816,7.0,1.0,1.0,-43.710281481638816,45.78385107200253,-0.05127005058013623,-0.1304164632517697,3.0,0.0,0.29612073837965835,0.29612073837965835
2769,1,0.05456761748249413,0.09671352859040208,0.11557713712650121,1.9319057600764,0.4064094994815747,1.3631600593404389e-8,3.6703804626600887e6,-44.42841131950879,15.0,1.0,0.9812971442990268,-44.42841131950879,48.64484495010129,0.02137051068996243,0.0572456352327535,4.0,0.0,0.29612073837965835,0.29612073837965835
2770,1,0.06683196478001462,0.09424597064338487,0.0429055330090901,1.9123371056054261,0.2338523539917439,7.373155158944004e-9,1.9132620039181442e6,-43.903803415435064,8.0,1.0,0.6222169962171722,-43.903803415435064,46.05239681739449,0.00284231552721792,1714.3624364023306,3.0,1.0,0.29612073837965835,0.29612073837965835
2771,1,0.05430783048045168,0.08434328177360688,0.1487896439793178,1.909388717623626,1.0920980566519325,3.884755109249083e-8,3.0753574972274723e6,-41.9862299365584,7.0,1.0,0.684594656134801,-41.9862299365584,48.84766111600599,-0.06399891472774755,1039.0156840420775,2.0,1.0,0.29612073837965835,0.29612073837965835
2772,1,0.06815156380555562,0.08150204417444003,0.6677546292041856,0.22685015648204343,0.27304182903830293,3.1704269653372946e-8,6.180042461188995e6,-42.34330369901403,15.0,1.0,0.9828099769135921,-42.34330369901403,45.13556785475311,0.020796369951327165,0.0577585083476535,4.0,0.0,0.29612073837965835,0.29612073837965835
2773,1,0.05193183764134618,0.0252266172861205,0.031429634475024046,1.6563475644725199,0.9926951804951659,6.205176400554584e-8,4.993401579469317e6,-41.95200914821446,15.0,1.0,0.9334382025899627,-41.95200914821446,45.145491869585946,0.004253637944628963,1.1084872966257535,4.0,0.0,0.29612073837965835,0.29612073837965835
2774,1,0.05794383442915397,0.09155410889017138,0.0025602670009101736,0.5696538411322656,1.0792629713217623,2.3550745516744316e-8,619806.8168178283,-43.45751534408756,7.0,1.0,0.9208225710040602,-43.45751534408756,47.12104189502817,0.0851669085932798,0.14858888693734684,3.0,0.0,0.29612073837965835,0.29612073837965835
2775,1,0.06363520613145209,0.02764269991746325,0.13801219667998205,1.6704278119832916,0.7396011064155525,2.7779288214096348e-8,2.0970989083215615e6,-40.57628279086577,7.0,1.0,0.8790643424612626,-40.57628279086577,45.026273911673684,0.06650068824987443,0.9768207732562857,3.0,0.0,0.29612073837965835,0.29612073837965835
2776,1,0.06749260459406044,0.01710895734853214,0.054331923548521614,1.6007715521294288,0.9818613055517856,3.398475286315093e-8,3.930056344129889e6,-41.70799586449993,15.0,1.0,0.3368522223712302,-41.70799586449993,45.200370702243674,0.3614325878485545,1.6561679563451648,3.0,0.0,0.29612073837965835,0.29612073837965835
2777,1,0.06865001052419667,0.032168978097196155,0.6581984509639695,1.817584869183036,1.0587178445291685,4.0228300880319493e-8,3.324153589523128e6,-41.10251808542889,7.0,1.0,0.9959364678141017,-41.10251808542889,43.815031429033155,-0.08897116254940585,-0.0981345526429962,3.0,0.0,0.29612073837965835,0.29612073837965835
2778,1,0.0759481694646968,0.015989660437458236,0.27328105848021583,0.42558251828198934,1.0852581373992811,6.755686899421845e-8,3.618178580159364e6,-41.987175806514955,15.0,1.0,0.9644609560347709,-41.987175806514955,43.2762429231671,0.047061669099143444,0.056786697319409996,4.0,0.0,0.29612073837965835,0.29612073837965835
2779,1,0.08908181091187388,0.025830652635435054,0.3431290484588895,0.1856768732450934,0.8578379247022764,7.072201618169366e-8,5.326654494128129e6,-42.85045609426525,15.0,1.0,0.9872025596095393,-42.85045609426525,44.8489315387248,0.018910662371027342,0.05006771877854277,3.0,0.0,0.29612073837965835,0.29612073837965835
2780,1,0.021487101656388785,0.08622209711192219,0.6334511297531781,1.7041682050864995,0.6270104965453409,3.2006291251659066e-8,5.00352445987608e6,-41.793651518870135,15.0,1.0,0.9991737340741047,-41.793651518870135,43.36979021380612,-0.015948945298902117,-0.09253666518706183,4.0,0.0,0.29612073837965835,0.29612073837965835
2781,1,0.08215923637629817,0.010150555629683288,0.39529243801258407,1.9693472205307934,0.3103654071913045,7.445990237005425e-8,3.3151112945532617e6,-47.84705885697829,15.0,1.0,0.9083664276207766,-47.84705885697829,49.59169380949061,0.10805616289880504,0.125655298982565,4.0,0.0,0.29612073837965835,0.29612073837965835
2782,1,0.04214664601292969,0.010241093124169579,0.10675765184304349,1.9781473376037582,0.5815973956895172,3.8159671293179494e-8,2.3432414403249025e6,-47.261464339678255,15.0,1.0,0.9927043802175225,-47.261464339678255,49.842921908936106,-0.013062359755181774,-0.23422113997870753,3.0,0.0,0.29612073837965835,0.29612073837965835
2783,1,0.07613221230884867,0.01098921806321069,0.48681989285888533,1.9653607201534007,0.48182468778381804,7.05218354071123e-8,5.709947592375273e6,-45.66378824509523,7.0,1.0,0.9492667159952107,-45.66378824509523,49.005577312660954,0.054709386441381014,0.1533542400118435,3.0,0.0,0.29612073837965835,0.29612073837965835
2784,1,0.018816683686094127,0.0996203997434447,0.5627872576900824,0.10936040443110483,1.0229789733188557,2.2740802249697516e-8,5.308041135647208e6,-49.12753289545221,15.0,1.0,0.9811168107632459,-49.12753289545221,51.06749551928017,0.03349107638424442,-0.2454280606287753,4.0,0.0,0.29612073837965835,0.29612073837965835
2785,1,0.065190558853462,0.09940249376191661,0.3512062840204726,0.13825051198524993,1.261326383812867,6.345231590322453e-8,3.6953026185038625e6,-46.59802843029287,7.0,1.0,0.9977347077076072,-46.59802843029287,51.07346076456979,-0.04361708141918541,-0.11410692344791329,3.0,0.0,0.29612073837965835,0.29612073837965835
2786,1,0.07379781789670896,0.0761409921841582,0.6066134193219204,0.10504843285996285,0.6168254356485988,6.235597439989845e-8,8.672082631561298e6,-45.12007990987691,15.0,1.0,0.9733002242218348,-45.12007990987691,49.499986533345954,-0.05630367974350037,-0.12485891352599054,4.0,0.0,0.29612073837965835,0.29612073837965835
2787,1,0.08408735745727332,0.07216953397591509,0.06173346404620202,1.9909429464951607,0.741276379523132,3.6493010546510354e-8,2.6294895179734128e6,-43.6966794561102,15.0,1.0,0.9372527721911627,-43.6966794561102,48.00307748439405,0.053457829474716334,0.5546098027965058,4.0,0.0,0.29612073837965835,0.29612073837965835
2788,1,0.07232392356974457,0.05725841904306877,0.03870264193342114,1.9933187663594032,0.17837141437834508,2.7186471329178114e-8,612912.8922278706,-42.96257512963902,8.0,1.0,0.7503269622778036,-42.96257512963902,45.47012534238526,0.008146996975973764,5731.259010153184,3.0,1.0,0.29612073837965835,0.29612073837965835
2789,1,0.06973452012485139,0.04024024580342626,0.02741369506794698,1.990989728103687,0.3715795145493179,2.73707482041999e-8,463201.4752975431,-41.69073130379782,7.0,1.0,0.3657960336994547,-41.69073130379782,44.82634745260349,-0.008535564742253143,Inf,2.0,1.0,0.29612073837965835,0.29612073837965835
2790,1,0.06973452012485139,0.04024024580342626,0.02741369506794698,1.990989728103687,0.3715795145493179,2.73707482041999e-8,463201.4752975431,-41.69073130379782,9.0,1.0,0.026910605952456552,-41.69073130379782,49.91992238924397,0.0,1022.0847426898429,3.0,1.0,0.29612073837965835,0.29612073837965835
2791,1,0.057337567196653415,0.039084451120711815,0.01581380014848768,1.9934585102028537,0.6108868389503519,2.388560881764738e-8,477763.4947212325,-41.79324601694526,7.0,1.0,0.12444503225195251,-41.79324601694526,43.777514913921635,0.13798138067356547,96.28015747401223,3.0,0.0,0.29612073837965835,0.29612073837965835
2792,1,0.06635923667426373,0.06929504046591987,0.014145099670309504,1.406748445030905,0.607109840825504,2.1980656031311615e-8,465878.9958706025,-37.696500409157096,15.0,1.0,0.3185122363342307,-37.696500409157096,43.270714375249185,-0.00789845973073966,15.05682873306177,3.0,0.0,0.29612073837965835,0.29612073837965835
2793,1,0.06635923667426373,0.06929504046591987,0.014145099670309504,1.406748445030905,0.607109840825504,2.1980656031311615e-8,465878.9958706025,-37.696500409157096,11.0,1.0,0.015135770797834342,-37.696500409157096,40.081903682046175,0.0,Inf,3.0,1.0,0.29612073837965835,0.29612073837965835
2794,1,0.06635923667426373,0.06929504046591987,0.014145099670309504,1.406748445030905,0.607109840825504,2.1980656031311615e-8,465878.9958706025,-37.696500409157096,7.0,1.0,0.1317143559747224,-37.696500409157096,40.15618705417221,0.0,184.0481246142133,3.0,0.0,0.29612073837965835,0.29612073837965835
2795,1,0.071771478421082,0.08079178556011436,0.014779744668299274,1.3010157867838175,0.5479644565058723,2.462538800912355e-8,695149.858336833,-38.75004894466846,4.0,1.0,0.5589663979653667,-38.75004894466846,39.60295280376491,0.02030732904873389,3192.6519072666956,2.0,1.0,0.29612073837965835,0.29612073837965835
2796,1,0.07969380070725,0.08152481992366875,0.010932580783804519,1.1648886604478856,0.8400816980198451,2.9673546937980227e-8,1.0133995039478815e6,-39.96040151909512,5.0,1.0,0.38085239186832903,-39.96040151909512,41.5765387614309,0.06424258906929481,1221.514718653862,2.0,1.0,0.29612073837965835,0.29612073837965835
2797,1,0.05272680001103362,0.010758841223981167,0.08122532122653503,1.3704330233262851,0.14408026851106426,4.5455233106152244e-8,3.221024002553488e6,-44.26164233992809,7.0,1.0,0.9705726847984831,-44.26164233992809,45.352838340185826,-0.11299305911363433,-0.17852412235561843,3.0,0.0,0.29612073837965835,0.29612073837965835
2798,1,0.05184361737993189,0.010499539862167262,0.06250890131359532,1.8030255375969584,0.5440717392646166,6.601582689250078e-8,1.653468136170489e6,-44.07860158143457,15.0,1.0,0.9807676479077204,-44.07860158143457,46.350660968649244,-0.02203193524426439,0.21712806835689236,3.0,0.0,0.29612073837965835,0.29612073837965835
2799,1,0.031249153812431867,0.09864256604235527,0.8533662432149727,0.9288959053726914,1.1401488841222212,1.886432433236254e-8,3.727478383694881e6,-44.410361514376696,15.0,1.0,0.9941125369395619,-44.410361514376696,47.54857941192807,0.00943883791568112,-0.15874113777820043,4.0,0.0,0.29612073837965835,0.29612073837965835
2800,1,0.039402011808603796,0.08109636016276188,0.5691216684249835,1.8733447719934917,1.241273937478929,2.7508183226254702e-8,4.720648194937536e7,-45.84627996935234,15.0,1.0,0.32804264524285026,-45.84627996935234,51.39340491255448,0.33793456122299403,2.6674293678441146,3.0,0.0,0.29612073837965835,0.29612073837965835
2801,1,0.028877307479298488,0.038748587048011464,0.3232185865894269,1.9359301575631458,1.4159567239297586,4.3978857840197646e-8,3.0252474825177644e6,-45.499031941819794,15.0,1.0,0.6776681684990523,-45.499031941819794,50.3263317530386,-0.48953655439127175,7.1807662466080515,3.0,0.0,0.29612073837965835,0.29612073837965835
2802,1,0.023769979948173994,0.07047790976016248,0.2538937693530111,1.9039026085116655,1.4190579086076358,5.025780746879914e-8,5.074942433128087e6,-45.82408009554601,7.0,1.0,0.9871863443905095,-45.82408009554601,46.89383050361158,0.018627720732204978,-0.045052511543978824,3.0,0.0,0.29612073837965835,0.29612073837965835
2803,1,0.09636069579608376,0.044954166013076224,0.7767053611023917,0.7540786849662324,0.45665365795958157,6.53034407051529e-8,2.842943736786749e6,-42.22654166035746,15.0,1.0,0.9979635039123129,-42.22654166035746,48.030503578156434,-0.10497468115094222,-0.17685941624945656,3.0,0.0,0.29612073837965835,0.29612073837965835
2804,1,0.03017668262662474,0.055113564810806204,0.8476535839002924,1.0946742455753486,0.3869177710661394,2.207107670352295e-8,5.991218707566928e6,-41.45110735038657,15.0,1.0,0.9961454184940236,-41.45110735038657,44.5499768422924,-0.02653257433813394,-0.10285132216822745,3.0,0.0,0.29612073837965835,0.29612073837965835
2805,1,0.01020413527896265,0.04386627125056907,0.5838746769566475,1.7545481148195936,1.0701346271484422,6.512583551053996e-8,2.987833291231521e6,-45.536390657893286,7.0,1.0,0.9272292854243099,-45.536390657893286,47.74399988650487,0.07532655692340029,0.11244440131385858,3.0,0.0,0.29612073837965835,0.29612073837965835
2806,1,0.09725682657593558,0.059126191304197745,0.2222718596562089,0.5563904748624227,0.3891056909124998,4.7662139574503056e-8,3.0794823087991667e6,-42.12438240327383,15.0,1.0,0.9988025292489321,-42.12438240327383,46.209194198161036,-0.04853785908394315,-0.1705432030527021,4.0,0.0,0.29612073837965835,0.29612073837965835
2807,1,0.07124829992412604,0.07138242633879709,0.026892509668896964,0.8155172464447465,0.9777775674970505,2.2010523148096403e-8,4.529734754967668e6,-41.52345148065384,7.0,1.0,0.8945538654957677,-41.52345148065384,44.9024257816232,0.03967925343398093,0.5021783081103308,3.0,0.0,0.29612073837965835,0.29612073837965835
2808,1,0.07670894103402721,0.03768782834280287,0.8476339497101616,0.7702337382975506,0.5297630153394663,5.6850334725400316e-8,2.618620422374618e6,-41.1619856851119,15.0,1.0,0.9944784920064736,-41.1619856851119,43.03433944420504,-0.025395427400475512,-0.13048947934370858,3.0,0.0,0.29612073837965835,0.29612073837965835
2809,1,0.05759223297062064,0.05569246769888542,0.7617037600364039,0.6346146312504791,0.8804530837096383,7.114007551997677e-8,1.6409506364491025e6,-42.912227496455415,7.0,1.0,0.4090030062304358,-42.912227496455415,47.96470002207842,1.088420660648353,1.1404193595553025,2.0,0.0,0.29612073837965835,0.29612073837965835
2810,1,0.05417689689853249,0.0393305452125495,0.14034543326194024,1.4745396442464247,0.6073792033104469,4.3771235043320045e-8,5.41523949760777e6,-40.25502616714006,15.0,1.0,0.9118200281974929,-40.25502616714006,44.048411872859525,-0.795809594273301,1.3200401512614661,4.0,0.0,0.29612073837965835,0.29612073837965835
2811,1,0.07332198789700477,0.07844759322563563,0.6230097741746692,1.5394521759176725,0.5893435402936092,8.550597372834143e-8,4.339053779738036e6,-40.88102044410736,15.0,1.0,0.7784874318970727,-40.88102044410736,44.17216562474444,-0.043501097268475064,1.963433871376587,4.0,0.0,0.29612073837965835,0.29612073837965835
2812,1,0.08073748479169258,0.02443328161014984,0.15395366369409122,1.2022800918788048,0.24909437988714536,8.460518289881905e-8,4.681313772117796e6,-41.89156303950899,13.0,1.0,0.7847754095909428,-41.89156303950899,45.37116200273825,0.08908010509275499,19394.904571425315,3.0,1.0,0.29612073837965835,0.29612073837965835
2813,1,0.031035058381591672,0.08406701780972717,0.6028147540651921,1.3646190223057286,1.1167845854291019,1.6876759765100693e-8,4.290843405947586e6,-41.36051943170767,15.0,1.0,0.9762665231964548,-41.36051943170767,44.93531268745322,-0.09478802000288766,-0.3452221911901603,4.0,0.0,0.29612073837965835,0.29612073837965835
2814,1,0.04177883792733324,0.09848111833344919,0.9473339815838149,1.3523388747143723,1.2450312697741435,5.885864170315276e-9,3.239463633363005e6,-47.64866664794024,11.0,1.0,0.8571665770641029,-47.64866664794024,51.13207869028708,0.30913142406806315,-0.7415764712313049,3.0,0.0,0.29612073837965835,0.29612073837965835
2815,1,0.017729806767511194,0.07692196989135469,0.7492574832933181,0.8091538365567406,1.4173230605782088,1.041985688202813e-8,4.552760499459992e6,-45.87362517203211,15.0,1.0,0.9627910739582265,-45.87362517203211,52.654850434284484,-0.08017724200016829,-0.8174125481257519,4.0,0.0,0.29612073837965835,0.29612073837965835
2816,1,0.01292067166966743,0.042062926638754036,0.3987159309202919,1.4433885679454876,1.2629257647769316,4.087149437770032e-8,4.279604098446678e6,-42.64427473032997,7.0,1.0,0.9994697445519348,-42.64427473032997,47.24205606544628,-0.0829396163673195,-0.14699993211756635,3.0,0.0,0.29612073837965835,0.29612073837965835
2817,1,0.09756380802061904,0.026160981155788146,0.4391245943003183,0.7800543005286124,0.25815501652512357,6.17955758568886e-8,3.7682959870839533e6,-42.6588767013575,15.0,1.0,0.9640108590649484,-42.6588767013575,45.00641533966474,0.03369658409044263,0.06970327083173089,4.0,0.0,0.29612073837965835,0.29612073837965835
2818,1,0.08150281078291809,0.028170388450928008,0.18923171142321837,1.2689387439149662,0.2814017685150369,7.471756825990924e-8,3.8387956809248663e6,-41.0083155844657,15.0,1.0,0.9776983734601613,-41.0083155844657,46.21195441308067,-0.04118396464521368,-0.08489017951036715,4.0,0.0,0.29612073837965835,0.29612073837965835
2819,1,0.08956245037383517,0.06759628423847773,0.14716591383755248,0.7712356794508124,1.1368157740967078,1.976023338583727e-8,2.435517057011668e6,-41.476815568230776,15.0,1.0,0.9334578922646457,-41.476815568230776,43.331251904860004,-0.0865905526881221,0.3065585158673514,4.0,0.0,0.29612073837965835,0.29612073837965835
2820,1,0.013413305572395826,0.0525180539743322,0.43429692496286587,1.09205589774992,0.952566331459559,7.601788065005179e-9,8.65218235056855e6,-43.31772094558531,15.0,1.0,0.8433568033284613,-43.31772094558531,45.911444990436515,0.16743631435550554,0.49785300015215483,4.0,0.0,0.29612073837965835,0.29612073837965835
2821,1,0.02345111140270708,0.03446582116504054,0.46972108156204323,0.5795646859793738,1.08344375236713,1.7537908939811005e-8,5.02289298665481e6,-41.463513482763474,7.0,1.0,0.9822750645157947,-41.463513482763474,44.56703183559382,-0.05428792348453726,-0.1711922979761269,3.0,0.0,0.29612073837965835,0.29612073837965835
2822,1,0.08566519200681935,0.025668059662603035,0.08692133688863328,1.074009800177929,0.09681257018860814,2.7438858968134832e-8,2.0310591290597627e6,-42.10399631782114,15.0,1.0,0.9592448877084656,-42.10399631782114,44.9177585704557,0.06321374282158132,0.08482565985757873,3.0,0.0,0.29612073837965835,0.29612073837965835
2823,1,0.08325753645060009,0.020804568057298883,0.07512817130356034,1.1932557597679756,0.1118400287934007,5.2410716262550846e-8,916681.8969982478,-43.05439721712381,3.0,1.0,0.17141366415810624,-43.05439721712381,47.225395658003265,0.6650632664521225,146.60113583580738,2.0,0.0,0.29612073837965835,0.29612073837965835
2824,1,0.08230227163995021,0.025313042096614505,0.03275509337115984,0.9555297646516475,0.0951685854521333,3.635981429738104e-8,1.4664340018348757e6,-41.66479272070293,15.0,1.0,0.9334142008726712,-41.66479272070293,44.54071913993309,-0.4659002305464668,6.714647857594279,4.0,0.0,0.29612073837965835,0.29612073837965835
2825,1,0.084112119112529,0.01580343355504671,0.3912573510062129,0.37958417522904997,0.4163912382393755,3.350442195571733e-8,5.095886565758749e6,-42.345287325932276,14.0,1.0,0.3871396738117025,-42.345287325932276,45.73508154003982,0.06404907985163533,Inf,3.0,1.0,0.29612073837965835,0.29612073837965835
2826,1,0.0259093239179808,0.09570064910574555,0.7085120351086494,1.0064837070959298,1.1323623362675133,7.843058741201573e-8,6.11033001167334e6,-42.87343467950801,15.0,1.0,0.9632449195442774,-42.87343467950801,46.03628744898031,0.04001377394858707,-0.1618199313444535,4.0,0.0,0.29612073837965835,0.29612073837965835
2827,1,0.09749319123580029,0.013844245889110297,0.035092821514948185,1.5035480268657375,1.3929353958594053,6.861343952406634e-8,2.733405043575657e6,-46.544866843391254,15.0,1.0,0.9522812711486774,-46.544866843391254,49.0823444547841,0.08336910052639013,0.18480250273319854,4.0,0.0,0.29612073837965835,0.29612073837965835
2828,1,0.0930604973760759,0.010684091189998704,0.2632512050866256,1.3747151203085393,1.4069534546935971,4.4661043314411625e-8,5.623752884592741e6,-47.195157020799854,15.0,1.0,0.9689026023074903,-47.195157020799854,51.01270875054972,0.07996109438762034,-1.174250540206316,3.0,0.0,0.29612073837965835,0.29612073837965835
2829,1,0.017876660306806548,0.09906659258846179,0.45029292251915876,0.49881538668556125,0.06817553710853862,7.64143894918435e-8,7.186999869869161e6,-46.989769358919844,15.0,1.0,0.9816533946109912,-46.989769358919844,50.13744922739871,0.02429957266494398,-0.34648459007198795,4.0,0.0,0.29612073837965835,0.29612073837965835
2830,1,0.09699429279917866,0.08811640994308384,0.45780094399819793,0.7041872545206389,1.3369172208950328,5.764424424164151e-8,1.0508286539025793e7,-44.628634570412004,15.0,1.0,0.9854657878713169,-44.628634570412004,50.87421994678588,-0.04107974425050287,0.19272665487382312,4.0,0.0,0.29612073837965835,0.29612073837965835
2831,1,0.01480121280376845,0.04223800007796591,0.5119668803289257,1.6083278925023932,0.13338597474982627,3.138164574528773e-8,9.994500345280595e6,-43.70252981331747,15.0,1.0,0.9825904565037398,-43.70252981331747,47.53732492844002,0.019920451084701085,0.18860654908452545,4.0,0.0,0.29612073837965835,0.29612073837965835
2832,1,0.07721560806669049,0.05514417148130487,0.47079662005636486,1.7487519465832777,1.340493930833074,5.052986506803709e-8,1.1025701699453564e7,-42.77932199290616,15.0,1.0,0.9878800185982775,-42.77932199290616,48.75214940856875,-0.11362111051123946,0.13833001172572068,4.0,0.0,0.29612073837965835,0.29612073837965835
2833,1,0.06511500713963253,0.06788535163819995,0.724736773034108,1.4767934537279161,1.1928117354634054,4.1306820882082426e-8,1.4012965561730577e7,-41.95800473048463,7.0,1.0,0.9998400811045229,-41.95800473048463,44.18233318803282,-0.01216703922172968,-0.21028193411012808,3.0,0.0,0.29612073837965835,0.29612073837965835
2834,1,0.02303047484346067,0.043245195262605646,0.2107184546622115,1.630023503680415,0.23583070338969636,1.9008955196038712e-8,1.909698071854231e6,-43.30360480179168,7.0,1.0,0.9729764413391969,-43.30360480179168,44.072024685265504,0.191121317475627,0.191121317475627,3.0,0.0,0.29612073837965835,0.29612073837965835
2835,1,0.07922493733856761,0.021022084891047448,0.05056907616939637,0.7885403371407441,0.5757637473315733,9.287252585696977e-8,1.112330280113336e7,-44.41449981716633,15.0,1.0,0.6523503842457032,-44.41449981716633,48.0089369797293,0.5439855238265352,0.6204739010817519,3.0,0.0,0.29612073837965835,0.29612073837965835
2836,1,0.0775195974202363,0.04804234653148766,0.06704292177331043,0.7487853532917568,0.44860979123162226,9.238947480366876e-8,7.122582476420134e6,-42.689786753087986,15.0,1.0,0.9891001411425581,-42.689786753087986,47.3427907481982,-0.12492102569512298,-0.5649106844291367,4.0,0.0,0.29612073837965835,0.29612073837965835
2837,1,0.07291522179353406,0.06400951586315626,0.9178931774488943,0.771852776559427,0.24513202545373897,1.2778922254215239e-8,2.6932364979423443e6,-43.221585677800434,15.0,1.0,0.9907018407650866,-43.221585677800434,46.52947263674788,0.018800040206429003,-0.6846164399007861,3.0,0.0,0.29612073837965835,0.29612073837965835
2838,1,0.07784821430423432,0.02343648753337737,0.9440347021907523,1.1753373662726674,0.21510141671928754,4.3333281244637735e-8,5.146064981573367e6,-43.8732380757253,7.0,1.0,0.9989669389341985,-43.8732380757253,45.81878996606752,-0.001430829685133972,-0.15144562327031252,3.0,0.0,0.29612073837965835,0.29612073837965835
2839,1,0.028058801936251508,0.08356851641688669,0.7562757045420788,0.6889781305725606,0.8509731191891348,6.60159719046942e-8,3.1814539381893896e6,-41.15222656453399,7.0,1.0,1.0,-41.15222656453399,44.844791028405645,-0.09815112766710143,-0.1438641396035223,3.0,0.0,0.29612073837965835,0.29612073837965835
2840,1,0.0914844737952047,0.05748911100251763,0.6451343188524167,0.9919647775144355,0.7050729814149338,5.470571892341773e-8,1.1328491364524145e7,-41.5420621512536,15.0,1.0,0.8942920344305227,-41.5420621512536,43.49580527765994,0.11368813400412137,0.3147809565792059,3.0,0.0,0.29612073837965835,0.29612073837965835
2841,1,0.0847030989562237,0.07354690689687736,0.924824591991283,1.2895118584975953,0.9042690553714959,9.348551124845117e-8,2.779682925880473e6,-43.765964812264585,15.0,1.0,0.7579748021687363,-43.765964812264585,45.33667355591773,-0.03197295054350491,98.73210846295177,3.0,0.0,0.29612073837965835,0.29612073837965835
2842,1,0.08595355108970273,0.083954326208474,0.8769423557176541,0.9360555124181446,0.33634328950299214,7.096297236169272e-9,9.049816428770766e6,-44.090165637281146,15.0,1.0,0.349423091689543,-44.090165637281146,51.53856991717175,0.7128013927814791,1.743984837888469,4.0,0.0,0.29612073837965835,0.29612073837965835
2843,1,0.08544531945129906,0.06715580479470136,0.41294489532730067,0.5574432605872134,0.21740133500128148,1.3804800107271711e-8,4.57746905800748e6,-41.81332238846013,7.0,1.0,0.99999369422829,-41.81332238846013,45.108781611912676,-0.11421818321511523,-0.11421818321511523,3.0,0.0,0.29612073837965835,0.29612073837965835
2844,1,0.08577748035402229,0.07608195421000015,0.4064618853475112,0.7539859179780783,0.2666719355080628,1.9612758878089884e-8,3.7848239721344262e6,-41.23711521536265,7.0,1.0,0.9995272905592663,-41.23711521536265,42.862966404775634,-0.01510550306995384,-0.06473396011357835,3.0,0.0,0.29612073837965835,0.29612073837965835
2845,1,0.08147880799340317,0.07153880537508343,0.28633869404019197,0.8133323296183669,0.26558843691949074,2.0542482800190514e-8,2.5776341010212814e6,-41.13706318450293,7.0,1.0,0.9840466657708854,-41.13706318450293,42.16081991055874,0.018033743943632885,-0.05555830751966084,3.0,0.0,0.29612073837965835,0.29612073837965835
2846,1,0.0945841198536098,0.08347374644716278,0.6248714773980708,0.9604490708497719,0.2499383116958241,1.3710020683865199e-8,4.805037882206119e6,-42.798064911445834,15.0,1.0,0.9759458230024631,-42.798064911445834,43.52489779442812,0.04627684272264787,-0.07170164792751876,4.0,0.0,0.29612073837965835,0.29612073837965835
2847,1,0.08064037894890216,0.03564901610276344,0.045393937140587724,1.3412973672133839,1.1133457132912148,5.164401189985342e-8,1.4830195754631583e6,-39.83281591286568,31.0,1.0,0.9811594047734243,-39.83281591286568,43.81969959133292,-0.10720600518834544,0.8370648159470022,4.0,0.0,0.29612073837965835,0.29612073837965835
2848,1,0.099508813711437,0.06879126640099001,0.289641791540287,1.0190723190541797,0.8871064802037196,5.807671818729737e-8,2.933799143571079e6,-43.20934015588749,15.0,1.0,0.24731906704742446,-43.20934015588749,45.20295925715934,0.25163903799254683,9.644678810897844,4.0,0.0,0.29612073837965835,0.29612073837965835
2849,1,0.010082183400147354,0.04789060803425199,0.5112947063774942,1.123179394018854,0.47750520003045527,8.654247580488218e-9,3.609995480063722e6,-46.36110540851472,15.0,1.0,0.9738885378604919,-46.36110540851472,47.68057146512429,0.04838896147667526,-0.11874124264332409,4.0,0.0,0.29612073837965835,0.29612073837965835
2850,1,0.09033751145252665,0.06082585683648532,0.4169295309930251,1.0602399266534246,0.9486726652052266,4.741565618727341e-8,7.036247268014475e6,-40.726959518208055,15.0,1.0,0.9800767350703974,-40.726959518208055,47.32384653529536,-0.03480885933394973,-0.13419492083865947,4.0,0.0,0.29612073837965835,0.29612073837965835
2851,1,0.09402130990779786,0.04873375981197478,0.37896812726500806,0.5593876592641434,0.17453895390004134,8.232656601387617e-8,2.6386215449445653e6,-42.75008531065794,7.0,1.0,0.9613103834157061,-42.75008531065794,44.41440612607257,0.012080429762818312,0.14303472076186097,3.0,0.0,0.29612073837965835,0.29612073837965835
2852,1,0.03846076436650218,0.09374883147865129,0.4882572204177327,0.7857584081330021,0.612532763215542,5.370456524061502e-8,7.476388052984184e6,-41.38747952463532,7.0,1.0,0.9819289540828721,-41.38747952463532,44.69465945440766,-0.0036635775826425743,0.07002722103089098,3.0,0.0,0.29612073837965835,0.29612073837965835
2853,1,0.07252759374982219,0.08304399047784751,0.7330441807568346,0.38365911229100025,0.08025098729313794,2.7191936502663933e-8,3.6810932720540725e6,-43.17528954969554,7.0,1.0,0.9485501439413371,-43.17528954969554,45.65381837412413,0.025526500785979067,0.1333923341692298,3.0,0.0,0.29612073837965835,0.29612073837965835
2854,1,0.05896415993831455,0.029928684499995348,0.013662123230059695,1.848332044496802,0.9928525758112924,6.094803138925161e-8,1.2593491717911095e6,-41.24490618303987,15.0,1.0,0.8314478313510496,-41.24490618303987,46.58703995481525,-0.26653779957232615,1.5839894952044986,4.0,0.0,0.29612073837965835,0.29612073837965835
2855,1,0.07584479076659704,0.07264915141096026,0.08818752638029484,1.722163228438596,1.0346214392619777,2.64206961269905e-8,1.3943165320305466e6,-40.605427195179686,7.0,1.0,1.0,-40.605427195179686,44.60341163453083,-0.16534225969795102,-0.19502429333126514,3.0,0.0,0.29612073837965835,0.29612073837965835
2856,1,0.034938119283284816,0.07684593431939658,0.7177409981958988,0.4191755941442329,0.568089579962787,7.300132159089124e-8,3.9727656041270583e6,-41.013587498485535,15.0,1.0,1.0,-41.013587498485535,42.93455118755134,-0.14753379891757135,-0.16614782796497707,4.0,0.0,0.29612073837965835,0.29612073837965835
2857,1,0.09883973657697423,0.0850035891461791,0.1998889881987396,0.45605643839567156,1.0153143125965272,2.5866960451136166e-8,3.051442031405799e6,-44.01689135094877,15.0,1.0,0.8523820331422046,-44.01689135094877,46.63080406483486,0.09302587917973426,1.828314544960385,3.0,0.0,0.29612073837965835,0.29612073837965835
2858,1,0.09952940489770207,0.07000675052677469,0.04353393362445553,0.6028516943319302,1.3009080296415128,1.795014844264698e-8,6.5919473025107235e6,-46.847905710338836,7.0,1.0,0.7566209802315473,-46.847905710338836,48.322404868519776,0.17451590949004725,3.7988064532295667,3.0,0.0,0.29612073837965835,0.29612073837965835
2859,1,0.02571534702107804,0.03306917917663064,0.89735263108187,1.8626806610992854,0.21634623648919007,9.69351104589875e-8,3.902384636020484e6,-45.710392894498995,15.0,1.0,0.9943498491933158,-45.710392894498995,51.298767299408084,-0.07945250361063927,-0.39270776112491035,4.0,0.0,0.29612073837965835,0.29612073837965835
2860,1,0.048086340375587656,0.04208254577433373,0.7588411999839839,1.8320003735996557,0.187496704922988,9.417666168000342e-8,5.176744937403919e6,-43.42800655277427,7.0,1.0,0.9998838685196206,-43.42800655277427,46.33233799885903,-0.056736609683092354,-0.111786078034676,3.0,0.0,0.29612073837965835,0.29612073837965835
2861,1,0.0755647161042618,0.028895800967986537,0.05437964158493952,1.0009842929450348,0.07880339218220114,9.72696120040108e-8,2.0212597000993837e6,-44.848962904056805,15.0,1.0,0.45828921943648154,-44.848962904056805,48.162407487403655,-0.3748236221086074,5.08828237470027,4.0,0.0,0.29612073837965835,0.29612073837965835
2862,1,0.06244314100935898,0.05414641457481749,0.8611137737164969,1.7918342254819302,1.4112664613400527,1.6420765696093224e-8,4.96453331667974e6,-45.04285013684583,15.0,1.0,0.9477819761048913,-45.04285013684583,50.26174888738932,0.04059969693695109,0.23175544138872795,4.0,0.0,0.29612073837965835,0.29612073837965835
2863,1,0.037365582550098184,0.09899911487858021,0.0023948074090092307,1.2462365375193447,1.0887262500275363,6.483266767473062e-8,842125.9139188051,-46.41554724018478,15.0,1.0,0.9126491261940558,-46.41554724018478,51.073511857235296,-1.3144536651503032,-1.3144536651503032,4.0,0.0,0.29612073837965835,0.29612073837965835
2864,1,0.07709221482451224,0.0466541780229201,0.9005720978850128,1.2430351657900747,1.0167485684820785,7.042553229615561e-8,3.3493488665917873e7,-44.40605197540506,31.0,1.0,0.47576524228360245,-44.40605197540506,52.341430773573464,0.5511082802679539,78.69822580456919,4.0,0.0,0.29612073837965835,0.29612073837965835
2865,1,0.024681242714073258,0.09436696984932842,0.8979462412152749,0.677171868779998,0.09741932681847669,8.0681031644421e-8,2.1999231847554687e6,-46.181833646356544,7.0,1.0,0.8993931106793605,-46.181833646356544,49.04959768298018,-0.4423478633339428,0.9059112381984136,3.0,0.0,0.29612073837965835,0.29612073837965835
2866,1,0.08350209562506532,0.013073378275278335,0.2800666453237637,1.4308268392872732,0.8169178365686213,1.5941911614865425e-8,2.4845036965749387e7,-45.19711954204126,15.0,1.0,0.6055080140491633,-45.19711954204126,50.41632137826338,0.7601193579916483,0.8780274555545944,4.0,0.0,0.29612073837965835,0.29612073837965835
2867,1,0.0777827228216112,0.010711824128627015,0.0344961572294501,1.3916185577105624,0.0851417643183877,4.2275722822775265e-8,1.8327972447379015e6,-44.53778164433028,15.0,1.0,0.9118597161842368,-44.53778164433028,50.595443037089034,-0.02762057131767648,0.7961740029553255,3.0,0.0,0.29612073837965835,0.29612073837965835
2868,1,0.05698719355272249,0.09471780335628133,0.5282171030151341,0.5641823970693637,0.9275098543044074,7.47181303257752e-8,3.1889102035860936e6,-41.61392240043216,15.0,1.0,0.8364941426015409,-41.61392240043216,48.64537110764171,0.03288959125993074,0.4761695805974284,4.0,0.0,0.29612073837965835,0.29612073837965835
2869,1,0.06572658642248971,0.07916268549598883,0.16139857585314243,0.42017181356251276,1.0126918678253647,4.535134103522755e-8,1.661614089099641e7,-42.69985158199453,7.0,1.0,0.5785857626924754,-42.69985158199453,46.40023188102291,0.35651857586099567,1.5631035101722546,3.0,0.0,0.29612073837965835,0.29612073837965835
2870,1,0.09190697344904278,0.01075851332387093,0.621479223248469,1.4773621750338568,0.9628905523034585,2.6260264909186947e-8,1.0269737647051655e7,-45.357647960440914,7.0,1.0,0.7427149719780617,-45.357647960440914,49.34383860847022,0.990685902933393,0.990685902933393,3.0,0.0,0.29612073837965835,0.29612073837965835
2871,1,0.06877197731851104,0.09931799029410171,0.13874016033226894,0.8111362441705497,0.5160339563591051,8.840737688614855e-8,2.403347961913819e6,-44.5667125165174,15.0,1.0,0.85975664231299,-44.5667125165174,48.61869674817689,-0.6072594464307386,1.103887428106482,4.0,0.0,0.29612073837965835,0.29612073837965835
2872,1,0.07400642357115408,0.09981344447973428,0.05351319008716984,1.8780485318596445,0.36372102446213483,6.80407525862816e-8,1.9196973609707085e6,-45.79699562026221,15.0,1.0,0.6638146882988453,-45.79699562026221,48.252128092529915,-0.05704988045174275,555.0427689854456,3.0,0.0,0.29612073837965835,0.29612073837965835
2873,1,0.08426191397557031,0.09985751018810952,0.06345070615017061,1.087290212829941,0.11836071629128025,5.5982248647059716e-8,4.56089015004367e6,-47.083926211929054,15.0,1.0,0.8482730747338721,-47.083926211929054,50.2933248127473,0.15993594141492906,0.4989231986889493,3.0,0.0,0.29612073837965835,0.29612073837965835
2874,1,0.07017063048193799,0.040047246653209655,0.9441339989433858,0.7751451215590682,0.6560978800884807,5.079025698716636e-8,5.539977551128675e6,-42.53033192122011,15.0,1.0,0.6652638660764946,-42.53033192122011,50.09834818677041,-0.2182332126188058,2.2355649291293105,4.0,0.0,0.29612073837965835,0.29612073837965835
2875,1,0.03295773266166327,0.0847569745872881,0.007147885316105875,1.4335452201562275,1.0395973394120852,3.336309325187157e-8,657814.6427872437,-43.16082592326398,15.0,1.0,0.8453078390035063,-43.16082592326398,44.96608926556688,-1.0107765436010112,9.620264073505723,4.0,0.0,0.29612073837965835,0.29612073837965835
2876,1,0.044570742399286004,0.0831684321171599,0.002433450681710389,1.5574883329975893,0.6898735656706099,2.1213652853373193e-8,1.3454803913660327e6,-42.53818381142638,15.0,1.0,0.44656527076115526,-42.53818381142638,47.949712247366286,0.03158152840234152,14.867510674458877,4.0,0.0,0.29612073837965835,0.29612073837965835
2877,1,0.02860274742215626,0.07738901679617118,0.006120555857137738,1.8111315683580935,0.8941156148081012,4.5175788796050285e-8,1.1076317832479186e6,-42.8612058635501,7.0,1.0,0.6701743676346587,-42.8612058635501,49.84041629467784,-0.34532966191250125,1.4970848227326314,3.0,0.0,0.29612073837965835,0.29612073837965835
2878,1,0.036076569368193,0.06279492331013102,0.01101918407253729,1.7004894684099814,0.6598648119755346,4.830161748005578e-8,757155.4326305389,-40.656896031407975,7.0,1.0,0.10407528605745482,-40.656896031407975,45.64597928703317,0.34867101088482855,63.866962656510495,3.0,0.0,0.29612073837965835,0.29612073837965835
2879,1,0.06039065008696945,0.0250459139335116,0.06211400430444365,1.6065845796412217,0.4372214421003299,7.550549560338223e-8,1.1862192909847395e6,-41.07146162139918,15.0,1.0,0.27952841558162006,-41.07146162139918,42.92046379674715,-0.4430419069412821,13.707426136172629,3.0,0.0,0.29612073837965835,0.29612073837965835
2880,1,0.040017458982072714,0.024072735842789947,0.02647553866968594,1.828835895572118,0.19603202461889993,7.533676177304536e-8,2.503123189957087e6,-42.856365345547204,31.0,1.0,0.09516414706432758,-42.856365345547204,48.74877752232154,0.616963472486951,4.113229596920739,4.0,0.0,0.29612073837965835,0.29612073837965835
2881,1,0.08328183619809228,0.09474299725433537,0.9273580451600867,1.18418527388141,1.2371844960115124,1.9420852685078598e-8,2.819602984838985e6,-44.828277522264486,15.0,1.0,0.9804958789474277,-44.828277522264486,46.78907662864769,0.06976016674964569,-0.09984493867862909,4.0,0.0,0.29612073837965835,0.29612073837965835
2882,1,0.08066632224162013,0.09523595201091704,0.9424935030121429,1.3908465102257788,1.1182523285909696,4.6668614455928516e-8,1.013317502333296e7,-45.32567190021696,7.0,1.0,0.8285054722568661,-45.32567190021696,47.66585412173615,0.19736101930918437,0.6342606447217634,3.0,0.0,0.29612073837965835,0.29612073837965835
2883,1,0.04004130439910649,0.018299949032066838,0.18250344485343542,0.31185112741043053,0.11758695147451549,3.7766972297459814e-8,2.450434252431629e6,-43.721214816158195,15.0,1.0,0.9882071622025779,-43.721214816158195,47.74160606921268,-0.07876135766966286,-0.2346407495109517,4.0,0.0,0.29612073837965835,0.29612073837965835
2884,1,0.02731601347820843,0.025928251292878325,0.41242530668087324,0.3204691772017374,0.15955037665848812,4.382663732878691e-8,3.6279648093294445e6,-42.36131385436241,7.0,1.0,0.7376488433682373,-42.36131385436241,45.468938810162776,0.23387494174851753,0.5956573521172857,3.0,0.0,0.29612073837965835,0.29612073837965835
2885,1,0.0867448568914427,0.08011009464448707,0.7081536370022372,1.5221853039269497,1.3578480825551946,4.381295633421919e-8,7.461695233465475e6,-43.018067499181726,7.0,1.0,0.9531969336219379,-43.018067499181726,46.510533715630075,0.07677840551882298,0.11267053725487841,3.0,0.0,0.29612073837965835,0.29612073837965835
2886,1,0.08860032336251625,0.08532088123938503,0.6507879866502073,1.5854385686352122,0.8728807251628795,4.375749951347963e-8,2.114440478189203e6,-41.97751378302105,7.0,1.0,0.9961225617884554,-41.97751378302105,44.35350428749374,0.02751721720049005,-0.1774745451065627,3.0,0.0,0.29612073837965835,0.29612073837965835
2887,1,0.02316956023410516,0.02963648330275749,0.1749059859352847,0.31248704240708286,1.0537087384811405,3.298245832652667e-8,3.6291610654147463e6,-42.196851552244425,15.0,1.0,0.9975079800159864,-42.196851552244425,46.26563797573779,-0.12486083784743585,-0.1397286707499532,4.0,0.0,0.29612073837965835,0.29612073837965835
2888,1,0.01511857062883967,0.06305808606232141,0.29296556450552086,0.2448873617333136,0.41089434618560977,3.379611596138615e-8,3.632308108754382e6,-42.741469809464675,7.0,1.0,0.9879748097190537,-42.741469809464675,45.06422202573286,-0.019749807795633956,0.0454055782468572,3.0,0.0,0.29612073837965835,0.29612073837965835
2889,1,0.015959531753591057,0.09038978907662422,0.41821380537364683,0.16546782973443647,0.8268550088624319,7.777778648318426e-8,4.787801919724067e6,-44.200160185382835,7.0,1.0,0.9754371948609961,-44.200160185382835,45.57515921639594,0.040794469986146,0.04599830687352835,3.0,0.0,0.29612073837965835,0.29612073837965835
2890,1,0.03037545731050293,0.013763020360893916,0.5453851883999856,1.9295291144515332,0.5170102958803271,3.218556416577848e-8,5.445324543025005e6,-43.79151220340806,15.0,1.0,0.9932103107708983,-43.79151220340806,47.942349229572756,-0.00782972572791607,-0.049966682102351,4.0,0.0,0.29612073837965835,0.29612073837965835
2891,1,0.07330399291981685,0.02029903266636465,0.8440968651599267,1.9203546073085267,1.1368407538710465,3.8163674020004727e-8,2.669676874231062e6,-43.67477367473204,7.0,1.0,0.946830322754223,-43.67477367473204,46.67516083551904,-0.08667210965641203,0.23350460344300927,3.0,0.0,0.29612073837965835,0.29612073837965835
2892,1,0.059785234146826856,0.017063305523435865,0.0328638371605487,0.7749793546261096,0.3570095047342253,5.348776445256865e-8,1.127241446936538e6,-41.75912777165412,15.0,1.0,0.7207529154772571,-41.75912777165412,47.24756280466194,-0.8968125242067302,18.253657963912495,4.0,0.0,0.29612073837965835,0.29612073837965835
2893,1,0.03357276068730607,0.025139609113668263,0.05213537656744824,1.704216570235509,0.9130312451770783,8.523006962246883e-8,5.0041167280169325e6,-42.75689181663606,15.0,1.0,0.524338373212345,-42.75689181663606,45.67648328270506,0.059602822443913794,47.86185637742028,3.0,0.0,0.29612073837965835,0.29612073837965835
2894,1,0.06001650940078738,0.03651743398771104,0.0463676551321007,1.4205761417270328,1.0002938417594172,9.100316211088438e-8,5.7516933239906775e6,-42.31045551397439,15.0,1.0,0.9849600763389079,-42.31045551397439,44.22550545738473,-0.019097333251338,0.2281557479690548,4.0,0.0,0.29612073837965835,0.29612073837965835
2895,1,0.0448664585180525,0.07188610388168606,0.056430583823134144,1.2485824760549642,0.8525020681262337,8.735939909203133e-8,2.6147164434093703e6,-41.084555645521235,7.0,1.0,0.9922593708109707,-41.084555645521235,42.81798821698237,-0.15376651664015384,-0.15376651664015384,3.0,0.0,0.29612073837965835,0.29612073837965835
2896,1,0.07620606401951585,0.05677040222443522,0.10778560632718005,0.9859676476138927,1.3258961939586953,2.016572403183737e-8,1.6227014705590887e6,-42.07444713038544,13.0,1.0,0.8071000675924845,-42.07444713038544,44.36061318145387,0.19821676588887271,119.65954379431521,3.0,0.0,0.29612073837965835,0.29612073837965835
2897,1,0.06582841467037528,0.03222739093299384,0.18462430997878643,1.2366715099695984,1.2295793420110197,2.019360133272851e-8,3.3608155009928294e6,-40.90823507032507,15.0,1.0,0.8493585078802047,-40.90823507032507,43.535121932930195,0.0853782180773166,0.4853993926317983,3.0,0.0,0.29612073837965835,0.29612073837965835
2898,1,0.0847785072158901,0.09504391211347013,0.07395354132935822,1.4273387316158368,0.15383114934747527,6.161749832081394e-8,3.025999093615862e6,-42.82909788627353,15.0,1.0,0.9388645729129871,-42.82909788627353,44.40789834852572,0.0927077827211562,0.14504091989644508,3.0,0.0,0.29612073837965835,0.29612073837965835
2899,1,0.017683297925317323,0.03528809002571239,0.2922471991867522,1.6352863145260135,0.5395594547455748,4.890364910433678e-9,6.782621012908736e6,-43.46666480040581,15.0,1.0,0.9679645761528999,-43.46666480040581,47.08257815127256,-0.01690340232670451,0.1320763765688966,4.0,0.0,0.29612073837965835,0.29612073837965835
2900,1,0.09021092120416391,0.016176751035435685,0.5810955156292925,0.9991222794778237,0.5106810410733942,9.56743999092194e-8,5.622713312860052e6,-43.610774844071415,15.0,1.0,0.941264022967562,-43.610774844071415,48.35962344302765,0.05299334476543294,0.13250604535537036,4.0,0.0,0.29612073837965835,0.29612073837965835
2901,1,0.09701591852595443,0.017076266871437755,0.5838279942608142,1.1665072113534172,0.5967109002408776,8.766650919017178e-8,9.586700273897877e6,-44.266383461760675,15.0,1.0,0.9770808422076401,-44.266383461760675,45.962309876316425,0.035070189075625535,-0.19723655602074786,3.0,0.0,0.29612073837965835,0.29612073837965835
2902,1,0.09391911455958385,0.013241042537040325,0.4480192114540115,1.8363548200300508,0.6133542610783842,9.100631808002435e-8,8.969925441746343e6,-45.5392499224421,15.0,1.0,0.9638775776790378,-45.5392499224421,47.54132338917732,0.040218919117229746,0.3224153289628404,3.0,0.0,0.29612073837965835,0.29612073837965835
2903,1,0.02648933249230575,0.04343624438295057,0.5235972528698667,0.18353869754400737,1.2322505129027057,3.496544071648411e-8,4.914018603919658e6,-42.623590262816194,15.0,1.0,0.9909516613592333,-42.623590262816194,48.682538920378825,-0.1841003818084488,-0.2871527072602831,3.0,0.0,0.29612073837965835,0.29612073837965835
2904,1,0.08241206426117176,0.022300154647595247,0.2433039730001533,0.20534896782516282,1.3478584160083453,8.441991542958677e-9,3.43894880708714e6,-44.98488483748336,15.0,1.0,0.8498755713775525,-44.98488483748336,48.10744349808546,0.15539950849127138,0.34302574266178,4.0,0.0,0.29612073837965835,0.29612073837965835
2905,1,0.0228879613551609,0.05466903070723842,0.3022506087602642,1.5208429090140152,0.7505075019343287,9.51323026694868e-8,1.0422585345997076e7,-43.00578377000481,15.0,1.0,0.9715529506678215,-43.00578377000481,48.92713511154989,-0.054797911157791646,0.13256662197534297,3.0,0.0,0.29612073837965835,0.29612073837965835
2906,1,0.09380234403342654,0.060091221347911616,0.4261516365822342,0.6758882023269265,0.6436884719417187,3.0525330686057846e-8,7.607166187869274e6,-41.4846584231704,15.0,1.0,0.9822641851470579,-41.4846584231704,44.23132170076376,-0.09336037112716156,-0.20916786199597226,4.0,0.0,0.29612073837965835,0.29612073837965835
2907,1,0.07406560125974718,0.05082517128053539,0.2714915095700265,1.3890162717968446,0.24866290346172842,5.981424510135423e-8,2.865756108876058e6,-40.23556772614948,15.0,1.0,0.8580252406136141,-40.23556772614948,44.42606339111525,-0.2799953860699418,1.1633536161091769,3.0,0.0,0.29612073837965835,0.29612073837965835
2908,1,0.07676927009352227,0.016519411917951372,0.8901305768345167,0.7083916459626961,0.9698540398260874,5.908623131461128e-8,1.1545599272869444e7,-43.556200538902175,7.0,1.0,0.8865499993074228,-43.556200538902175,45.555624171739574,0.13485001156183785,0.3518932622837383,3.0,0.0,0.29612073837965835,0.29612073837965835
2909,1,0.03650453686568224,0.09643745810196257,0.04848611668417717,0.9476173951638747,0.42537614616109215,1.1385297270833753e-8,1.0273456990103815e7,-44.930985828509975,7.0,1.0,0.988072522579246,-44.930985828509975,46.13317421759981,0.0552615335391593,-0.20526738361157015,3.0,0.0,0.29612073837965835,0.29612073837965835
2910,1,0.07576157473872798,0.09593160585833119,0.038311518519877796,1.0482538965774664,0.9590870892272613,2.48884898687335e-8,2.542790230144845e6,-41.88163276336496,7.0,1.0,0.5794108736329913,-41.88163276336496,47.73473744881908,-0.12566454974659536,13.69160169147176,2.0,0.0,0.29612073837965835,0.29612073837965835
2911,1,0.0698610963050276,0.09700004123939773,0.0031526869507441076,1.2503096271596412,0.5274699696615414,1.007424023912554e-8,432677.7784236796,-42.67376157493474,15.0,1.0,0.9744488940652434,-42.67376157493474,45.6135862868211,-0.45857445805589236,-0.45857445805589236,3.0,0.0,0.29612073837965835,0.29612073837965835
2912,1,0.07008029573223203,0.09180113729901311,0.005353172910946051,0.8930193157040713,0.5588436627931804,8.970444776074507e-9,502333.78487220494,-40.74582509055038,3.0,1.0,0.6666666666666666,-40.74582509055038,44.309453257468334,-0.18729104075481473,68.73043180825178,1.0,0.0,0.29612073837965835,0.29612073837965835
2913,1,0.08554397606198899,0.012773613645455689,0.09996840829533957,1.8922651281891112,0.7381347490129758,5.877562573851147e-8,1.189998629007773e6,-42.98841853251989,9.0,1.0,0.8888888888888888,-42.98841853251989,44.33718639153744,-0.9228346202989854,162.16302021864993,3.0,0.0,0.29612073837965835,0.29612073837965835
2914,1,0.07916350293596496,0.04372761094076328,0.025265000757695083,0.7577471392965083,0.1291279989749863,3.176766953547137e-8,850283.2588849973,-41.270865892148215,7.0,1.0,1.0,-41.270865892148215,46.80424134334201,-0.2585111640758342,-0.2585111640758342,3.0,0.0,0.29612073837965835,0.29612073837965835
2915,1,0.07044052242153043,0.06111873156825024,0.0163759786106663,0.8159891912957628,0.11834178980679119,4.660176230777956e-8,1.6708450794988298e6,-41.55751121820561,7.0,1.0,0.2175788919613026,-41.55751121820561,44.65316549711323,0.21077966027718276,37.821512214736266,3.0,0.0,0.29612073837965835,0.29612073837965835
2916,1,0.05694183910399856,0.0772347085561486,0.26920507451910447,1.6719109041019111,0.7514994674024333,2.7416547053321804e-8,3.1048485315294107e6,-40.35083662286824,7.0,1.0,0.8243578664088952,-40.35083662286824,43.22354364159336,0.051545435336670664,1.0926230395221452,3.0,0.0,0.29612073837965835,0.29612073837965835
2917,1,0.09296913749824602,0.06291885046076481,0.6120794545098719,0.7571645699103853,0.5458051848721648,2.347729749602602e-8,1.54237723745579e7,-42.6961878106771,7.0,1.0,0.8009661440818532,-42.6961878106771,44.83735746039408,0.1749149778204142,0.905627669523156,3.0,0.0,0.29612073837965835,0.29612073837965835
2918,1,0.02096517101201558,0.05591912510561392,0.2285774077998367,1.6653306287357366,0.9687502219810893,5.533572852008024e-8,6.1975574036805695e6,-41.38434874140454,15.0,1.0,0.9783336717287651,-41.38434874140454,44.27240710332035,-0.33103878130899034,-0.557257608196835,4.0,0.0,0.29612073837965835,0.29612073837965835
2919,1,0.05913052478618003,0.044021115391297466,0.7561662696897989,0.7740321813409632,0.6077478540816073,3.413050832068928e-8,3.8595040163402176e6,-40.014430724416,7.0,1.0,1.0,-40.014430724416,42.14887718638472,-0.06830880548513818,-0.06830880548513818,3.0,0.0,0.29612073837965835,0.29612073837965835
2920,1,0.0962522467675004,0.041963929459244216,0.3459374724876254,0.5279379240999521,0.6656695801105296,9.409474319561252e-8,1.069093830840802e7,-44.07694273352925,7.0,1.0,0.8831519115261013,-44.07694273352925,45.27044393579002,0.16854758713597562,0.1789214026755701,3.0,0.0,0.29612073837965835,0.29612073837965835
2921,1,0.04579482781535426,0.07761645646624155,0.01219430597579764,1.8333257554648705,0.8656061764791473,6.265169027869589e-9,964158.3179962871,-41.446384715608716,31.0,1.0,0.6310029692950694,-41.446384715608716,46.71963446055834,-0.18224941995554644,49.53692130415241,4.0,0.0,0.29612073837965835,0.29612073837965835
2922,1,0.06612052549210835,0.07484236174065333,0.01820264089897316,1.4504854981024133,0.709943465090642,1.3631528001752929e-8,449630.6446550649,-37.96274096111193,14.0,1.0,0.4301087157415755,-37.96274096111193,42.107101695165895,-0.3526815298070147,1588.502964804592,3.0,1.0,0.29612073837965835,0.29612073837965835
2923,1,0.058720522291714164,0.04149808947640316,0.013855997117294825,1.2453392181676752,0.5100695394278959,3.962870029846036e-8,304767.16900533263,-38.37282819946425,7.0,1.0,0.545849851205847,-38.37282819946425,39.42715546207184,-0.1883818488886675,2269.484400024438,2.0,1.0,0.29612073837965835,0.29612073837965835
2924,1,0.0548674695181465,0.040493105256101766,0.007955836623667667,0.9401786174400061,0.733546448248522,4.206145861570549e-8,858582.0692721468,-39.67362970621023,3.0,1.0,0.5627509985029805,-39.67362970621023,44.101335902882184,-0.11030118568634606,41627.79789425589,1.0,1.0,0.29612073837965835,0.29612073837965835
2925,1,0.0672051748978333,0.030787815883759437,0.008994311098319059,0.9808325274495192,0.6780778973552652,3.24808952613666e-8,674270.6181253542,-39.27963361544991,5.0,1.0,0.3905847173756905,-39.27963361544991,40.8857726283407,0.056709318186129565,3010.0532274730467,2.0,1.0,0.29612073837965835,0.29612073837965835
2926,1,0.0672051748978333,0.030787815883759437,0.008994311098319059,0.9808325274495192,0.6780778973552652,3.24808952613666e-8,674270.6181253542,-39.27963361544991,1.0,1.0,9.768874742717257e-10,-39.27963361544991,43.774778588679375,0.0,20.746649645266352,1.0,0.0,0.29612073837965835,0.29612073837965835
2927,1,0.07556018604478998,0.014326541583143696,0.12145985750670296,1.4846657723900516,1.3403516835699905,2.472882652327074e-8,1.9384525522282051e6,-42.996913847596026,7.0,1.0,0.907914262758826,-42.996913847596026,43.69455777727636,0.14945623833634158,0.15692799004547453,3.0,0.0,0.29612073837965835,0.29612073837965835
2928,1,0.06789273114213691,0.0955553421453703,0.5755054570840158,0.22226119404985278,1.0637711709054367,8.420500710093712e-8,4.2212503430859e6,-43.468295376634856,15.0,1.0,0.6980306536861159,-43.468295376634856,46.9543158914967,0.014619851727474042,Inf,3.0,1.0,0.29612073837965835,0.29612073837965835
2929,1,0.048421690589516786,0.09533766785671363,0.7050462806564244,0.3198529725751851,1.2105865710570332,7.765902623279284e-8,8.244849400460363e6,-43.71087505861614,7.0,1.0,0.9700491184156201,-43.71087505861614,45.12599172279962,0.06641514396463322,-0.10867571582674884,3.0,0.0,0.29612073837965835,0.29612073837965835
2930,1,0.06899043132716236,0.015793707059494073,0.11905075815289702,0.991432250352895,0.23308418265400782,1.009894426800878e-8,6.895469534364152e6,-43.49871797171015,15.0,1.0,0.9980116691268928,-43.49871797171015,46.50637591723856,0.0006862311170934277,-0.10738545927232934,4.0,0.0,0.29612073837965835,0.29612073837965835
2931,1,0.03998943688911372,0.09681208662284847,0.133498291496216,0.2614976651138656,0.305129005931511,1.601833559201716e-8,2.208395684495924e6,-45.08257171982938,15.0,1.0,0.995611642435559,-45.08257171982938,47.555494216259085,0.05605118476434967,-0.13173943847223057,4.0,0.0,0.29612073837965835,0.29612073837965835
2932,1,0.0715735356427134,0.013483715184381143,0.8975231694131746,1.0550166233385359,1.3353409682998487,7.167480916875249e-8,4.97604659132556e6,-44.41838038793624,15.0,1.0,0.9619282599477675,-44.41838038793624,50.42315468175729,-0.0075178784027727374,0.26276653195118627,4.0,0.0,0.29612073837965835,0.29612073837965835
2933,1,0.01832218118655728,0.09721503458004943,0.048214068594210575,1.2143693050986255,0.04211054395495574,5.5675296277609585e-8,2.029813174157318e6,-47.839579472428156,15.0,1.0,0.9617647608675344,-47.839579472428156,49.29776680290278,0.032627146494782266,0.2914799533061654,4.0,0.0,0.29612073837965835,0.29612073837965835
2934,1,0.09115720452311309,0.028319970539399608,0.7584855674737356,0.8185160559956531,0.6948428988662347,7.783949441403416e-8,6.084016575480931e6,-41.82228585679239,7.0,1.0,1.0,-41.82228585679239,48.49412296451017,-0.2839072257341755,-0.3017649623952039,3.0,0.0,0.29612073837965835,0.29612073837965835
2935,1,0.022197445613828394,0.06759613076324895,0.04519961273226488,1.4348560714556953,1.0265293310890657,1.8933487041436175e-8,7.547633915688501e6,-43.085817608622364,23.0,1.0,0.9674964049647587,-43.085817608622364,46.6895542227323,0.050498300198349,0.29974603212248496,4.0,0.0,0.29612073837965835,0.29612073837965835
2936,1,0.08939718283743119,0.06409687166499414,0.7759077667474596,0.793831711785649,0.3781615702918283,4.9711395428923566e-8,1.4435013006930497e7,-42.48821606427846,15.0,1.0,0.9346095840897498,-42.48821606427846,46.585737740304936,0.0804704439526489,0.38332489981625884,4.0,0.0,0.29612073837965835,0.29612073837965835
2937,1,0.06835634795625847,0.035248383030644516,0.7322531467153435,0.4157366005594719,0.8352725522367076,5.646712170594602e-8,2.240545836583463e6,-41.4161205642248,7.0,1.0,0.9941755483905851,-41.4161205642248,43.45392621911517,-0.16785471392989137,-0.16785471392989137,3.0,0.0,0.29612073837965835,0.29612073837965835
2938,1,0.03546289398532167,0.07461707258950738,0.152737439424561,0.821064778948311,0.6775751043297592,5.663906167797825e-8,4.499664885056138e6,-40.3607047507119,7.0,1.0,0.9064241008922819,-40.3607047507119,43.931896674796576,0.015288355153593614,0.16693609501372464,3.0,0.0,0.29612073837965835,0.29612073837965835
2939,1,0.06785117106344027,0.034999365221292066,0.9070346349537003,1.4483121695934633,0.9297844706838443,5.709876356972229e-8,3.826669202373859e6,-41.44136991681913,7.0,1.0,0.9917356169253263,-41.44136991681913,41.962065371516616,0.018788969799842903,-0.05989426320771685,3.0,0.0,0.29612073837965835,0.29612073837965835
2940,1,0.02659793961516297,0.0735543471789136,0.05254090958400761,0.3278910803006889,0.4208647884001461,1.2453802117401556e-8,6.067339443959247e6,-43.65269128053331,7.0,1.0,0.9517269017944658,-43.65269128053331,45.01028674563258,0.10035966545048325,0.10035966545048325,3.0,0.0,0.29612073837965835,0.29612073837965835
2941,1,0.03058040618955376,0.09008003720190731,0.10261960875794528,0.824787463293256,1.2628949687991746,2.7276277622663996e-8,2.2854028440034166e6,-43.032451079465964,15.0,1.0,0.9916451907764583,-43.032451079465964,46.24113841841257,0.0404156849001609,-0.10466417154912477,3.0,0.0,0.29612073837965835,0.29612073837965835
2942,1,0.011726955018457616,0.09897312950363522,0.5367649064865795,1.1320169962537374,0.11207216715185467,6.567781034357059e-8,9.680824907240063e6,-47.416971433993695,15.0,1.0,0.9425129167817692,-47.416971433993695,49.78507741437986,0.12047060524453457,-0.17470130467530254,3.0,0.0,0.29612073837965835,0.29612073837965835
2943,1,0.012615125308748929,0.09872021488586816,0.7195099659966439,0.6356044918882033,0.10132305426759437,5.686934318542223e-8,4.332951652884595e6,-46.577346557387415,7.0,1.0,0.9987410529805846,-46.577346557387415,48.938916773334995,-0.051938778974225386,-0.3718431376479785,3.0,0.0,0.29612073837965835,0.29612073837965835
2944,1,0.0929972467198789,0.01590893256803957,0.2141609468228282,1.3611374619399816,1.3336041537599854,5.3770738359418064e-8,5.476284608005914e6,-43.65723209702308,7.0,1.0,0.9978931861910628,-43.65723209702308,47.32163991085362,-0.011605551154495686,-0.2710506256427294,3.0,0.0,0.29612073837965835,0.29612073837965835
2945,1,0.09786007977066633,0.09233065738514148,0.018188458482405093,1.431326447441538,0.22112196817262778,1.4847500738341864e-9,911454.9498150271,-45.964704635193485,15.0,1.0,0.8918510607662525,-45.964704635193485,49.86702687387915,0.3087233029930303,0.46977496299237487,4.0,0.0,0.29612073837965835,0.29612073837965835
2946,1,0.09971948750763518,0.03686973742581566,0.03589693196358821,0.8214889082844373,0.07822927122102981,4.874591408826926e-9,651789.8111020941,-47.34204849108163,15.0,1.0,0.26211613875302203,-47.34204849108163,50.59218297660542,0.25840488180529775,36.50559124854209,3.0,0.0,0.29612073837965835,0.29612073837965835
2947,1,0.09989122337375218,0.04007451746342401,0.013641510964749581,1.2431800559128083,0.1206852399868503,6.821970264581264e-9,856936.7237845577,-47.1471894075378,7.0,1.0,0.37665647641609307,-47.1471894075378,48.80397390322343,0.33277453652400624,5.702620118124372,3.0,0.0,0.29612073837965835,0.29612073837965835
2948,1,0.09974014064939049,0.07101365156189263,0.019967107482460937,1.0042961014638683,0.16783894570218688,1.3853671319074046e-8,1.6244764235505569e6,-45.433637830001345,3.0,1.0,0.6492039973801099,-45.433637830001345,52.87500330997076,0.053810151500748304,648.8675796733271,1.0,0.0,0.29612073837965835,0.29612073837965835
2949,1,0.09892913448376922,0.07088091544692562,0.06850394917557587,1.23158385883536,0.3295559638244551,2.460151668817534e-8,1.167814909226389e6,-42.657932134470414,7.0,1.0,0.9997813810075389,-42.657932134470414,45.92132745197637,-0.13819531361721005,-0.652775529426215,3.0,0.0,0.29612073837965835,0.29612073837965835
2950,1,0.012150859327053808,0.08785174046433412,0.045206559850071514,1.095581641743334,1.1471875892051306,3.402045147160437e-8,4.278678592396915e6,-44.65023491371548,15.0,1.0,0.8022455131428351,-44.65023491371548,47.75662764858523,0.2921323345314377,0.32666382129895055,4.0,0.0,0.29612073837965835,0.29612073837965835
2951,1,0.0971104503973663,0.07194420272845527,0.8934901900731045,1.3853525844517354,0.03348404472747291,6.044601200163455e-8,4.738952111386023e6,-47.06726192211688,15.0,1.0,0.9638374973295807,-47.06726192211688,51.41599634954808,0.04958430552791526,-0.1395808880826408,3.0,0.0,0.29612073837965835,0.29612073837965835
2952,1,0.08680636617877033,0.05198199865543883,0.5797915617346305,1.3909675204970962,1.2560207289834937,2.8985033649278767e-8,5.202565298486235e6,-41.249741792516375,7.0,1.0,0.994689572671023,-41.249741792516375,48.90408036512118,-0.15745600425885442,-0.21787953291353546,3.0,0.0,0.29612073837965835,0.29612073837965835
2953,1,0.09998678200737798,0.053635796688434004,0.33445949352045856,0.4698087773658589,0.14945876453243498,6.698638555300266e-8,3.345121698334448e6,-48.46553217154772,7.0,1.0,0.9260008914121988,-48.46553217154772,48.98761257343399,0.09295126387877417,0.1046569968151374,3.0,0.0,0.29612073837965835,0.29612073837965835
2954,1,0.011434786442119817,0.07968472073613245,0.9092295104742582,0.3465709515972088,1.2589689650612284,2.1257510746973882e-8,2.2948908407067535e6,-47.095768986272105,15.0,1.0,0.9428610393489102,-47.095768986272105,55.03542009823437,0.06321592740802373,0.397603247814061,4.0,0.0,0.29612073837965835,0.29612073837965835
2955,1,0.0952027752603757,0.07378627938748519,0.16288851302878843,1.8877276923904855,0.3062909793283243,3.659090164391059e-8,8.343947412115427e6,-44.034993468185164,15.0,1.0,1.0,-44.034993468185164,50.09316804006641,-0.1544599954888355,-0.27134135872012166,4.0,0.0,0.29612073837965835,0.29612073837965835
2956,1,0.03877016961032646,0.06423263260742725,0.6002121062918024,0.5137528921963532,0.07159764974162058,4.532381759840123e-8,2.7096337745237e6,-42.436286534903935,15.0,1.0,0.5779456569582516,-42.436286534903935,49.92614722949978,-0.17916493577413206,5.451439514411462,3.0,0.0,0.29612073837965835,0.29612073837965835
2957,1,0.09140632949862544,0.04224166654765227,0.49220540585490913,0.7837111670275626,1.3805013542467093,6.028959674789038e-8,6.618278723177446e6,-42.90490778271259,15.0,1.0,0.7006615269767517,-42.90490778271259,46.605704721957174,0.42338420129748044,0.6765031300366289,4.0,0.0,0.29612073837965835,0.29612073837965835
2958,1,0.09188976339379408,0.0939425773811682,0.4657994545435775,0.5897924906621004,0.2546411407970325,2.6361898022010464e-8,3.0960183381071445e6,-42.960649257526484,15.0,1.0,0.9792935532550124,-42.960649257526484,46.277389467975524,-0.03623141912717642,-0.0758438493556568,4.0,0.0,0.29612073837965835,0.29612073837965835
2959,1,0.08629107591196554,0.08222694646456762,0.6353344903919591,0.7505566201111359,0.4920445642324051,2.7670421819148584e-8,4.728949975038796e6,-41.008825115157066,3.0,1.0,0.9259968119374004,-41.008825115157066,43.98030691891638,-0.015658212875898414,0.25104104817982176,2.0,0.0,0.29612073837965835,0.29612073837965835
2960,1,0.02435111398258706,0.030480899244502216,0.2873562499500496,1.1823857793873582,0.9363938090405054,2.7178475895105908e-8,2.0346191147649416e6,-41.900963529772184,7.0,1.0,0.936952459111293,-41.900963529772184,43.68384523750779,0.2167496127378996,0.2167496127378996,3.0,0.0,0.29612073837965835,0.29612073837965835
2961,1,0.08436784973617582,0.040957479265544716,0.7497358762930496,1.178104246227676,0.1313064637190256,5.4456650118986315e-8,5.930473926031586e6,-41.829378243759635,15.0,1.0,0.9942827232963892,-41.829378243759635,44.626658940637256,-0.014559074105832792,-0.27581949975301256,4.0,0.0,0.29612073837965835,0.29612073837965835
2962,1,0.07299679461907982,0.05421139438919366,0.37373673971417437,0.7273613461745871,0.17134836482579086,2.3985534748633984e-8,3.876032161848829e6,-40.87039770074446,7.0,1.0,1.0,-40.87039770074446,42.78531693172098,-0.053760893451446634,-0.060168921299990075,3.0,0.0,0.29612073837965835,0.29612073837965835
2963,1,0.06867534733597391,0.05302826561385698,0.6156438815071205,0.7553455018510264,0.27865202882488954,3.401436293365123e-8,3.6407157815023544e6,-40.21807403089939,15.0,1.0,0.9946454915140497,-40.21807403089939,42.02895713379646,-0.018154573812289243,-0.05422520635459449,4.0,0.0,0.29612073837965835,0.29612073837965835
2964,1,0.08983838443336668,0.013203531844380827,0.06344371381532855,1.3217683012419177,0.7454871959514379,6.877983033354816e-8,2.7337966037203665e6,-42.3898826671714,7.0,1.0,0.9243786778599512,-42.3898826671714,43.850015678139265,0.10318552821915006,0.10953630950064763,3.0,0.0,0.29612073837965835,0.29612073837965835
2965,1,0.09202046874997225,0.017624901471187622,0.03469622153292755,1.7967134840373822,0.054643577777792586,2.6518458502044402e-8,1.7347990380894225e6,-44.66086714356094,15.0,1.0,0.4569067396583597,-44.66086714356094,47.94480026151108,-0.14666101731776138,6.942169028578299,3.0,0.0,0.29612073837965835,0.29612073837965835
2966,1,0.08429954426959618,0.016476271418273014,0.1522612467112905,1.6215895284469042,0.04325732294521521,3.7183989810298595e-8,1.8205974567664263e6,-44.4388348909861,7.0,1.0,0.748559884310253,-44.4388348909861,46.08140865298642,-0.006402323754109318,22.86383352315282,3.0,0.0,0.29612073837965835,0.29612073837965835
2967,1,0.0400301593622474,0.07030811261943293,0.1668940552166678,0.5353052474239046,1.4101128909036338,4.973896783465728e-8,2.477926363221989e6,-43.81396499249165,15.0,1.0,0.7859978411404336,-43.81396499249165,51.81220500007324,-0.2762703720253725,8.202607353585663,4.0,0.0,0.29612073837965835,0.29612073837965835
2968,1,0.046515291607974636,0.08373454739752728,0.016270841317572844,1.3664788575369398,1.4243390225221095,5.789144504025022e-8,3.8922184626695034e6,-46.473526930046106,23.0,1.0,0.30435030296692134,-46.473526930046106,47.98372053541487,-0.030451064891011015,60.074259728154566,4.0,0.0,0.29612073837965835,0.29612073837965835
2969,1,0.06630368444461258,0.05044619960987473,0.0028742101371848324,1.2092398610931774,1.402268873568076,2.6580817054211097e-8,578672.5583934824,-42.71371715591125,9.0,1.0,0.8324160434518747,-42.71371715591125,50.455844565926704,-0.6506063843414864,177.7750859266112,3.0,0.0,0.29612073837965835,0.29612073837965835
2970,1,0.06630368444461258,0.05044619960987473,0.0028742101371848324,1.2092398610931774,1.402268873568076,2.6580817054211097e-8,578672.5583934824,-42.71371715591125,3.0,1.0,0.17199150979708286,-42.71371715591125,52.43223373478488,0.0,142.51505063364777,2.0,0.0,0.29612073837965835,0.29612073837965835
2971,1,0.07988486606656069,0.0314169255066599,0.0826790167793347,1.1449983842554208,1.3353359477200712,4.7162299645758075e-8,1.4275016066215944e6,-41.66748121264252,15.0,1.0,0.937099375547778,-41.66748121264252,47.965389552054724,0.20524115328327497,1.4186533184021073,3.0,0.0,0.29612073837965835,0.29612073837965835
2972,1,0.07582369856835296,0.042739187238655614,0.10825412857239354,1.4473541738325935,1.1586798698090193,7.33744468053518e-8,5.168767925237658e6,-41.10098866430405,7.0,1.0,0.4981482799799855,-41.10098866430405,45.367463660492405,0.6421363857762543,0.8044094832597395,3.0,0.0,0.29612073837965835,0.29612073837965835
2973,1,0.06743378233819959,0.04486558076937968,0.7921121953528626,1.233286104484839,1.1783715440246074,4.4718100854498295e-8,1.893912280604575e7,-42.46062253174202,11.0,1.0,0.683227399775733,-42.46062253174202,44.271387829938526,0.012109128684635095,34.62659313001491,3.0,0.0,0.29612073837965835,0.29612073837965835
2974,1,0.05944288941314846,0.06124473249153946,0.004731491069481762,1.6955494923941512,0.6219929500791176,5.272143287019638e-8,2.6359992359163975e6,-42.73475590685612,15.0,1.0,0.7402135854678721,-42.73475590685612,44.74179738429595,-0.46218956228686636,7.764929473408017,4.0,0.0,0.29612073837965835,0.29612073837965835
2975,1,0.05426842816595682,0.04757599802621814,0.2015274248304695,0.2382818385585329,0.49366856426779243,3.8839799079448886e-8,3.7164653083409187e6,-41.159662898427385,15.0,1.0,0.8415363409563529,-41.159662898427385,45.239708890630006,0.009149682794216574,8.543003984853108,4.0,0.0,0.29612073837965835,0.29612073837965835
2976,1,0.06030569267155867,0.018858513045322017,0.2437599837477543,0.12721622808270427,0.348088573385689,1.068005564663958e-8,6.027027419648801e6,-45.02277426146701,7.0,1.0,0.9268944881491584,-45.02277426146701,45.5868394797203,0.12369897621980641,0.12369897621980641,3.0,0.0,0.29612073837965835,0.29612073837965835
2977,1,0.05579263231752727,0.013687183260313963,0.25232866587447667,0.1874075919583136,0.3449460922594222,1.4028025933987515e-8,3.8670360758109693e6,-44.15963501185316,7.0,1.0,0.9995551550838769,-44.15963501185316,46.23459804964132,-0.026913956209085654,-0.18118590474252017,3.0,0.0,0.29612073837965835,0.29612073837965835
2978,1,0.06283254697566257,0.08977595053132083,0.6797111349620595,0.9098276795661219,0.7358896526816202,5.980247970994207e-8,2.34987498821471e6,-41.16045434981842,7.0,1.0,0.9541139241032528,-41.16045434981842,46.55234551179008,-0.006387125147462314,-0.13010189035375674,3.0,0.0,0.29612073837965835,0.29612073837965835
2979,1,0.08641290390604209,0.02534132668358295,0.757427578228382,0.32088196016964804,0.3162569696717712,7.470301843798848e-8,1.096094756836933e7,-43.5244014675103,15.0,1.0,0.9445843055118218,-43.5244014675103,44.52051660604142,0.1142752608277533,0.19641906205406912,3.0,0.0,0.29612073837965835,0.29612073837965835
2980,1,0.020847653511970807,0.013965626380727758,0.4594316836862768,0.384788828545089,0.9260081864945833,2.6354588258698097e-8,2.628640652598143e6,-43.36816291616985,15.0,1.0,0.970814885704516,-43.36816291616985,47.75781091119686,-0.14736369547373585,0.22461715284003958,4.0,0.0,0.29612073837965835,0.29612073837965835
2981,1,0.07364997761164463,0.013748655715035597,0.9089664746376885,0.5139045240154313,0.6464249813359167,5.611716693353541e-8,1.780830753551823e7,-45.12230558043453,15.0,1.0,0.5759932243879339,-45.12230558043453,48.26193245054918,0.3732920287520187,1.1032060749099486,4.0,0.0,0.29612073837965835,0.29612073837965835
2982,1,0.05793446962539129,0.060690976176789035,0.9593273306068997,0.3104106203713216,0.9899150275969367,2.237473091338693e-8,7.344463917309131e6,-47.122191189293176,7.0,1.0,0.9765855007578674,-47.122191189293176,51.67178090925804,-0.0973596630373379,-0.2517158605719416,3.0,0.0,0.29612073837965835,0.29612073837965835
2983,1,0.08764286065124831,0.036834365522144634,0.9549013718487125,0.9532477702881799,0.4854039881622622,3.892286998890804e-8,2.563128824768256e6,-44.64367846385097,15.0,1.0,0.9284355084175261,-44.64367846385097,48.820940012320634,-0.0037026210673971605,0.5913588403435668,3.0,0.0,0.29612073837965835,0.29612073837965835
2984,1,0.08764286065124831,0.036834365522144634,0.9549013718487125,0.9532477702881799,0.4854039881622622,3.892286998890804e-8,2.563128824768256e6,-44.64367846385097,3.0,1.0,0.09033779966532875,-44.64367846385097,47.27317000518123,0.0,2.6955836999247396,2.0,0.0,0.29612073837965835,0.29612073837965835
2985,1,0.09470298076927543,0.07012138292891104,0.8956384668285655,0.9515212560627215,0.5393425159942892,5.334361719299777e-8,4.940079780854476e6,-42.462096209650625,7.0,1.0,1.0,-42.462096209650625,46.74478624539343,-0.06606009013368919,-0.17377722549498742,3.0,0.0,0.29612073837965835,0.29612073837965835
2986,1,0.04068564593551206,0.0717333661154637,0.6249801791741066,0.17556316473222122,0.6792810981768936,4.866463706880064e-8,7.605634137974149e6,-42.04857943825223,15.0,1.0,0.9733752418317055,-42.04857943825223,46.997413735322084,-0.03540453210273142,0.1302059788686165,3.0,0.0,0.29612073837965835,0.29612073837965835
2987,1,0.023351726068398526,0.063226171873322,0.5121383515306803,0.1673899416423153,0.5766226545945708,5.5040921045241685e-8,4.629958951096719e6,-42.16665372387066,7.0,1.0,0.9922862398829918,-42.16665372387066,43.046694447576236,-0.025083269726074775,0.05550882074020791,3.0,0.0,0.29612073837965835,0.29612073837965835
2988,1,0.07194366089731406,0.0339426397799609,0.3672583582425648,0.44864608101795533,0.6332396193325475,1.7204583705785214e-8,5.731445719644858e6,-41.00631890574388,15.0,1.0,0.9857175269351115,-41.00631890574388,43.44336899634721,0.008184376161715079,0.06544569125854593,3.0,0.0,0.29612073837965835,0.29612073837965835
2989,1,0.039676546845890774,0.03434854828603085,0.6386576656656617,1.0389820197259703,0.9604123325255892,8.549745393789065e-8,4.538357574933509e6,-40.62386958078564,15.0,1.0,0.9858683430195636,-40.62386958078564,43.02477937181899,-0.01951629188116044,0.06029481289819216,4.0,0.0,0.29612073837965835,0.29612073837965835
2990,1,0.052283645905995324,0.07520112521524105,0.7120644274864336,0.7718308464435455,0.46142861797645185,5.5616625219601554e-8,3.610434631075824e6,-40.1046607371744,7.0,1.0,0.9991085623398975,-40.1046607371744,41.353718081220244,-0.010457816230790229,-0.01705951231273417,3.0,0.0,0.29612073837965835,0.29612073837965835
2991,1,0.042691887454377145,0.0826103789086527,0.7202395068167765,0.3269181921585421,0.6417174500962386,8.20514150522883e-8,5.534783588879769e6,-41.7372566255416,7.0,1.0,0.9738787088033428,-41.7372566255416,42.337306305551564,0.05512126507345272,0.05613615584935161,3.0,0.0,0.29612073837965835,0.29612073837965835
2992,1,0.012049159144184082,0.01900437187091405,0.18042058061209898,0.7814210738488351,0.13153507720886273,7.723528695297827e-8,4.643244314873171e6,-44.99009127367697,7.0,1.0,0.923593500176575,-44.99009127367697,46.688689881686095,0.11331950405039493,0.13011366721301698,3.0,0.0,0.29612073837965835,0.29612073837965835
2993,1,0.013954531532745396,0.014030379082075882,0.7089914837447696,0.700584847557207,1.2778424615366273,7.216011613636613e-8,9.865218885921985e6,-45.27944155847504,15.0,1.0,0.9605635088052639,-45.27944155847504,49.058342977872286,0.13485858367340597,0.2256472995972345,3.0,0.0,0.29612073837965835,0.29612073837965835
2994,1,0.04451702035400795,0.07947694306305393,0.13433080594410443,0.94324600424926,0.6401348218073407,5.523304522014901e-8,3.1178532933586575e6,-40.239832327586555,7.0,1.0,0.9896984664046411,-40.239832327586555,47.68153522345158,-0.14408500183632356,-0.21201477658797074,2.0,0.0,0.29612073837965835,0.29612073837965835
2995,1,0.04060448327088043,0.08685448776479392,0.41093633988553246,0.9474114475843155,0.2745174121819688,3.575758514644646e-8,6.339979347069606e6,-41.041781497290756,15.0,1.0,0.9742373542033204,-41.041781497290756,41.84511636458969,0.04133451496866769,0.06822791711739029,4.0,0.0,0.29612073837965835,0.29612073837965835
2996,1,0.03059093345249316,0.08743835016276355,0.4521013863858025,1.6273112596797927,0.6180881157875071,7.899859794481225e-8,3.1701948245751415e6,-41.36554359869169,15.0,1.0,0.9961040396921913,-41.36554359869169,42.27044915466888,-0.02584793531121221,-0.0581988879380404,4.0,0.0,0.29612073837965835,0.29612073837965835
2997,1,0.03449471754807075,0.04902618116044822,0.5344826967574848,0.5959103929220521,0.48441018083812953,8.019367338847509e-8,2.8352952140069064e6,-40.702471451385975,15.0,1.0,0.91413831740444,-40.702471451385975,45.73095244020253,-0.07300716925095685,0.23185500532500924,3.0,0.0,0.29612073837965835,0.29612073837965835
2998,1,0.07220982573357582,0.03958669262972812,0.05239257746208244,0.7257820533122978,0.8004256204635067,5.4329764534128435e-9,1.4345880817826299e7,-44.19421380165999,15.0,1.0,0.5212785659506444,-44.19421380165999,46.22435716781115,0.6964475829024153,1.4866483265636816,4.0,0.0,0.29612073837965835,0.29612073837965835
2999,1,0.04134896943764717,0.032641195101032854,0.9453490164452328,1.4498897442894636,1.0956663117764993,9.719293895737903e-8,2.7586100423487383e6,-45.470606183735384,13.0,1.0,0.8655551873805282,-45.470606183735384,49.60068336747572,-0.23928889974317968,21290.57815874592,3.0,1.0,0.29612073837965835,0.29612073837965835
3000,1,0.07627056939046671,0.04589802355445626,0.022339949139171953,0.7204169814890388,0.5671478168063129,1.7242804089325145e-8,2.2448053177262745e6,-40.73690040451612,15.0,1.0,0.9934988998409973,-40.73690040451612,48.44800628836738,-0.22654141890508583,-0.2340761094384547,4.0,0.0,0.29612073837965835,0.29612073837965835
3001,1,0.08590269905601704,0.05428822366085644,0.06295460264547897,0.6384977213890898,0.9798488173595215,2.4129039438384807e-8,2.0634502270356547e6,-40.92532941881373,7.0,1.0,0.8161196432047552,-40.92532941881373,41.96900667069726,-0.0331482944183179,109.67547148979224,2.0,0.0,0.29612073837965835,0.29612073837965835
3002,1,0.0775340766935104,0.09458253419123694,0.05700318617873748,1.729959038845155,0.2449663911013711,3.3467536423476104e-8,603589.9501312322,-42.68997773066238,7.0,1.0,0.5313073109988521,-42.68997773066238,44.260885435769076,0.24114291731793713,2.8348871630309276,3.0,0.0,0.29612073837965835,0.29612073837965835
3003,1,0.0790361203837376,0.09007773888164136,0.03905825418295504,1.8956825612938804,0.45946089487219843,5.1240812635835005e-8,1.2671768417144194e6,-41.4669086562251,15.0,1.0,0.8670436634117382,-41.4669086562251,43.60993408922448,-1.1106198695748617,8.527611502357537,4.0,0.0,0.29612073837965835,0.29612073837965835
3004,1,0.07252079437891634,0.07829621262216474,0.02363423327860623,1.8653797532032326,0.4624125831208899,4.3355564335703054e-8,1.2072030066193466e6,-40.59411911804551,7.0,1.0,0.32585941416961417,-40.59411911804551,42.990427225348625,0.11327385314015004,4.313899697799769,3.0,0.0,0.29612073837965835,0.29612073837965835
3005,1,0.05617767078657041,0.08551294594394512,0.0102621525829663,1.4512967287939305,0.6867437035925187,4.2245418427589504e-8,900704.3034723586,-39.58913824418124,12.0,1.0,0.7886868372486934,-39.58913824418124,42.04732042591035,-0.05103517405150626,4273.675969300843,3.0,1.0,0.29612073837965835,0.29612073837965835
3006,1,0.05565244848478419,0.09183011558340012,0.015223769949048949,1.810702327135823,0.8390717590343125,2.976417480680038e-8,683100.088500167,-39.98864348688914,7.0,1.0,0.28222476385737194,-39.98864348688914,45.06932716664439,0.04753478193975269,988.1975358487773,3.0,0.0,0.29612073837965835,0.29612073837965835
3007,1,0.05565244848478419,0.09183011558340012,0.015223769949048949,1.810702327135823,0.8390717590343125,2.976417480680038e-8,683100.088500167,-39.98864348688914,2.0,1.0,0.011786748622999523,-39.98864348688914,44.0193872847392,0.0,2183.3569866603225,1.0,1.0,0.29612073837965835,0.29612073837965835
3008,1,0.04914405175805331,0.06902140848243554,0.014264068625170132,1.4684886669874915,0.18141928639109323,2.067473686829885e-8,500377.3957818113,-38.90436230809633,7.0,1.0,0.9918521249472967,-38.90436230809633,41.876575383333495,-0.036281516534664604,-0.15374512091515413,3.0,0.0,0.29612073837965835,0.29612073837965835
3009,1,0.04914405175805331,0.06902140848243554,0.014264068625170132,1.4684886669874915,0.18141928639109323,2.067473686829885e-8,500377.3957818113,-38.90436230809633,47.0,1.0,0.0007454562982520956,-38.90436230809633,40.98400886874812,0.0,250.69775591738102,5.0,0.0,0.29612073837965835,0.29612073837965835
3010,1,0.04914405175805331,0.06902140848243554,0.014264068625170132,1.4684886669874915,0.18141928639109323,2.067473686829885e-8,500377.3957818113,-38.90436230809633,8.0,1.0,0.053056726102494435,-38.90436230809633,41.21770247819056,0.0,Inf,3.0,1.0,0.29612073837965835,0.29612073837965835
3011,1,0.04914405175805331,0.06902140848243554,0.014264068625170132,1.4684886669874915,0.18141928639109323,2.067473686829885e-8,500377.3957818113,-38.90436230809633,1.0,1.0,2.615646578628279e-19,-38.90436230809633,41.62549547117557,0.0,42.78760544233147,1.0,0.0,0.29612073837965835,0.29612073837965835
3012,1,0.06677203654804675,0.06059714964749804,0.008901439529419016,1.2958954505179607,0.23581547711982223,1.7375132285930676e-8,330295.7660135372,-38.530127891486565,5.0,1.0,0.24365481401242048,-38.530127891486565,40.92605964287469,0.460662363843646,3364.973977715605,2.0,1.0,0.29612073837965835,0.29612073837965835
3013,1,0.06519276492168441,0.0648717293498792,0.01461022158957739,1.0780906677877535,0.47429086154445604,2.787605505949e-8,221024.89634751208,-38.85110695781829,3.0,1.0,0.3338853418759998,-38.85110695781829,40.78921660929875,-0.1633262693641342,84.18753635169625,2.0,0.0,0.29612073837965835,0.29612073837965835
3014,1,0.06519276492168441,0.0648717293498792,0.01461022158957739,1.0780906677877535,0.47429086154445604,2.787605505949e-8,221024.89634751208,-38.85110695781829,3.0,1.0,0.10137645412844472,-38.85110695781829,41.82882432598137,0.0,1982.8915974069887,1.0,1.0,0.29612073837965835,0.29612073837965835
3015,1,0.06602535724124207,0.08558687926006908,0.004944286275248953,1.1109154837341533,0.6054841116792045,1.582757350454625e-8,217397.74782526097,-38.400009386216546,7.0,1.0,0.27734229226356255,-38.400009386216546,42.10239838747912,-0.17901657265143456,36.90371499304947,3.0,0.0,0.29612073837965835,0.29612073837965835
3016,1,0.06602535724124207,0.08558687926006908,0.004944286275248953,1.1109154837341533,0.6054841116792045,1.582757350454625e-8,217397.74782526097,-38.400009386216546,1.0,1.0,5.751853108766931e-94,-38.400009386216546,46.59965388053675,0.0,214.69347665876646,1.0,0.0,0.29612073837965835,0.29612073837965835
3017,1,0.06602535724124207,0.08558687926006908,0.004944286275248953,1.1109154837341533,0.6054841116792045,1.582757350454625e-8,217397.74782526097,-38.400009386216546,1.0,1.0,5.595053464553781e-16,-38.400009386216546,41.98748463125686,0.0,35.11947859041281,1.0,0.0,0.29612073837965835,0.29612073837965835
3018,1,0.06602535724124207,0.08558687926006908,0.004944286275248953,1.1109154837341533,0.6054841116792045,1.582757350454625e-8,217397.74782526097,-38.400009386216546,3.0,1.0,0.09631003079622989,-38.400009386216546,41.28113197877238,0.0,1672.5492073000626,1.0,1.0,0.29612073837965835,0.29612073837965835
3019,1,0.05579039101630534,0.09201236395732539,0.007927600432271897,0.9975390059730715,0.8090766187131507,2.116557315105158e-8,293617.8477627387,-39.16558392856476,15.0,1.0,0.3026837909506146,-39.16558392856476,40.444311534843386,0.10099267070276596,16.67603268660946,4.0,0.0,0.29612073837965835,0.29612073837965835
3020,1,0.05579039101630534,0.09201236395732539,0.007927600432271897,0.9975390059730715,0.8090766187131507,2.116557315105158e-8,293617.8477627387,-39.16558392856476,3.0,1.0,7.720661112724064e-9,-39.16558392856476,42.3205430789726,0.0,97.21846019429825,2.0,0.0,0.29612073837965835,0.29612073837965835
3021,1,0.05579039101630534,0.09201236395732539,0.007927600432271897,0.9975390059730715,0.8090766187131507,2.116557315105158e-8,293617.8477627387,-39.16558392856476,3.0,1.0,0.00238674120699463,-39.16558392856476,42.209552127269255,0.0,163.29136432791,2.0,0.0,0.29612073837965835,0.29612073837965835
3022,1,0.07489318042248949,0.09370820825046494,0.0097173900427797,1.266392704115102,0.7359783829708038,9.795726054289985e-9,282133.3938376557,-39.538138905713716,7.0,1.0,0.3023764083257378,-39.538138905713716,42.23633917411976,0.7553709376901807,14.514253176323507,3.0,0.0,0.29612073837965835,0.29612073837965835
3023,1,0.06103559250538644,0.09726650968880272,0.005648375130737243,1.1798352945014416,0.597390866407867,1.0100659965753642e-8,279377.81608144107,-39.97426812998153,8.0,1.0,0.12500000000260636,-39.97426812998153,41.87147445070595,-0.30129250117712303,Inf,3.0,1.0,0.29612073837965835,0.29612073837965835
3024,1,0.06103559250538644,0.09726650968880272,0.005648375130737243,1.1798352945014416,0.597390866407867,1.0100659965753642e-8,279377.81608144107,-39.97426812998153,3.0,1.0,0.5478379490711736,-39.97426812998153,41.653589293956664,0.0,896.7676091837504,1.0,0.0,0.29612073837965835,0.29612073837965835
3025,1,0.07870000131588997,0.09885665088911351,0.012775359277126613,1.27903543199556,1.1224687387000123,9.838572173610613e-9,216765.56298425622,-41.9662349063993,7.0,1.0,0.23815588312651143,-41.9662349063993,42.85917346965775,0.6728257403342184,179.18003319675955,3.0,0.0,0.29612073837965835,0.29612073837965835
3026,1,0.07870000131588997,0.09885665088911351,0.012775359277126613,1.27903543199556,1.1224687387000123,9.838572173610613e-9,216765.56298425622,-41.9662349063993,7.0,1.0,1.4875109054994385e-5,-41.9662349063993,50.592624998810265,0.0,38.533491197317474,3.0,0.0,0.29612073837965835,0.29612073837965835
3027,1,0.07061968672589863,0.09780149484757834,0.009435618843980167,1.1141340618798443,1.1717440548935572,9.223457808950995e-9,227425.3285127994,-40.55133785093416,3.0,1.0,0.3826913011902613,-40.55133785093416,42.37731150940879,-0.301049790590163,264.1417571415624,1.0,0.0,0.29612073837965835,0.29612073837965835
3028,1,0.07061968672589863,0.09780149484757834,0.009435618843980167,1.1141340618798443,1.1717440548935572,9.223457808950995e-9,227425.3285127994,-40.55133785093416,1.0,1.0,2.190977012921823e-57,-40.55133785093416,45.55809494600385,0.0,130.46300273169436,1.0,0.0,0.29612073837965835,0.29612073837965835
3029,1,0.05654630349996258,0.095048999196631,0.006364769520182355,1.2640389846123299,1.133925778796968,1.1539434526775464e-8,219192.64826694204,-39.294705514292176,11.0,1.0,0.12580543766503682,-39.294705514292176,41.57368561096652,-0.019185179711108447,Inf,3.0,1.0,0.29612073837965835,0.29612073837965835
3030,1,0.03052510599480343,0.0920345247767017,0.43155064647986174,0.8008266585822656,1.2063408225175845,5.6172191257405656e-8,3.2773228181912047e6,-41.63039647152347,15.0,1.0,0.3016731610210439,-41.63039647152347,43.85627905427532,1.2289471851975406,1.4408945983382608,4.0,0.0,0.29612073837965835,0.29612073837965835
3031,1,0.08742582915723655,0.03421548323579891,0.003110440900470021,1.2420013637570528,0.9204983791968635,2.0032037821026877e-8,940810.1884698665,-42.762450513630945,7.0,1.0,0.8177250186843287,-42.762450513630945,46.270856797312135,-0.020829779507508306,0.730522386410108,3.0,0.0,0.29612073837965835,0.29612073837965835
3032,1,0.07437742170682904,0.025439462832010463,0.0018629048839945287,1.331884714003612,0.9419666402281847,2.387229917723701e-8,1.9775385544519261e6,-44.00615028549766,7.0,1.0,0.4108008555284732,-44.00615028549766,45.69148886924614,0.005526945233484071,199.10716672861037,3.0,0.0,0.29612073837965835,0.29612073837965835
3033,1,0.08723404716357598,0.022017177963609358,0.013731409771873093,1.1439355481196896,1.3077810068295213,5.1285904825613624e-8,1.7237464106253635e6,-42.73111439607085,7.0,1.0,0.5692742630049396,-42.73111439607085,48.07610480669181,-0.002546320889862841,7.823308363305408,2.0,0.0,0.29612073837965835,0.29612073837965835
3034,1,0.0729313609881621,0.013390316067825762,0.04081117743845446,0.702543914884427,0.8851033717017823,3.2804543727325564e-8,989713.3725655411,-42.51867801678134,13.0,1.0,0.8605633668779701,-42.51867801678134,45.38249633602769,-0.21854646458627514,90128.65593096023,3.0,1.0,0.29612073837965835,0.29612073837965835
3035,1,0.07280467516175951,0.011884880034339771,0.01238012236659948,0.9377813862254281,1.0955271766897865,4.297759971159004e-8,2.2571907546226555e6,-43.29143421039732,7.0,1.0,0.09638190363193046,-43.29143421039732,47.6605107396924,1.4475456885714806,14.168666808288108,3.0,0.0,0.29612073837965835,0.29612073837965835
3036,1,0.04063038897595693,0.028734854354661277,0.006091412625213178,1.1273517926775447,0.4427177345203165,4.931622257891567e-8,1.9859985090801127e7,-45.68045867920849,7.0,1.0,0.8457386111717141,-45.68045867920849,49.1049229527476,0.0032560002002952615,274.05120212002913,2.0,0.0,0.29612073837965835,0.29612073837965835
3037,1,0.06665337450814175,0.012320211565456658,0.003427736502061109,0.776335768986418,0.1769987110873911,3.9247479183952e-8,7.653231544765877e6,-47.55981031219579,7.0,1.0,0.6819925712246876,-47.55981031219579,50.86124105212463,0.08270967759275294,177.11999432024624,2.0,0.0,0.29612073837965835,0.29612073837965835
3038,1,0.05387152143620928,0.0964168049111814,0.8896853200304399,0.9274835136152294,0.8279128170829212,9.462671307596216e-8,4.20964926704422e6,-44.13020419284145,15.0,1.0,0.9944356440731492,-44.13020419284145,51.67339866915765,-0.2067822732132214,-0.29444708160101385,3.0,0.0,0.29612073837965835,0.29612073837965835
3039,1,0.090448907155541,0.042266070284850146,0.038702016882908745,1.580689074509049,0.5851343541747387,1.9070774373483213e-8,1.8758115265197249e6,-40.583001870937785,10.0,1.0,0.8955601057846284,-40.583001870937785,46.16588077526181,-0.07107120556376145,1132.4136786279673,3.0,1.0,0.29612073837965835,0.29612073837965835
3040,1,0.09556522179677636,0.0203078108583902,0.14728742825182412,0.5912484232002556,0.44773530542418316,2.9339220727854564e-8,2.2785078626511176e6,-42.71177279013503,7.0,1.0,0.6695362066022283,-42.71177279013503,44.075893577131176,0.04580583727545218,75.08837244028129,2.0,0.0,0.29612073837965835,0.29612073837965835
3041,1,0.03910318018962855,0.08731772358632808,0.9274765549607975,1.1290786384568487,0.40097898329096565,2.024473544956449e-8,1.061744158078362e7,-43.8478011138885,15.0,1.0,0.893891226643029,-43.8478011138885,47.193333597996194,0.13580922609770596,0.2688982789766996,4.0,0.0,0.29612073837965835,0.29612073837965835
3042,1,0.09430702341609541,0.011522428727537597,0.7551754415691664,1.1612515997457749,1.2203233089726016,8.548868859709122e-8,1.9398623935548302e6,-46.2495740261035,15.0,1.0,0.9679414743036371,-46.2495740261035,48.962704994992656,0.2242873138649415,0.2242873138649415,4.0,0.0,0.29612073837965835,0.29612073837965835
3043,1,0.016985413551733667,0.09842418670242148,0.19076711030958626,0.9819639008230098,0.06974000829007164,5.81793958048689e-8,2.647078351379853e6,-46.215358766873706,15.0,1.0,0.9150078185469728,-46.215358766873706,50.83647200615082,-0.17273958594782357,0.4642120060170143,4.0,0.0,0.29612073837965835,0.29612073837965835
3044,1,0.04821215613538923,0.09798929759121154,0.21924029527989955,0.5547271542103536,1.0002510444774388,6.850492880290575e-8,1.1118574924116304e7,-43.74283080681043,15.0,1.0,0.8917238042212422,-43.74283080681043,49.43837314459086,0.03102415390704749,0.3891998704252231,4.0,0.0,0.29612073837965835,0.29612073837965835
3045,1,0.05675125595122712,0.09172924447998963,0.5743989448937341,0.7089609528650838,0.6428309246307033,2.759858165229922e-8,4.027685294470776e6,-40.83921845335937,7.0,1.0,0.9823771885659845,-40.83921845335937,46.01729969505729,-0.1681350588779793,-0.1681350588779793,3.0,0.0,0.29612073837965835,0.29612073837965835
3046,1,0.07914955971987632,0.09811472053280085,0.6543997497635354,0.6944628767575253,0.16510412411920303,6.900772036124593e-8,4.819512012428031e6,-43.678548566784315,7.0,1.0,0.9638776040008343,-43.678548566784315,46.093700215937716,-0.13741253465320113,-0.2962244364105828,3.0,0.0,0.29612073837965835,0.29612073837965835
3047,1,0.08707962360901264,0.011176329099182767,0.16306038335174922,1.7080896069103777,1.0136471452996925,4.761391818924592e-9,3.0917777296447917e6,-45.181583066182654,15.0,1.0,0.7268843921911184,-45.181583066182654,48.35997483667006,0.028147626383045576,17.27825960538904,3.0,0.0,0.29612073837965835,0.29612073837965835
3048,1,0.08636726793264284,0.014129170732583386,0.04744066342605637,1.4340528098089032,1.0321519543115785,1.1623149840349797e-8,4.535363205969386e6,-43.69212290480249,7.0,1.0,0.9563224925181216,-43.69212290480249,46.84490118599191,0.07245413954595392,-0.27641379103320673,3.0,0.0,0.29612073837965835,0.29612073837965835
3049,1,0.07457159514318794,0.015369783533253335,0.09919925282700742,1.5228089468968748,0.5308495767131373,8.879948858465707e-9,6.443859203360638e6,-43.37814282990719,7.0,1.0,0.5662642110176839,-43.37814282990719,48.81852753259973,-0.034129363047675554,20.311707248716324,2.0,0.0,0.29612073837965835,0.29612073837965835
3050,1,0.03183689561109692,0.08212359956413776,0.5252294171058715,0.7380045846014476,0.9094305818468946,7.791656416058114e-8,6.101298042819432e6,-40.88728599506615,7.0,1.0,0.9756192213079216,-40.88728599506615,45.43389679462183,-0.07776175662059615,-0.2250180659203238,3.0,0.0,0.29612073837965835,0.29612073837965835
3051,1,0.029487604564090428,0.06870844407115213,0.5119406738878186,1.2714566869567383,0.7135366499187087,7.508391692238615e-8,1.7190762314792993e6,-42.44376152063435,15.0,1.0,0.8187223064506967,-42.44376152063435,43.82663415054911,0.6210405797809742,0.6210405797809742,3.0,0.0,0.29612073837965835,0.29612073837965835
3052,1,0.025746943462910475,0.054207594669905386,0.12882739978314542,0.5527250802216782,0.4797930569198918,5.592075861562572e-8,5.607759782214058e6,-41.21737980429085,15.0,1.0,0.8838288870932973,-41.21737980429085,45.150721297149246,-0.6212817150703742,62.06035600875273,3.0,0.0,0.29612073837965835,0.29612073837965835
3053,1,0.08605200209503581,0.060721194207142545,0.6394466003177465,1.5094578815546404,1.056479829673162,4.450951662055505e-8,5.214164014637867e6,-40.64528402596702,15.0,1.0,0.9984831312347644,-40.64528402596702,41.95010738263693,-0.019927047443076162,-0.08391591964876,4.0,0.0,0.29612073837965835,0.29612073837965835
3054,1,0.03507609933141444,0.056413972639692576,0.1950296009473312,0.6351061953947273,0.9721466968750214,7.618878854631904e-9,2.991877750992698e6,-41.66424336200397,7.0,1.0,0.9819246819124235,-41.66424336200397,43.025890560568556,0.02254149229145952,0.047510714140081234,3.0,0.0,0.29612073837965835,0.29612073837965835
3055,1,0.05534561384402879,0.06730651130750005,0.6022892053760102,1.2463057295020856,0.5412417264815591,4.321154554943093e-9,4.960782703318474e6,-41.47275698589037,15.0,1.0,0.999826952314483,-41.47275698589037,42.903337522290826,-0.034913595579766366,-0.05866459360995435,4.0,0.0,0.29612073837965835,0.29612073837965835
3056,1,0.04674356809566159,0.05687153913609155,0.7208011178863487,1.3995113371450476,0.629204231249493,9.776350926306554e-9,3.9533743086719415e6,-40.860342468389504,7.0,1.0,0.9998890912028257,-40.860342468389504,42.007834269348784,-0.006578643170875864,-0.037950899936539884,3.0,0.0,0.29612073837965835,0.29612073837965835
3057,1,0.051656735755108055,0.018053194748655903,0.52178148749121,1.2918416844819756,0.27482134435687494,6.284856778645404e-8,7.941791970190206e6,-41.61709348800273,15.0,1.0,0.9296646500152351,-41.61709348800273,43.53687313354143,0.08715643570211995,0.11550914340646301,4.0,0.0,0.29612073837965835,0.29612073837965835
3058,1,0.09948418537446005,0.06754646814470203,0.3000149025556846,1.8361139215648647,1.0623800555616771,2.6056830066713438e-8,1.8613288324585103e6,-44.98221410807893,23.0,1.0,0.9066084313622931,-44.98221410807893,46.84335177185557,0.12979899443819676,0.395846454465989,4.0,0.0,0.29612073837965835,0.29612073837965835
3059,1,0.09950658925864787,0.06244024330863448,0.3148159137145341,1.8735147108679688,1.1790835011196756,3.447578438823225e-8,2.1242777011660375e6,-45.05816551999041,7.0,1.0,1.0,-45.05816551999041,46.03969697827703,-0.09222658632313596,-0.13332841500233883,3.0,0.0,0.29612073837965835,0.29612073837965835
3060,1,0.09973555848653863,0.09061791838448213,0.4840589569637326,1.137027925165115,1.4016345206025091,4.7706866801631705e-8,5.98794140412789e6,-47.53075780671057,15.0,1.0,0.9775157215975915,-47.53075780671057,49.501379698607224,0.027607703278746953,-0.5512328603775458,3.0,0.0,0.29612073837965835,0.29612073837965835
3061,1,0.010416981655628585,0.05570455031881582,0.486411806797305,0.9643392449246615,0.045166162357118386,8.552333573960417e-8,3.5085294500081213e6,-47.08218604113216,15.0,1.0,0.9850737864780368,-47.08218604113216,51.11553145918364,-0.03244061025445433,-0.15719416659289465,4.0,0.0,0.29612073837965835,0.29612073837965835
3062,1,0.013436040576097312,0.09132924032096325,0.7065983628079251,1.5134344028300215,0.0840176980192259,8.144255854996425e-8,5.297092931400981e6,-45.31709242570705,15.0,1.0,0.9823884852864346,-45.31709242570705,49.15136556110405,0.06301451646576339,-0.155242425761422,4.0,0.0,0.29612073837965835,0.29612073837965835
3063,1,0.012206797693837396,0.08502718736112802,0.46175010325048,1.1964153058559819,0.09278726081917887,7.725177285951598e-8,4.747327920188384e6,-44.43272904155303,15.0,1.0,0.9941093959299907,-44.43272904155303,48.171890149729364,-0.058737271245178135,-0.22710097788208827,3.0,0.0,0.29612073837965835,0.29612073837965835
3064,1,0.013821097399144493,0.08104818378303023,0.34895948555874495,0.9738883750523568,0.13375850797653796,9.768828471823352e-8,4.90011834382588e6,-45.31139790615907,15.0,1.0,0.984403384826507,-45.31139790615907,47.44028132037752,0.030810729518357505,-0.11131811727165086,3.0,0.0,0.29612073837965835,0.29612073837965835
3065,1,0.025117132260878625,0.028508130292115692,0.6311525742014138,1.2510218328056795,0.4732626444501093,6.977754162947578e-8,6.030640111064569e6,-41.00558583470257,15.0,1.0,0.991960730549491,-41.00558583470257,46.216324661712456,-0.0883916558469835,-0.16208366762831616,3.0,0.0,0.29612073837965835,0.29612073837965835
3066,1,0.06450781874595497,0.019395564178762773,0.04623030892767948,0.7758090312133609,0.2574692097044645,1.8679442461125094e-8,1.4771416278529398e6,-41.71633199378175,15.0,1.0,0.9130799605396539,-41.71633199378175,46.56475867888987,-0.033152463953761924,0.26353088390654733,4.0,0.0,0.29612073837965835,0.29612073837965835
3067,1,0.08199942824066483,0.01991995267049059,0.062238814941504315,1.1691340038503473,0.8594816629897007,7.985304837768322e-9,2.8705305352754556e6,-41.93754158196387,7.0,1.0,1.0,-41.93754158196387,43.44934206945339,-0.03916608477821626,-0.3757585590393262,3.0,0.0,0.29612073837965835,0.29612073837965835
3068,1,0.040074358245728324,0.08451136117502313,0.8598685003701863,0.9540227267356199,0.39505937055888185,9.871898265576166e-8,1.0734689500261685e7,-45.03999846707661,15.0,1.0,0.9235157501256793,-45.03999846707661,46.331440132450226,0.14467996941114336,0.22649580189857943,3.0,0.0,0.29612073837965835,0.29612073837965835
3069,1,0.09411870909639478,0.014706539374804116,0.4776167163039766,1.9020512495672122,0.7378367472052665,1.2193872043501892e-8,4.325416921173317e6,-44.56267143351494,15.0,1.0,0.7919030490317335,-44.56267143351494,50.32509073333408,-0.10057664446027559,5.882921290727481,3.0,0.0,0.29612073837965835,0.29612073837965835
3070,1,0.09093321839668564,0.01477173814951727,0.7809764609704917,1.806191485389888,1.1869622839556915,4.6496658765890896e-8,2.728758936088953e6,-43.97546287699714,7.0,1.0,0.9917515491272633,-43.97546287699714,46.65426306623173,0.02733408957809047,-0.14922458530772076,3.0,0.0,0.29612073837965835,0.29612073837965835
3071,1,0.0998609181431097,0.03071985753148649,0.6117712967413584,1.771218519876487,0.9559208180733384,3.3622290366189735e-8,6.088875592121654e6,-46.025661715367335,15.0,1.0,0.9667295502613962,-46.025661715367335,49.27705523966968,0.0007896511609501999,-0.1486436170278651,3.0,0.0,0.29612073837965835,0.29612073837965835
3072,1,0.010840966006895976,0.0632373387692068,0.3591109737183739,1.8876853276245262,0.38370953807466396,4.811900237843547e-9,5.540414109661327e6,-46.399199924312114,15.0,1.0,0.728134651943132,-46.399199924312114,53.74400048877605,-0.002887503126387969,0.9038785090384565,4.0,0.0,0.29612073837965835,0.29612073837965835
3073,1,0.09101104003212881,0.04533192730805706,0.4615068481388987,0.4374787548686696,1.3908096272715713,8.945867310062878e-8,6.162116825384479e6,-44.39978174675615,15.0,1.0,0.9599500308405708,-44.39978174675615,49.98352376691375,0.026637031541170586,0.09619564151440585,4.0,0.0,0.29612073837965835,0.29612073837965835
3074,1,0.09973306007927865,0.03560498089051147,0.13160067467008638,1.7606244333501617,0.28379238557921527,3.338050238462211e-8,1.117473547787731e6,-45.315201786102875,11.0,1.0,0.6926218311490694,-45.315201786102875,50.49572868071469,0.03939597867977085,44.27456965892659,3.0,0.0,0.29612073837965835,0.29612073837965835
3075,1,0.0997703462624418,0.03807008506457168,0.07179063236606954,1.8197956394181076,0.955706518009804,2.699259925916405e-8,1.287297695727471e6,-44.22065942609494,15.0,1.0,0.40850061841076624,-44.22065942609494,51.134356223554214,-0.5653841793886087,2.5677492840254317,4.0,0.0,0.29612073837965835,0.29612073837965835
3076,1,0.0986564193560917,0.011138019916842181,0.04433941346124029,1.4539304889824198,0.3462136444032919,1.5187388929590135e-8,2.354511876381073e6,-45.898478176446204,15.0,1.0,0.3119885284764142,-45.898478176446204,49.64247174087867,0.3829152294249525,7.0772756025767265,3.0,0.0,0.29612073837965835,0.29612073837965835
3077,1,0.09926658151940251,0.035026579948385476,0.07469352331964019,1.3712044570505018,0.7449174791181749,4.058567034548301e-8,787497.2670230889,-43.384937455556624,15.0,1.0,0.15088861169428236,-43.384937455556624,49.59696569897961,0.022426374145162242,4.954048002687031,4.0,0.0,0.29612073837965835,0.29612073837965835
3078,1,0.09800174794325517,0.046101070245917385,0.01864609533368604,1.081189222921404,1.326843835795642,3.012516675678948e-9,881530.358773405,-44.34134139890953,23.0,1.0,0.7002370511361428,-44.34134139890953,46.57342016916024,-1.1003148031433767,-1.24012157771147,4.0,0.0,0.29612073837965835,0.29612073837965835
3079,1,0.06515911994564041,0.012161022089801302,0.01870277862557307,1.5761013544471936,0.9976107440245433,2.7526423362306174e-8,574239.5443280621,-40.26660072729058,15.0,1.0,0.5742569381687891,-40.26660072729058,46.73450259793718,-0.051743770182547166,592.6429608552405,3.0,0.0,0.29612073837965835,0.29612073837965835
3080,1,0.06515911994564041,0.012161022089801302,0.01870277862557307,1.5761013544471936,0.9976107440245433,2.7526423362306174e-8,574239.5443280621,-40.26660072729058,15.0,1.0,0.030051797808616443,-40.26660072729058,45.68062578349711,0.0,60.98596442978805,3.0,0.0,0.29612073837965835,0.29612073837965835
3081,1,0.06515911994564041,0.012161022089801302,0.01870277862557307,1.5761013544471936,0.9976107440245433,2.7526423362306174e-8,574239.5443280621,-40.26660072729058,1.0,1.0,2.5261397842232054e-26,-40.26660072729058,45.2917351308946,0.0,58.9405200572757,1.0,0.0,0.29612073837965835,0.29612073837965835
3082,1,0.05339156441682353,0.011460003789929462,0.012735679996542622,1.5590107544636136,0.6538250596412983,1.622174434482192e-8,209987.68899045358,-39.468495268217126,4.0,1.0,0.5547162820421062,-39.468495268217126,41.78026074256233,-0.15819328402163535,1.7906671900904437e6,2.0,1.0,0.29612073837965835,0.29612073837965835
3083,1,0.05339156441682353,0.011460003789929462,0.012735679996542622,1.5590107544636136,0.6538250596412983,1.622174434482192e-8,209987.68899045358,-39.468495268217126,1.0,1.0,9.433563285996456e-12,-39.468495268217126,41.347591634135455,0.0,25.386747223637173,1.0,0.0,0.29612073837965835,0.29612073837965835
3084,1,0.05339156441682353,0.011460003789929462,0.012735679996542622,1.5590107544636136,0.6538250596412983,1.622174434482192e-8,209987.68899045358,-39.468495268217126,1.0,1.0,0.0,-39.468495268217126,44.82739597392116,0.0,1744.058497904862,0.0,1.0,0.29612073837965835,0.29612073837965835
3085,1,0.05339156441682353,0.011460003789929462,0.012735679996542622,1.5590107544636136,0.6538250596412983,1.622174434482192e-8,209987.68899045358,-39.468495268217126,1.0,1.0,4.342404367841076e-86,-39.468495268217126,43.4485693572577,0.0,196.55388980097126,1.0,0.0,0.29612073837965835,0.29612073837965835
3086,1,0.05339156441682353,0.011460003789929462,0.012735679996542622,1.5590107544636136,0.6538250596412983,1.622174434482192e-8,209987.68899045358,-39.468495268217126,4.0,1.0,0.09770204413172119,-39.468495268217126,42.52962151996479,0.0,3073.5340210752147,2.0,1.0,0.29612073837965835,0.29612073837965835
3087,1,0.06306453949115816,0.015082323231928233,0.014787597951406436,1.6758264143341688,0.42411895738090877,7.895110636049162e-9,265440.0390128317,-39.518355177206466,6.0,1.0,0.08359155641862746,-39.518355177206466,44.346985932923204,0.6900533016441983,Inf,2.0,1.0,0.29612073837965835,0.29612073837965835
3088,1,0.06306453949115816,0.015082323231928233,0.014787597951406436,1.6758264143341688,0.42411895738090877,7.895110636049162e-9,265440.0390128317,-39.518355177206466,1.0,1.0,1.608746224358763e-98,-39.518355177206466,44.09583416036432,0.0,225.17788398043197,1.0,0.0,0.29612073837965835,0.29612073837965835
3089,1,0.06306453949115816,0.015082323231928233,0.014787597951406436,1.6758264143341688,0.42411895738090877,7.895110636049162e-9,265440.0390128317,-39.518355177206466,1.0,1.0,0.0,-39.518355177206466,42.87234529906863,0.0,1960.9743123347766,0.0,1.0,0.29612073837965835,0.29612073837965835
3090,1,0.06306453949115816,0.015082323231928233,0.014787597951406436,1.6758264143341688,0.42411895738090877,7.895110636049162e-9,265440.0390128317,-39.518355177206466,4.0,1.0,0.0039137086246950545,-39.518355177206466,42.692396442836994,0.0,3281.516172106518,2.0,1.0,0.29612073837965835,0.29612073837965835
3091,1,0.06306453949115816,0.015082323231928233,0.014787597951406436,1.6758264143341688,0.42411895738090877,7.895110636049162e-9,265440.0390128317,-39.518355177206466,1.0,1.0,8.284029845828624e-88,-39.518355177206466,42.03458848404714,0.0,200.513158637121,1.0,0.0,0.29612073837965835,0.29612073837965835
3092,1,0.07946928749552257,0.020135636027397152,0.02219090241846268,1.5173607904777042,0.35272107554464316,1.755113238939769e-8,215115.41412025646,-39.11854990429643,3.0,1.0,0.3333333333333333,-39.11854990429643,43.418915410784635,-0.3961850991992151,1557.7265757995751,1.0,1.0,0.29612073837965835,0.29612073837965835
3093,1,0.07946928749552257,0.020135636027397152,0.02219090241846268,1.5173607904777042,0.35272107554464316,1.755113238939769e-8,215115.41412025646,-39.11854990429643,1.0,1.0,6.97970429125849e-224,-39.11854990429643,42.3770923031307,0.0,513.8360542799386,1.0,0.0,0.29612073837965835,0.29612073837965835
3094,1,0.07946928749552257,0.020135636027397152,0.02219090241846268,1.5173607904777042,0.35272107554464316,1.755113238939769e-8,215115.41412025646,-39.11854990429643,4.0,1.0,4.3828983148298376e-8,-39.11854990429643,42.53791082150514,0.0,1355.6698190130874,2.0,1.0,0.29612073837965835,0.29612073837965835
3095,1,0.07946928749552257,0.020135636027397152,0.02219090241846268,1.5173607904777042,0.35272107554464316,1.755113238939769e-8,215115.41412025646,-39.11854990429643,1.0,1.0,0.0,-39.11854990429643,42.47362265022253,0.0,1145.9169704898707,0.0,1.0,0.29612073837965835,0.29612073837965835
3096,1,0.08174449035928737,0.019086357229765614,0.028969909101930577,1.652892010423563,0.14927841246562776,1.0017830087539265e-8,246103.0026646683,-40.65048019732697,6.0,1.0,0.25353206770205144,-40.65048019732697,43.09351898206083,-0.3094651733313043,Inf,2.0,1.0,0.29612073837965835,0.29612073837965835
3097,1,0.08174449035928737,0.019086357229765614,0.028969909101930577,1.652892010423563,0.14927841246562776,1.0017830087539265e-8,246103.0026646683,-40.65048019732697,1.0,1.0,3.6944713373446653e-118,-40.65048019732697,42.875749068755745,0.0,270.398203504277,1.0,0.0,0.29612073837965835,0.29612073837965835
3098,1,0.08174449035928737,0.019086357229765614,0.028969909101930577,1.652892010423563,0.14927841246562776,1.0017830087539265e-8,246103.0026646683,-40.65048019732697,1.0,1.0,5.784650799096362e-86,-40.65048019732697,43.811732779673314,0.0,196.2671100018282,1.0,0.0,0.29612073837965835,0.29612073837965835
3099,1,0.08174449035928737,0.019086357229765614,0.028969909101930577,1.652892010423563,0.14927841246562776,1.0017830087539265e-8,246103.0026646683,-40.65048019732697,1.0,1.0,1.1899255021054652e-110,-40.65048019732697,44.11882893064199,0.0,253.11046952745397,1.0,0.0,0.29612073837965835,0.29612073837965835
3100,1,0.08174449035928737,0.019086357229765614,0.028969909101930577,1.652892010423563,0.14927841246562776,1.0017830087539265e-8,246103.0026646683,-40.65048019732697,1.0,1.0,1.7875697774787228e-32,-40.65048019732697,44.510433205460124,0.0,73.1018659446336,1.0,0.0,0.29612073837965835,0.29612073837965835
3101,1,0.08174449035928737,0.019086357229765614,0.028969909101930577,1.652892010423563,0.14927841246562776,1.0017830087539265e-8,246103.0026646683,-40.65048019732697,3.0,1.0,5.551925088967891e-15,-40.65048019732697,42.61270035072853,0.0,691.3230492682574,2.0,0.0,0.29612073837965835,0.29612073837965835
3102,1,0.07260253592791348,0.020314755109476806,0.015526866479981263,1.440633239277491,0.3540925665139792,1.214837809263141e-8,268451.23400792404,-38.64498713132578,9.0,1.0,0.06636450454968285,-38.64498713132578,43.62595690967796,0.5153683609692834,Inf,3.0,1.0,0.29612073837965835,0.29612073837965835
3103,1,0.07260253592791348,0.020314755109476806,0.015526866479981263,1.440633239277491,0.3540925665139792,1.214837809263141e-8,268451.23400792404,-38.64498713132578,3.0,1.0,3.1387984942315546e-11,-38.64498713132578,43.93888679770395,0.0,91.7665363494203,2.0,0.0,0.29612073837965835,0.29612073837965835
3104,1,0.07260253592791348,0.020314755109476806,0.015526866479981263,1.440633239277491,0.3540925665139792,1.214837809263141e-8,268451.23400792404,-38.64498713132578,5.0,1.0,5.5426170903133246e-5,-38.64498713132578,42.44034615434102,0.0,Inf,2.0,1.0,0.29612073837965835,0.29612073837965835
3105,1,0.07260253592791348,0.020314755109476806,0.015526866479981263,1.440633239277491,0.3540925665139792,1.214837809263141e-8,268451.23400792404,-38.64498713132578,1.0,1.0,1.1253418655853384e-281,-38.64498713132578,41.68840550013731,0.0,646.9083242613125,1.0,0.0,0.29612073837965835,0.29612073837965835
3106,1,0.07260253592791348,0.020314755109476806,0.015526866479981263,1.440633239277491,0.3540925665139792,1.214837809263141e-8,268451.23400792404,-38.64498713132578,5.0,1.0,0.08459595318828733,-38.64498713132578,41.05966448201391,0.0,4044.2217414538077,2.0,1.0,0.29612073837965835,0.29612073837965835
3107,1,0.07260253592791348,0.020314755109476806,0.015526866479981263,1.440633239277491,0.3540925665139792,1.214837809263141e-8,268451.23400792404,-38.64498713132578,1.0,1.0,0.0,-38.64498713132578,42.32022094026122,0.0,1145.3568842549594,0.0,1.0,0.29612073837965835,0.29612073837965835
3108,1,0.07260253592791348,0.020314755109476806,0.015526866479981263,1.440633239277491,0.3540925665139792,1.214837809263141e-8,268451.23400792404,-38.64498713132578,3.0,1.0,7.771017320066351e-86,-38.64498713132578,45.81915508726721,0.0,Inf,1.0,1.0,0.29612073837965835,0.29612073837965835
3109,1,0.0467829062702544,0.0548564064424138,0.015979049829418425,1.8386763916676834,0.5531716680509922,9.15887171228575e-9,488914.6370040395,-39.54182210155023,7.0,1.0,0.42785272324216844,-39.54182210155023,40.94455040143644,0.27300330390947636,2864.6736111425307,2.0,1.0,0.29612073837965835,0.29612073837965835
3110,1,0.0467829062702544,0.0548564064424138,0.015979049829418425,1.8386763916676834,0.5531716680509922,9.15887171228575e-9,488914.6370040395,-39.54182210155023,1.0,1.0,4.394222102818785e-7,-39.54182210155023,41.80737120060259,0.0,14.63780513143248,1.0,0.0,0.29612073837965835,0.29612073837965835
3111,1,0.04073057547828803,0.0918056548466853,0.004580381192910304,1.816073673766486,0.9945314806058816,1.6801916696957403e-8,278803.2214094314,-41.96991679246467,9.0,1.0,0.24951676502092887,-41.96991679246467,44.03752312130214,0.18451977049807056,1163.3247304289034,3.0,1.0,0.29612073837965835,0.29612073837965835
3112,1,0.04073057547828803,0.0918056548466853,0.004580381192910304,1.816073673766486,0.9945314806058816,1.6801916696957403e-8,278803.2214094314,-41.96991679246467,1.0,1.0,4.649238429379415e-33,-41.96991679246467,45.097203920029045,0.0,74.44860464124551,1.0,0.0,0.29612073837965835,0.29612073837965835
3113,1,0.04073057547828803,0.0918056548466853,0.004580381192910304,1.816073673766486,0.9945314806058816,1.6801916696957403e-8,278803.2214094314,-41.96991679246467,3.0,1.0,0.0017554013099209242,-41.96991679246467,45.652806678921614,0.0,382.66398301390194,2.0,0.0,0.29612073837965835,0.29612073837965835
3114,1,0.04073057547828803,0.0918056548466853,0.004580381192910304,1.816073673766486,0.9945314806058816,1.6801916696957403e-8,278803.2214094314,-41.96991679246467,7.0,1.0,0.017465006171031857,-41.96991679246467,47.1186968027658,0.0,13.882230414431575,3.0,0.0,0.29612073837965835,0.29612073837965835
3115,1,0.09725325355394207,0.01179916747611277,0.12004173077638479,0.7451179766189855,0.4211563873626515,6.997183943601702e-8,3.893866232945551e6,-44.71952559219156,13.0,1.0,0.47024106562795587,-44.71952559219156,45.42188197715636,0.21561032564980565,Inf,3.0,1.0,0.29612073837965835,0.29612073837965835
3116,1,0.012494864258695929,0.08790602965933597,0.12922045950257346,1.5536062506221793,1.3347087140145604,3.1217661252183695e-8,4.787446574243452e6,-44.98269088654932,15.0,1.0,0.9415766326530914,-44.98269088654932,48.97956718893159,0.005798580268184139,1.6279410647926795,4.0,0.0,0.29612073837965835,0.29612073837965835
3117,1,0.09014769495729484,0.034583756637278244,0.685524854365359,0.5185847459478997,0.11213581547357011,7.934381467909162e-8,5.0309543233642345e6,-43.013392098846566,15.0,1.0,0.9772425457062652,-43.013392098846566,47.38256634440107,-0.04085468785848434,0.147091784477702,4.0,0.0,0.29612073837965835,0.29612073837965835
3118,1,0.029894745027057558,0.07389867685131428,0.05178138134087939,1.4222887098297121,0.4076567485606961,3.0238132839152574e-8,1.7535216990798977e6,-41.92205971788415,15.0,1.0,0.9912779231197599,-41.92205971788415,45.7032836538768,-0.032170619932024636,-0.16984168076009354,4.0,0.0,0.29612073837965835,0.29612073837965835
3119,1,0.03485184204254937,0.07911642940663735,0.006446427542308628,1.8728297603784105,0.677812839522866,6.29671920889773e-9,8.51806048350144e6,-46.661261929323906,7.0,1.0,0.3016966946942678,-46.661261929323906,50.85496920289496,1.045932569143929,4.875243480889807,3.0,0.0,0.29612073837965835,0.29612073837965835
3120,1,0.03715691872421268,0.08417132407083211,0.02550578050950159,1.8999792164715097,0.9163563263018194,7.42836209645136e-9,4.732371385097444e6,-44.54893079548912,15.0,1.0,0.5068606136214184,-44.54893079548912,49.99983256541823,-0.0995636472518413,5.075952404689133,3.0,0.0,0.29612073837965835,0.29612073837965835
3121,1,0.05559304116390866,0.03142660196961033,0.10749258519325146,1.8673948364270678,1.2819812898988892,4.082399938885435e-9,2.0624352808985222e7,-46.75407080627199,5.0,1.0,0.7924659989217792,-46.75407080627199,51.497403512967566,0.03772141903245796,20974.890480909697,2.0,1.0,0.29612073837965835,0.29612073837965835
3122,1,0.039145134085626296,0.08030877760081351,0.24944086760687895,0.9943405289531284,0.4494705271672931,5.928785816746636e-8,2.452870142942455e6,-40.64811715538872,15.0,1.0,0.999015143169424,-40.64811715538872,47.02721560821553,-1.3563341656771897,-1.3563341656771897,4.0,0.0,0.29612073837965835,0.29612073837965835
3123,1,0.03909543504043647,0.027815045540953813,0.5975935344874582,0.9287249762712662,0.24792207007858355,3.793820358322829e-8,7.525874844276399e6,-41.13252974895873,7.0,1.0,1.0,-41.13252974895873,41.80603905957956,-0.01675158360817619,-0.08718717881619398,3.0,0.0,0.29612073837965835,0.29612073837965835
3124,1,0.06280804145346058,0.0851056309706681,0.773008705116245,0.40552043993471665,1.1993071133332789,7.370216488632373e-8,7.189506004530324e6,-42.30447718645427,7.0,1.0,0.9611521609108026,-42.30447718645427,44.092184673055336,0.08797312514150235,0.09412130656549067,3.0,0.0,0.29612073837965835,0.29612073837965835
3125,1,0.052791907280339175,0.016410463035100156,0.41447130339272975,0.7485800874201644,0.750996285164226,7.418241734956283e-8,4.390826635930462e6,-40.98001716161186,7.0,1.0,0.9944133155352686,-40.98001716161186,43.680206055290505,-0.07559389551673945,-0.08002393867526791,3.0,0.0,0.29612073837965835,0.29612073837965835
3126,1,0.03781240769367992,0.027850413777985493,0.22977463412979893,0.9891235186298187,0.6731296778736929,5.4212549633925356e-8,4.900933875819954e6,-40.23180702651075,7.0,1.0,0.9945906149434005,-40.23180702651075,41.602769364474405,-0.010897049054790386,-0.05824788893761479,3.0,0.0,0.29612073837965835,0.29612073837965835
3127,1,0.04505265251551187,0.017385382758047217,0.7233635555481964,1.7051501731261662,0.5311272282958059,2.320256154252851e-8,1.6911302221227929e6,-43.99567043913916,15.0,1.0,0.7223874706526875,-43.99567043913916,47.47638443655269,0.5929641851017706,0.8117455575481998,3.0,0.0,0.29612073837965835,0.29612073837965835
3128,1,0.06780286308487472,0.09655243439993438,0.22679986694792,0.4519472991740797,0.9847417099138643,7.424450097982761e-8,1.5814671672499338e7,-44.114466074359335,7.0,1.0,0.7247995949232588,-44.114466074359335,46.48254964597402,0.38735121186839905,0.4127817847279118,3.0,0.0,0.29612073837965835,0.29612073837965835
3129,1,0.07346284300922788,0.0955381591009469,0.3108383874845689,0.3445554035867828,0.951200912489682,7.080640612388048e-8,6.955937797768124e6,-42.752219468222506,7.0,1.0,0.7374548458512963,-42.752219468222506,46.357135095412474,-0.08378467298732772,3.2172043199346234,3.0,0.0,0.29612073837965835,0.29612073837965835
3130,1,0.035719432117501435,0.09553586354253252,0.8320078066656343,0.4174707674187145,1.170346049799462,6.627116502594052e-8,8.310814326607637e6,-43.77631997873099,7.0,1.0,0.9820590958125416,-43.77631997873099,46.99068854903692,-0.0336519322959532,-0.21528515032674278,3.0,0.0,0.29612073837965835,0.29612073837965835
3131,1,0.06763908772960064,0.017860541575317072,0.10744317581299961,0.13634174865370494,0.1626959338160954,4.394374888148135e-8,3.786295387249645e6,-44.834357833775414,15.0,1.0,0.9985561073423393,-44.834357833775414,47.74863878079893,-0.0834328135377973,-0.4444869433729792,4.0,0.0,0.29612073837965835,0.29612073837965835
3132,1,0.09212411511685752,0.06587465512951897,0.015499862460309894,0.20231162348077913,1.2294919598029248,5.5404607691377945e-9,1.6955086554238473e6,-46.278075159169134,15.0,1.0,0.9946082851950265,-46.278075159169134,49.86107319204286,0.05164686019978859,-0.10134325013448375,4.0,0.0,0.29612073837965835,0.29612073837965835
3133,1,0.06793800901962499,0.04237556524060311,0.22627366504109384,0.19952661717723302,1.2353660136287863,5.063510146308697e-9,4.781810677089667e6,-43.86227839142884,7.0,1.0,1.0,-43.86227839142884,47.93731232121762,-0.10533620388901,-0.18278220563361458,3.0,0.0,0.29612073837965835,0.29612073837965835
3134,1,0.028188189574193737,0.036853855809168834,0.5604897291458475,0.4927688949779713,0.37686005636081643,3.0123346046361245e-8,3.3730833692386416e6,-40.93949754180221,7.0,1.0,0.9930564853756201,-40.93949754180221,45.06043931260382,-0.07675823926725656,-0.07675823926725656,3.0,0.0,0.29612073837965835,0.29612073837965835
3135,1,0.08487033477435292,0.03287005303549097,0.20133993421911478,1.6278621129032973,0.8171357910580391,6.494730942393618e-8,1.8663148770242068e6,-40.84078480582723,15.0,1.0,0.846604026033828,-40.84078480582723,43.54858256000581,-0.21259161148891792,0.9702516229126559,4.0,0.0,0.29612073837965835,0.29612073837965835
3136,1,0.09707941469518033,0.08106403289404673,0.5421082899714933,0.5331729980373274,0.5845618870587078,6.919365879530976e-8,3.7838203293739455e6,-42.324577605900274,7.0,1.0,0.9576515718558511,-42.324577605900274,45.013892329064255,0.016806681583105387,0.08481730137792454,3.0,0.0,0.29612073837965835,0.29612073837965835
3137,1,0.02009369763261705,0.038426951138146793,0.5685256849838171,1.0670407029079196,0.18303606177689094,1.2158009714498023e-8,5.94404538067412e6,-42.434703009091336,15.0,1.0,0.9584525044155124,-42.434703009091336,46.40906499832602,0.004550688521156587,0.09752691590180973,4.0,0.0,0.29612073837965835,0.29612073837965835
3138,1,0.09080417990592501,0.05180501204773421,0.5752384282406822,0.6050485988964492,1.2565598486071483,9.198601608273588e-8,5.594267240099782e6,-42.79398804284286,15.0,1.0,0.9634362937792736,-42.79398804284286,45.20183262161713,0.03498067734785337,0.20475607406099527,4.0,0.0,0.29612073837965835,0.29612073837965835
3139,1,0.021390183340475356,0.05108086813362314,0.2090713922852894,1.9602405570181716,0.1630039314366182,4.02942342870023e-8,6.397539273589547e6,-44.342959964848426,15.0,1.0,0.9570356251965761,-44.342959964848426,47.72942773864997,0.027730840126139356,0.08238962253983573,4.0,0.0,0.29612073837965835,0.29612073837965835
3140,1,0.049757385920911355,0.05563749488407426,0.16466884881191482,0.161224961854866,0.3058640365591135,1.0208414076025046e-8,2.5721451014741077e6,-43.72984472095783,15.0,1.0,0.9972778633806151,-43.72984472095783,46.49351867014442,-0.11401253108069653,-0.11401253108069653,4.0,0.0,0.29612073837965835,0.29612073837965835
3141,1,0.06556986485245579,0.04830867265113974,0.7768104409686032,1.664676144224635,1.267469252165543,7.573716845828643e-8,4.0668308585010353e6,-41.57055745252015,15.0,1.0,0.9990477852207789,-41.57055745252015,45.55133551975586,-0.0866468342809057,-0.15897476804614996,3.0,0.0,0.29612073837965835,0.29612073837965835
3142,1,0.03444755028090014,0.060387571610156995,0.13581645427013112,1.8996777059288743,0.07693608388597171,4.9664019036237125e-8,4.582341948988423e6,-43.64715900048017,7.0,1.0,0.973247011834005,-43.64715900048017,45.36602868672936,0.05025309166587277,0.06089139125876386,3.0,0.0,0.29612073837965835,0.29612073837965835
3143,1,0.05186025785853563,0.058577327454586166,0.15714273241679294,1.8247460606003916,0.10997587763626802,5.4949413494117524e-8,2.531817311346972e6,-42.05103094688541,7.0,1.0,0.9746707753822889,-42.05103094688541,46.0950014634974,-0.12004654644374568,-0.26475526345372913,3.0,0.0,0.29612073837965835,0.29612073837965835
3144,1,0.07860359932566467,0.03839634495409314,0.20650372441024337,1.8506734616132257,0.457751526952053,2.975483489857028e-8,3.469020554974506e6,-41.11740029361531,7.0,1.0,0.9975998665164381,-41.11740029361531,42.94209273379689,-0.026903266818756322,-0.03873728159661738,3.0,0.0,0.29612073837965835,0.29612073837965835
3145,1,0.07879923141781263,0.0338169945673993,0.2552457024586886,1.8790841103700582,0.7596975521248824,2.1024351925563373e-8,2.1207006846619355e6,-41.6743837951838,7.0,1.0,0.9326646259756058,-41.6743837951838,43.557430262758906,-0.05538016663876277,0.2209519870255292,3.0,0.0,0.29612073837965835,0.29612073837965835
3146,1,0.03263855630413601,0.09257395563336038,0.6536610566373281,0.19137469388139994,0.7554407333039566,3.692600456809978e-8,5.838719091462325e6,-42.93674053400994,15.0,1.0,0.8220613286461812,-42.93674053400994,44.997266471297,0.0026397911949089803,2.5745797687029253,4.0,0.0,0.29612073837965835,0.29612073837965835
3147,1,0.07088410726079125,0.03521141535805262,0.02456557771714349,0.8038877834444298,0.21819149468769952,5.8202355218826195e-8,2.4702243927486385e6,-41.29855181830387,7.0,1.0,0.8949891412753199,-41.29855181830387,46.82269470293925,-0.06799709962309919,0.5270082495302475,3.0,0.0,0.29612073837965835,0.29612073837965835
3148,1,0.07889276024514481,0.055805591356118296,0.04309153692938495,1.472387984909701,0.29618569255813787,5.892973024880011e-8,3.8179677855643667e6,-40.98813025582586,7.0,1.0,0.9118564165286104,-40.98813025582586,43.216741365323365,0.01734474190195101,0.5601780493466677,3.0,0.0,0.29612073837965835,0.29612073837965835
3149,1,0.07113477940606054,0.022810145887743365,0.022906776917169167,1.1616242160423274,0.5772907106745335,6.991414965975102e-8,2.4929321320539e6,-41.15428542449891,15.0,1.0,0.9135338825153597,-41.15428542449891,49.71513945288248,0.11788327012508404,0.13789879406422756,4.0,0.0,0.29612073837965835,0.29612073837965835
3150,1,0.06004671243365854,0.029996738519238342,0.03913994378794179,0.29589872927052807,0.11203498645360865,3.820938508398426e-8,7.800891380975033e6,-44.368620557283435,15.0,1.0,0.8096903710385015,-44.368620557283435,48.23533177260193,-1.4748814401125898,-1.7592432669192277,4.0,0.0,0.29612073837965835,0.29612073837965835
3151,1,0.07070079656149797,0.01450736608919959,0.02460806455717643,0.3304263195697488,0.07748562400232833,6.3850586444887e-8,6.548173139422881e6,-46.40061324181772,7.0,1.0,0.9256074639796223,-46.40061324181772,47.655804425854086,0.07767838996876009,0.45777835326605754,3.0,0.0,0.29612073837965835,0.29612073837965835
3152,1,0.028508481956864826,0.034023942403246805,0.009218112215925795,0.2819397564500888,0.16212169225499348,3.9945399551066026e-8,1.1478789288474847e7,-46.45093920812275,15.0,1.0,0.9975869475744905,-46.45093920812275,49.82080207940027,-0.03530572726010206,-0.9509744766823189,4.0,0.0,0.29612073837965835,0.29612073837965835
3153,1,0.08181772677038968,0.09093772149771284,0.8803337819296351,0.6570543480387829,0.6609760486615949,1.973872222896832e-8,1.9653039956127234e7,-44.567895900181526,15.0,1.0,0.9351334769037793,-44.567895900181526,50.817458563178334,-0.052247927072215816,-0.380161644113727,3.0,0.0,0.29612073837965835,0.29612073837965835
3154,1,0.06649454812996909,0.07998418602599919,0.9281959452251727,0.39454658372319795,0.37526460283963275,1.8040683871203132e-8,1.741879963688624e7,-45.02066749814796,7.0,1.0,0.901348454649831,-45.02066749814796,50.37707847789764,0.0024176713684198603,0.7435359182868382,3.0,0.0,0.29612073837965835,0.29612073837965835
3155,1,0.039621217861058516,0.09487102057428258,0.8186181296119949,0.7064249033903917,0.905177234883423,3.967822090511408e-8,5.847819397358356e6,-42.138615335540905,7.0,1.0,0.9218840516408318,-42.138615335540905,46.88855476062288,-0.11347801881429831,0.5384099144293018,3.0,0.0,0.29612073837965835,0.29612073837965835
3156,1,0.026214149996828834,0.09292173088386944,0.9569746699836998,0.4129533494767521,0.35431690962647555,6.456695017971858e-8,6.642475832194905e6,-46.826578809885476,7.0,1.0,0.9073206570720377,-46.826578809885476,48.302710232641665,0.12779798706259982,0.24909173135137053,3.0,0.0,0.29612073837965835,0.29612073837965835
3157,1,0.0954563788069357,0.07298021399662057,0.0333186611535656,1.9763267231693757,0.3970275349392959,3.975550337292792e-9,2.0536280869728134e6,-46.071318661243,15.0,1.0,0.39625631463135347,-46.071318661243,54.471349131084345,-0.7395379781859859,5.005224980563952,4.0,0.0,0.29612073837965835,0.29612073837965835
3158,1,0.09268025828886034,0.04898643130242327,0.031409740945222926,1.9753225338739073,0.5553216960988853,4.710466553698534e-9,3.41606863672597e6,-45.910820771490506,15.0,1.0,0.20001057462977317,-45.910820771490506,49.03406293957246,-0.033890549260128466,92.30541520076952,4.0,0.0,0.29612073837965835,0.29612073837965835
3159,1,0.08948317876521691,0.07930603394513347,0.18087898976497632,1.9902206206795368,0.34257544433615555,4.71230835940692e-9,1.5764908618946257e6,-46.52564740720657,31.0,1.0,0.3243703659763851,-46.52564740720657,48.22261278128524,-0.294837649356829,192.99769351741583,4.0,0.0,0.29612073837965835,0.29612073837965835
3160,1,0.08526525208212112,0.08330156399688392,0.9568088082824555,0.25273471350082627,0.4401047578229138,9.434365705733852e-8,3.5852917971964027e6,-47.74152633157967,15.0,1.0,0.645746537058681,-47.74152633157967,53.05171853166256,0.568873797822576,0.7087403287678171,4.0,0.0,0.29612073837965835,0.29612073837965835
3161,1,0.08520626428990269,0.0468024130350794,0.9422414735368351,0.2059129387883352,1.2995996303817818,8.351201469050614e-8,4.220582208420688e6,-45.863244672146294,15.0,1.0,0.863538357059762,-45.863244672146294,50.07285777851906,-0.0037232096762878086,57.70764388593791,3.0,0.0,0.29612073837965835,0.29612073837965835
3162,1,0.03501369368023923,0.017175405462111843,0.19976943309287878,0.8369379617304895,1.190196029341039,1.644287518343275e-8,4.837049955930724e6,-42.372472285811895,15.0,1.0,0.6503797333343091,-42.372472285811895,48.974457228684216,-0.05165648041447923,127.90523594453074,3.0,0.0,0.29612073837965835,0.29612073837965835
3163,1,0.09745456332773653,0.09618328121673288,0.7179945593847978,1.336348484801663,0.062214899771432935,4.8056221610641984e-8,2.8633931602443135e6,-46.085386098686925,7.0,1.0,0.9574970561248841,-46.085386098686925,47.34561647273502,0.0948664740845615,-0.11932425455248818,3.0,0.0,0.29612073837965835,0.29612073837965835
3164,1,0.09880299594466754,0.018111022147813127,0.01907659216220191,1.040881966627842,0.07016300846166942,4.59131261253901e-8,2.9534678894067025e6,-46.769747194730726,7.0,1.0,0.9708967904361716,-46.769747194730726,50.88113411347541,-0.718736239226871,-0.718736239226871,3.0,0.0,0.29612073837965835,0.29612073837965835
3165,1,0.0982590842629328,0.027974600193562835,0.12483964268660229,1.0959492050590904,0.2881968046114514,3.554159280089838e-8,3.5487775807430283e6,-42.87981734077047,15.0,1.0,0.4707373344725199,-42.87981734077047,55.28871520885906,0.2868792070089796,18.16136702863203,3.0,0.0,0.29612073837965835,0.29612073837965835
3166,1,0.09120856730838452,0.020753333486656124,0.09763742575897773,0.792634654422835,0.6845155948974645,1.0306846256683256e-8,1.6947365156401948e6,-42.48689934848737,31.0,1.0,0.4792722185033215,-42.48689934848737,44.81804786637379,0.04383979383350578,44.86253767686237,4.0,0.0,0.29612073837965835,0.29612073837965835
3167,1,0.09570544585323726,0.09473612066891797,0.7184052818367727,0.5595377401244559,1.2274782262998019,1.855386244424332e-8,9.133628299503949e6,-45.06869109163607,7.0,1.0,1.0,-45.06869109163607,47.0216596784916,-0.054545797918706285,-0.2725507168504606,3.0,0.0,0.29612073837965835,0.29612073837965835
3168,1,0.02915474959298392,0.044220973106164234,0.17211803641194828,1.8600884443346684,1.288227802242213,2.821550576680702e-8,5.171573632102486e6,-42.810912231881915,15.0,1.0,0.9936079777646718,-42.810912231881915,49.68111931934203,-0.6903309609634718,-0.9790638771279419,4.0,0.0,0.29612073837965835,0.29612073837965835
3169,1,0.08671685540279893,0.07321019539759127,0.4954340823120115,0.1457259976141379,0.16353196227522618,7.186677262718014e-8,6.27067706390757e6,-44.06621766854873,15.0,1.0,0.9938592611435291,-44.06621766854873,46.43780261105972,0.009512318920272378,-0.06155773087235872,4.0,0.0,0.29612073837965835,0.29612073837965835
3170,1,0.0584978130184775,0.08677012739563345,0.8534585166112395,1.9936367909234356,1.378248053132972,3.7948079243666595e-8,4.787691345499475e6,-47.346292613502364,15.0,1.0,0.9474185214571745,-47.346292613502364,51.884218891747835,0.05754727564672635,0.13982534049692674,4.0,0.0,0.29612073837965835,0.29612073837965835
3171,1,0.026558785518664765,0.022764015016911013,0.10234011795321823,0.3134523777806556,0.034395801917739555,4.07462823959535e-8,2.710164796775381e6,-46.42575931471097,15.0,1.0,0.8953025672811764,-46.42575931471097,52.41926737474874,-0.14514720853780716,0.581588703893452,4.0,0.0,0.29612073837965835,0.29612073837965835
3172,1,0.05708933990944293,0.08097835629752922,0.8367965356090584,1.578665403022075,0.2624375151845845,1.63789341637977e-8,5.809489735052896e6,-42.26793156755838,7.0,1.0,1.0,-42.26793156755838,47.89370402563192,-0.10280531554563765,-0.18149200806524135,3.0,0.0,0.29612073837965835,0.29612073837965835
3173,1,0.0977042516684411,0.03648309282387385,0.12479516017850302,1.6340909668510766,1.1752808499288785,6.223144141897895e-8,1.9679409552362175e6,-42.401408168858985,15.0,1.0,0.9616712073261557,-42.401408168858985,45.93390077941285,0.05541843633987753,-0.40805397767501717,3.0,0.0,0.29612073837965835,0.29612073837965835
3174,1,0.06093449690242777,0.08211380198017883,0.10692136556775146,0.529062730304719,0.07453918269763588,2.0363178639996435e-8,1.3402353799023854e6,-45.82073540705393,15.0,1.0,0.5835571516262362,-45.82073540705393,48.059016734541075,1.1589663704338662,1.1589663704338662,4.0,0.0,0.29612073837965835,0.29612073837965835
3175,1,0.07359008670567435,0.07521322516066348,0.12581285060370928,0.6818262036203941,0.07841154996689492,2.2867016492607556e-8,1.9978460435788892e6,-42.94450095507629,3.0,1.0,0.8672054304644318,-42.94450095507629,45.673502250411076,-1.3239971217470057,-1.3239971217470057,2.0,0.0,0.29612073837965835,0.29612073837965835
3176,1,0.050447493782273915,0.07848914509383234,0.007586297559989721,1.3166728247075346,0.8446467992121939,3.7226939302736216e-8,1.5606957108860933e6,-40.38700060795018,15.0,1.0,0.46666667171583964,-40.38700060795018,44.08974501069409,-0.1317668375972758,Inf,3.0,1.0,0.29612073837965835,0.29612073837965835
3177,1,0.055744473441316604,0.062473194897170146,0.007214824979808106,1.2730112032651517,0.7996611400353566,3.3571706292206015e-8,1.1111705793007524e6,-39.492135509287785,4.0,1.0,0.5003724951538021,-39.492135509287785,41.262015549280406,-0.019876672054245148,1410.6333388940036,2.0,1.0,0.29612073837965835,0.29612073837965835
3178,1,0.04924769425459078,0.06035106789195437,0.00448031538068554,1.5105521741885906,0.5521570429194027,1.7228317786188803e-8,791235.2410388628,-40.22641727579293,15.0,1.0,0.6744134906856755,-40.22641727579293,43.510391556949486,0.06109856818981285,0.7150940865864612,3.0,0.0,0.29612073837965835,0.29612073837965835
3179,1,0.037082105179918015,0.06277202256419738,0.003270835437897879,1.4598894420961717,0.7230153894221933,2.0791741747091016e-8,376956.25653211906,-41.064772895200946,3.0,1.0,0.33333333333337595,-41.064772895200946,42.940660565250255,-0.029985043708897763,132.0376303299976,2.0,0.0,0.29612073837965835,0.29612073837965835
3180,1,0.037082105179918015,0.06277202256419738,0.003270835437897879,1.4598894420961717,0.7230153894221933,2.0791741747091016e-8,376956.25653211906,-41.064772895200946,3.0,1.0,0.04254847677909859,-41.064772895200946,43.72010157555108,0.0,13.588101287953577,2.0,0.0,0.29612073837965835,0.29612073837965835
3181,1,0.06513082709782231,0.08560503551448281,0.01209213681242111,1.3244912916777833,0.4403638694296773,2.2603394483671192e-8,602473.4670725003,-38.8240038291617,7.0,1.0,0.3412786605526243,-38.8240038291617,41.96546791889518,-0.35728565647195154,2.8903685827914103,3.0,0.0,0.29612073837965835,0.29612073837965835
3182,1,0.06852768825318664,0.06168380251525015,0.005959274547755278,1.0944966341589226,0.42197758904453425,2.336853155160474e-8,425431.0228551528,-39.11999599858908,23.0,1.0,0.19022970324698027,-39.11999599858908,42.41155924544769,0.12350621596161915,4.404349830958267,4.0,0.0,0.29612073837965835,0.29612073837965835
3183,1,0.06852768825318664,0.06168380251525015,0.005959274547755278,1.0944966341589226,0.42197758904453425,2.336853155160474e-8,425431.0228551528,-39.11999599858908,12.0,1.0,1.4533915866129887e-6,-39.11999599858908,43.47562418830021,0.0,Inf,3.0,1.0,0.29612073837965835,0.29612073837965835
3184,1,0.06802845462996467,0.09425687826479424,0.018273829572043244,1.6305287577205276,1.4102944078832345,2.064526062642698e-8,403131.93233433616,-42.47580786101754,7.0,1.0,0.9868731472865953,-42.47580786101754,44.48391488567108,-0.10131967287149024,-1.440394972683265,3.0,0.0,0.29612073837965835,0.29612073837965835
3185,1,0.06802845462996467,0.09425687826479424,0.018273829572043244,1.6305287577205276,1.4102944078832345,2.064526062642698e-8,403131.93233433616,-42.47580786101754,13.0,1.0,8.690660315612509e-5,-42.47580786101754,46.16555365572753,0.0,Inf,3.0,1.0,0.29612073837965835,0.29612073837965835
3186,1,0.06802845462996467,0.09425687826479424,0.018273829572043244,1.6305287577205276,1.4102944078832345,2.064526062642698e-8,403131.93233433616,-42.47580786101754,3.0,1.0,4.198588852306424e-5,-42.47580786101754,44.37861491271018,0.0,35.52916481823081,2.0,0.0,0.29612073837965835,0.29612073837965835
3187,1,0.06863441725814809,0.031938117603021544,0.02486251633991125,1.3805540388872293,0.7418323079562588,2.0152728933051083e-8,408953.91662438074,-37.93528675685605,7.0,1.0,0.8131167524043678,-37.93528675685605,43.50845662921269,0.3649336342960581,0.5781701973302233,3.0,0.0,0.29612073837965835,0.29612073837965835
3188,1,0.057763138948792224,0.07721480991852678,0.005977767005210909,1.0481887441398012,1.0269081879396857,2.605011038926828e-8,218964.8481225185,-38.439895892808465,6.0,1.0,0.6395174972665557,-38.439895892808465,40.429635118732364,-0.029610795731947803,23349.07149689314,2.0,1.0,0.29612073837965835,0.29612073837965835
3189,1,0.057763138948792224,0.07721480991852678,0.005977767005210909,1.0481887441398012,1.0269081879396857,2.605011038926828e-8,218964.8481225185,-38.439895892808465,3.0,1.0,0.3247767552070862,-38.439895892808465,39.54974199437419,0.0,310.97569529614435,1.0,0.0,0.29612073837965835,0.29612073837965835
3190,1,0.057763138948792224,0.07721480991852678,0.005977767005210909,1.0481887441398012,1.0269081879396857,2.605011038926828e-8,218964.8481225185,-38.439895892808465,1.0,1.0,6.400982277064132e-20,-38.439895892808465,41.91703801843655,0.0,44.19525040050099,1.0,0.0,0.29612073837965835,0.29612073837965835
3191,1,0.057763138948792224,0.07721480991852678,0.005977767005210909,1.0481887441398012,1.0269081879396857,2.605011038926828e-8,218964.8481225185,-38.439895892808465,5.0,1.0,0.18054904909433106,-38.439895892808465,44.46917541239196,0.0,1680.240728484841,2.0,1.0,0.29612073837965835,0.29612073837965835
3192,1,0.057763138948792224,0.07721480991852678,0.005977767005210909,1.0481887441398012,1.0269081879396857,2.605011038926828e-8,218964.8481225185,-38.439895892808465,1.0,1.0,3.681893430469164e-13,-38.439895892808465,40.47062242656264,0.0,28.630179069912117,1.0,0.0,0.29612073837965835,0.29612073837965835
3193,1,0.057763138948792224,0.07721480991852678,0.005977767005210909,1.0481887441398012,1.0269081879396857,2.605011038926828e-8,218964.8481225185,-38.439895892808465,3.0,1.0,1.3623055022023727e-11,-38.439895892808465,43.53347579874443,0.0,106.75577836731779,2.0,0.0,0.29612073837965835,0.29612073837965835
3194,1,0.06101581067864016,0.025560668947903098,0.0057162583941015935,1.220152248878317,0.5110657782753067,1.33044109230042e-8,242942.30499337663,-38.7049452413799,6.0,1.0,0.3759189652842312,-38.7049452413799,42.166113882120975,0.24502850256270392,Inf,2.0,1.0,0.29612073837965835,0.29612073837965835
3195,1,0.06101581067864016,0.025560668947903098,0.0057162583941015935,1.220152248878317,0.5110657782753067,1.33044109230042e-8,242942.30499337663,-38.7049452413799,1.0,1.0,3.867408709248399e-124,-38.7049452413799,43.00067690314492,0.0,284.1679668326651,1.0,0.0,0.29612073837965835,0.29612073837965835
3196,1,0.06806517176797552,0.08956036897204299,0.02384716481556813,1.4384719366510081,0.1656559569003279,1.904540530320233e-8,305219.53410841554,-39.52582994035643,6.0,1.0,0.7600341879466015,-39.52582994035643,40.723295839501056,-0.5777048130314526,2541.3845446387963,2.0,1.0,0.29612073837965835,0.29612073837965835
3197,1,0.06806517176797552,0.08956036897204299,0.02384716481556813,1.4384719366510081,0.1656559569003279,1.904540530320233e-8,305219.53410841554,-39.52582994035643,3.0,1.0,0.000550548556235454,-39.52582994035643,40.18769270141148,0.0,544.3373434246485,2.0,0.0,0.29612073837965835,0.29612073837965835
3198,1,0.06760004741747977,0.08903749999847073,0.02889725593454089,1.5235798695942033,0.12358041489449366,2.8626146738391977e-8,973251.8671590717,-40.69634660603851,2.0,1.0,0.5,-40.69634660603851,45.10045579487835,-0.7698322513814873,1266.4158822629172,1.0,1.0,0.29612073837965835,0.29612073837965835
3199,1,0.06309402729722402,0.04596511501769138,0.02157384144613018,1.07794882516588,0.4256774727378773,2.5902164052536062e-8,1.1683157856629237e6,-39.087630936006605,7.0,1.0,0.6948609863012563,-39.087630936006605,42.79414931477845,-0.10446643895775054,2094.151696191731,2.0,1.0,0.29612073837965835,0.29612073837965835
3200,1,0.06931236062230944,0.047371090213545644,0.012098984457602761,1.3637076367312797,0.4870082905081913,5.48279987985253e-9,453244.92906290526,-38.8915710914532,15.0,1.0,0.4340819961814581,-38.8915710914532,40.78147237524551,0.10435637245898732,9.408697568842591,3.0,0.0,0.29612073837965835,0.29612073837965835
3201,1,0.06931236062230944,0.047371090213545644,0.012098984457602761,1.3637076367312797,0.4870082905081913,5.48279987985253e-9,453244.92906290526,-38.8915710914532,1.0,1.0,1.3803452611059677e-23,-38.8915710914532,41.68250003631985,0.0,52.637123481778815,1.0,0.0,0.29612073837965835,0.29612073837965835
3202,1,0.055944111991785894,0.0380129351356132,0.01314340060452817,1.1532722683706587,0.5099826064804229,4.685359072607924e-9,420671.7508151606,-39.05110465566297,5.0,1.0,0.7814740515484699,-39.05110465566297,39.49891227150519,-0.21263749164793921,71.17026751378357,2.0,0.0,0.29612073837965835,0.29612073837965835
3203,1,0.055944111991785894,0.0380129351356132,0.01314340060452817,1.1532722683706587,0.5099826064804229,4.685359072607924e-9,420671.7508151606,-39.05110465566297,11.0,1.0,0.13086873001808622,-39.05110465566297,40.86491503818313,0.0,1551.4996301236176,3.0,1.0,0.29612073837965835,0.29612073837965835
3204,1,0.07904381691278985,0.03999753987919712,0.008070674799309124,0.998939019438096,0.5432701257012329,3.962427385545579e-9,397488.1780151204,-40.248553590226265,3.0,1.0,0.16816822701199396,-40.248553590226265,41.88577362302143,0.684179385531948,107.61528280443423,2.0,0.0,0.29612073837965835,0.29612073837965835
3205,1,0.08182674805314229,0.040579521413183876,0.0047851802186227735,0.8407385275955719,0.7918847104625913,7.2097968586982635e-9,575322.9921797985,-41.08255236960848,5.0,1.0,0.4001388980589825,-41.08255236960848,43.475607720548574,-0.07079075579343197,3376.5250245616758,2.0,1.0,0.29612073837965835,0.29612073837965835
3206,1,0.0810103495214165,0.08583193966905801,0.049702913476200705,1.294361900561972,0.730888746251417,8.10661427266042e-9,1.4327158354212076e6,-40.984528451231704,7.0,1.0,0.8039176573910106,-40.984528451231704,44.83277425070179,-0.43369820373398227,1.0611193904836824,3.0,0.0,0.29612073837965835,0.29612073837965835
3207,1,0.07081280610709174,0.06662282430300227,0.059592240110146744,1.3817436549423716,0.54738012547952,1.3866572696108354e-8,1.4064069181633852e6,-40.05392697154778,7.0,1.0,0.7383002176248902,-40.05392697154778,43.599454912799665,0.0018292392809797775,11.26674483884613,3.0,0.0,0.29612073837965835,0.29612073837965835
3208,1,0.08558424684004556,0.04015493270921718,0.022306604217204973,1.1728973415535282,1.1935934137080753,8.977097057140782e-9,1.0354791959549743e6,-40.63735497059389,11.0,1.0,0.7526505804335719,-40.63735497059389,43.04074294957051,0.031115723105997972,610.5278034985944,3.0,0.0,0.29612073837965835,0.29612073837965835
3209,1,0.09637380564698347,0.026346990014063487,0.02204570052895638,0.988823680921606,1.1321334940090373,5.7035923754673766e-9,534631.672773052,-42.41732366982359,7.0,1.0,0.8663513753777392,-42.41732366982359,43.440963550863884,0.041041358238395276,1.3085795932090463,3.0,0.0,0.29612073837965835,0.29612073837965835
3210,1,0.0578019873347152,0.09627018480149555,0.029163768418705056,1.489730884234721,0.346273841623686,4.8783284427961106e-8,684149.8320595771,-41.16795312524805,15.0,1.0,0.5038959987365025,-41.16795312524805,44.84528750202078,-0.1935957135305557,6.367211570578313,4.0,0.0,0.29612073837965835,0.29612073837965835
3211,1,0.052814262835296645,0.096500836547919,0.02642582986847143,1.280419997044499,0.38267504377437817,3.775618733198074e-8,870284.7410607064,-41.183085629335096,7.0,1.0,0.14285746105678612,-41.183085629335096,42.67735149943564,-0.09225895581263899,49.30336181943665,3.0,0.0,0.29612073837965835,0.29612073837965835
3212,1,0.07069630777818656,0.09622774218279866,0.03262196484438312,0.42342383240407333,1.2223389919396923,5.7028424855052816e-8,4.0244661033834876e6,-43.99778085666668,5.0,1.0,0.6,-43.99778085666668,49.70944398571491,-0.14750611011225345,1514.9973511309795,2.0,1.0,0.29612073837965835,0.29612073837965835
3213,1,0.062420468689130884,0.016670757718287493,0.20430817695525896,0.4799613894783593,0.6606433024443072,4.573403416302782e-8,7.3593646127421195e6,-41.8553504132362,15.0,1.0,0.9948133350356956,-41.8553504132362,47.61072155350813,-0.07863879843250743,-0.24405309153114985,3.0,0.0,0.29612073837965835,0.29612073837965835
3214,1,0.06502936183963004,0.09157172059495433,0.4903378337472462,1.429456259470962,0.3625699128483334,4.4534900957899524e-8,8.353508310941023e6,-41.509555260523,7.0,1.0,0.9896378039102542,-41.509555260523,43.597026838050894,-0.1576124940691983,-0.39359136984574405,3.0,0.0,0.29612073837965835,0.29612073837965835
3215,1,0.0583456377934348,0.017051737079641683,0.23720316889887824,1.2120450294914011,1.0670171787610634,1.4000407128916443e-8,6.72313484449625e6,-42.1048472616037,15.0,1.0,0.9949616592516152,-42.1048472616037,43.54792296143744,0.016574144698942916,-0.10282608558753026,4.0,0.0,0.29612073837965835,0.29612073837965835
3216,1,0.046010400609252024,0.07197403596700734,0.6685084505797079,1.0646268759999657,0.1864301661741436,4.105802236658976e-8,3.4695867240676964e6,-40.65763309362404,7.0,1.0,0.9924674123310618,-40.65763309362404,43.280211727296916,-0.13957853477293725,-0.13957853477293725,3.0,0.0,0.29612073837965835,0.29612073837965835
3217,1,0.06376579096920522,0.0480794451034247,0.7163544787014612,1.3979547044870972,0.5165338835994022,5.898655756182985e-8,5.608263528688019e6,-40.05097151000087,7.0,1.0,0.9708063674005519,-40.05097151000087,41.70414678062865,0.0086719486325606,0.09181822343943224,3.0,0.0,0.29612073837965835,0.29612073837965835
3218,1,0.05966209657344014,0.05908478208451776,0.05072070375685513,1.5042729337176979,1.025520888420203,3.852940348783405e-8,2.7456339822346848e6,-39.972802097346396,15.0,1.0,0.9837231736661309,-39.972802097346396,41.56728876214589,-0.008233025421816365,0.05352627337007476,3.0,0.0,0.29612073837965835,0.29612073837965835
3219,1,0.07749847441240477,0.07826131166605908,0.5845854513207595,1.2689426959860062,1.2815826724448307,5.954201487617415e-8,5.140033477351328e6,-41.07479210229003,13.0,1.0,0.7861599926841616,-41.07479210229003,42.49297866623379,0.07198347424746032,31311.70729542317,3.0,1.0,0.29612073837965835,0.29612073837965835
3220,1,0.06133083439498838,0.09884266797622401,0.1611661869954894,0.6747548395877148,1.3590057892465073,7.105098869343324e-8,3.591140964003353e6,-44.73533446391859,7.0,1.0,0.9201164257795243,-44.73533446391859,45.82122239986154,0.10545974422083759,0.12633770562396052,3.0,0.0,0.29612073837965835,0.29612073837965835
3221,1,0.03607575758985822,0.09632200136206691,0.01565838939975134,0.7209286554140049,1.294094991148136,7.135173531279237e-8,2.6129513657286935e6,-44.62305810962961,11.0,1.0,0.7194211714161306,-44.62305810962961,47.832771771796935,0.01858322355772657,110.46327257673533,3.0,0.0,0.29612073837965835,0.29612073837965835
3222,1,0.01049135232141634,0.024621420757277128,0.9364162988186503,1.197759039323569,0.04741361431333077,9.263890583953763e-8,6.31491569468986e6,-50.54162291723362,7.0,1.0,1.0,-50.54162291723362,53.81597920314026,-0.020273976303272434,-0.2304923660788134,3.0,0.0,0.29612073837965835,0.29612073837965835
3223,1,0.011099565804732526,0.09089250768303486,0.27645753371466286,1.5298333344801296,0.21317880742779913,8.056105980076462e-8,2.8854800600428386e6,-45.35283094765396,7.0,1.0,0.9901867913056682,-45.35283094765396,53.29318479328802,-0.11411759692796153,-0.17969053371162147,3.0,0.0,0.29612073837965835,0.29612073837965835
3224,1,0.010982816682504634,0.0913814385146393,0.3167590496013941,1.3239933224133855,0.2270956738090559,8.314565089558622e-8,3.5530606941373753e6,-45.08897528919043,7.0,1.0,0.9955473598450038,-45.08897528919043,46.06690899953421,-0.034398860959015565,-0.11484626150868138,3.0,0.0,0.29612073837965835,0.29612073837965835
3225,1,0.047916479589790444,0.02225133825763937,0.8002421526947698,0.40275381491125384,1.0459416877652925,3.56225138465983e-9,3.899122014619482e6,-43.6047355226046,15.0,1.0,0.9599074916386582,-43.6047355226046,51.89392777330119,-0.10008547715253258,0.10598010186743068,4.0,0.0,0.29612073837965835,0.29612073837965835
3226,1,0.05719008582276487,0.08157422839249383,0.6151214004980244,0.4353764405940208,1.202028065259063,5.394732935256314e-9,4.428403166333545e6,-42.66317239303713,7.0,1.0,0.9652065531487787,-42.66317239303713,47.45068630139626,-0.037980874863400516,-0.0920605685168212,3.0,0.0,0.29612073837965835,0.29612073837965835
3227,1,0.04442672779994324,0.0977768034999697,0.8706301626163402,0.5174641318009419,0.8121597395019612,3.3188388118348996e-8,4.976490992664416e6,-43.42434637534373,15.0,1.0,0.9483621057156432,-43.42434637534373,46.189891008396394,0.05141629852440133,0.15055470161986761,3.0,0.0,0.29612073837965835,0.29612073837965835
3228,1,0.0872528581488707,0.027413788450854543,0.22155050595889267,1.570456076805168,0.49533895074163653,6.101415928559119e-8,2.866967098823949e6,-40.725588793050825,15.0,1.0,0.9990408438006247,-40.725588793050825,44.80365754492506,-0.04387462787164509,-0.13138973791917863,4.0,0.0,0.29612073837965835,0.29612073837965835
3229,1,0.08797685664898677,0.08746729653179125,0.36858045677763307,1.0667563660464312,0.9384763516349017,9.552125589767809e-8,3.5267618171124333e6,-42.53381632552386,7.0,1.0,0.9670567634253036,-42.53381632552386,43.49358229700212,0.0554097294512772,0.0554097294512772,3.0,0.0,0.29612073837965835,0.29612073837965835
3230,1,0.04829000237291043,0.06512418886888438,0.3601854788644448,0.4718870000472887,1.1415331089364202,6.543578298541773e-9,4.050001790132974e6,-41.785239905820646,15.0,1.0,0.9906301489059924,-41.785239905820646,45.62899718871734,-0.034527542612167395,-0.07639038521256936,3.0,0.0,0.29612073837965835,0.29612073837965835
3231,1,0.07138712224864653,0.06654645526356431,0.7393487594960193,1.5689595881045222,0.7052231001690265,2.211377377996563e-8,3.8296806797261364e6,-40.53667912447759,7.0,1.0,0.9949137161285316,-40.53667912447759,42.934951425826576,-0.02110741785056547,-0.02110741785056547,3.0,0.0,0.29612073837965835,0.29612073837965835
3232,1,0.0954707628233512,0.035031622124684726,0.09899761532202098,0.22714266375324968,0.9077070176058478,4.540606310363197e-8,2.456727870836141e6,-43.38205359145692,7.0,1.0,0.9090400992210249,-43.38205359145692,44.829818526104155,0.038556374027585605,0.20769629587960026,3.0,0.0,0.29612073837965835,0.29612073837965835
3233,1,0.012122894658605632,0.060687327356551274,0.7146846183789649,0.27236866351472255,0.9679741747134721,9.371754579237843e-8,6.260088245119239e6,-44.93690302928516,25.0,1.0,0.5019665943201583,-44.93690302928516,47.966051920797746,0.01736953483774073,Inf,4.0,1.0,0.29612073837965835,0.29612073837965835
3234,1,0.024365218513815047,0.06873420915655673,0.3519807695711691,0.5508139496764495,0.46390455383731605,9.765189560076615e-8,4.955181595052628e6,-42.99069268226556,7.0,1.0,0.9970353162778594,-42.99069268226556,46.44309881417247,-0.05767737212904933,-0.0748196633128515,3.0,0.0,0.29612073837965835,0.29612073837965835
3235,1,0.08658356872684118,0.03158482543401955,0.6530745113083671,1.5998550594364085,0.9425451963126118,9.767505403770413e-8,5.975626132032119e6,-43.41002852149906,15.0,1.0,0.9844695977947229,-43.41002852149906,46.28805838437912,0.03893296062315699,0.14168681474880884,4.0,0.0,0.29612073837965835,0.29612073837965835
3236,1,0.03612227319532391,0.040778985487795405,0.3396341171702556,0.5796707814117025,0.12796895815334622,9.952719560122082e-8,7.604447862123331e6,-45.38584507038776,15.0,1.0,0.9713536064007345,-45.38584507038776,47.70259957041209,-0.03102458839853739,0.3234805383726851,4.0,0.0,0.29612073837965835,0.29612073837965835
3237,1,0.06221849792124774,0.08627199258130884,0.9307003818275548,1.6907995833649843,1.271500507312322,9.964226142152888e-8,3.760822817494899e6,-47.45504868417728,15.0,1.0,0.8779514007295461,-47.45504868417728,49.916021224544004,0.05415186728002652,1.0361808851476368,4.0,0.0,0.29612073837965835,0.29612073837965835
3238,1,0.02301926276191141,0.02270443642318414,0.02853136592948765,1.5040909975830647,0.168220036810981,7.088113470592223e-8,4.792430198622525e6,-44.03599264467842,15.0,1.0,0.9823631866557442,-44.03599264467842,49.27695746860596,-0.02145795225241187,-0.4304500533508886,4.0,0.0,0.29612073837965835,0.29612073837965835
3239,1,0.04859530248010442,0.0878862605976362,0.38941757197343735,1.085037357716664,0.3055775379944205,8.913981327366233e-8,3.497592058507508e6,-41.49037275184155,15.0,1.0,0.597409661380735,-41.49037275184155,46.32647862447906,-0.14162757065799525,125.63245503008115,3.0,0.0,0.29612073837965835,0.29612073837965835
3240,1,0.08955382192232948,0.020799517051082194,0.224770179182843,0.9026835259306744,1.189910982956908,3.604252581983994e-8,2.5004835323059144e6,-41.75348341817276,15.0,1.0,0.9717510298238492,-41.75348341817276,44.65084987214569,0.032684504804969094,0.05597101790198167,4.0,0.0,0.29612073837965835,0.29612073837965835
3241,1,0.015038203345909648,0.06689491777975418,0.2560873691651075,1.9488867215674297,0.4893833146480563,2.5847621166585284e-8,6.089702032566568e6,-44.06004695615589,15.0,1.0,0.8758488888922195,-44.06004695615589,47.52885424213014,0.1437334407451445,0.3096586169201174,3.0,0.0,0.29612073837965835,0.29612073837965835
3242,1,0.012421985654578789,0.03441620858989518,0.6943468083309529,1.9152077576460265,1.0215370041515983,6.494785768391266e-8,5.6940372658928605e6,-44.273372152585466,7.0,1.0,0.9994492758638572,-44.273372152585466,46.244895297709334,-0.0017319160190680805,-0.04999274911076412,3.0,0.0,0.29612073837965835,0.29612073837965835
3243,1,0.01086069982681172,0.0733658179065079,0.5968453025146837,1.5142425711308882,0.3757848386402498,7.117454411379986e-8,3.0540779678744845e7,-46.33569729832925,7.0,1.0,0.8574750849008963,-46.33569729832925,48.71903546022931,0.09808127002359868,0.739467701500665,3.0,0.0,0.29612073837965835,0.29612073837965835
3244,1,0.02540825811904414,0.025010662897198086,0.6128958579546792,1.3187285936529254,0.7456203942728015,7.35302778649764e-8,5.736040196627488e6,-41.05434762188056,7.0,1.0,0.9310765912512825,-41.05434762188056,47.874556179964635,-0.17691642814745734,-0.6517148458643618,3.0,0.0,0.29612073837965835,0.29612073837965835
3245,1,0.08782265806495825,0.07800121367998329,0.6232815804188899,0.12006095237200304,0.7051437206187094,3.775370619329087e-8,5.577330455458575e6,-43.88185612819039,15.0,1.0,0.9533214733479066,-43.88185612819039,45.86670329566725,0.05736644826762216,0.07123043710083721,4.0,0.0,0.29612073837965835,0.29612073837965835
3246,1,0.022487037985788147,0.026689437793695016,0.09880031789274937,1.9207167276300847,0.3598170504422271,5.970255840558575e-8,4.935633044939964e6,-43.6087923079412,15.0,1.0,0.9127079137984447,-43.6087923079412,48.846636223869396,0.09284033866613584,0.19927215161248313,4.0,0.0,0.29612073837965835,0.29612073837965835
3247,1,0.018542470405149246,0.09346384908871558,0.24720057756027167,1.1618956290948248,0.4059161105500722,4.622358535345896e-8,3.054363014622383e6,-42.35689685764407,7.0,1.0,0.9961928518407187,-42.35689685764407,46.369456531893945,-0.04643906461197389,-0.11500600849064568,3.0,0.0,0.29612073837965835,0.29612073837965835
3248,1,0.09304340639362349,0.01843199461354362,0.5153495543702413,1.579334530911705,1.249668950664168,6.130269550427398e-8,5.010973245649028e6,-42.796915851917994,7.0,1.0,0.9816467736787432,-42.796915851917994,45.655422955584235,0.015609123690090598,-0.1742278451143804,3.0,0.0,0.29612073837965835,0.29612073837965835
3249,1,0.027359669193287944,0.09067092444241515,0.08900577680044924,0.9530052645510643,0.1640368292869429,3.637791587859141e-8,3.0904852502454976e6,-42.80910565536779,15.0,1.0,0.9961076934863196,-42.80910565536779,44.54618541522485,-0.02262852255889669,-0.1138793334716155,4.0,0.0,0.29612073837965835,0.29612073837965835
3250,1,0.07439956125201982,0.04197965616722617,0.5585095171075938,1.3122510909181941,1.3503499417296914,7.052342974893471e-8,4.559118008095044e6,-41.412044690833866,15.0,1.0,0.9983334536778362,-41.412044690833866,44.62034864046676,-0.06420159215140586,-0.06420159215140586,4.0,0.0,0.29612073837965835,0.29612073837965835
3251,1,0.08516116528533134,0.03191316471918539,0.4744675254722732,0.4894834700508961,0.5767923079264895,7.19309649804266e-8,3.2930024275267344e7,-43.78022328322061,7.0,1.0,0.9129213779368391,-43.78022328322061,46.721435296333325,0.15402945642556176,-0.7204415461924683,3.0,0.0,0.29612073837965835,0.29612073837965835
3252,1,0.0806152928813962,0.030758800567402704,0.22902347045956434,1.2824423411858907,0.6410239624348479,3.8267702784415864e-8,3.61250392724534e7,-43.53675817036312,15.0,1.0,0.9989354555587321,-43.53675817036312,46.97676071530499,-0.008415075109056147,-1.711171565317649,3.0,0.0,0.29612073837965835,0.29612073837965835
3253,1,0.08083728377184643,0.02578911534577509,0.1695086572557849,0.987400203299403,0.6769101136556037,5.493835129692739e-8,3.4206654705054946e7,-43.74930095953343,7.0,1.0,0.8663445325683072,-43.74930095953343,45.71733832997191,0.011871960880185384,2.3479229213995936,2.0,0.0,0.29612073837965835,0.29612073837965835
3254,1,0.09209928810165456,0.0527545129511434,0.8740986455611569,0.37785461042870694,0.7585684062882192,3.6860923204421284e-8,1.6134151485154345e6,-45.17052165216229,7.0,1.0,0.924568786163128,-45.17052165216229,47.11324557260781,-0.29534269089847953,-0.9462800435338536,3.0,0.0,0.29612073837965835,0.29612073837965835
3255,1,0.09570319445977882,0.05409840429572055,0.8961655910424979,0.6787094028414162,0.8300736698029042,3.528170344602497e-8,2.4191411192121627e6,-43.24325862528651,15.0,1.0,0.814275696751775,-43.24325862528651,47.08649322593501,-1.2453935157757599,3.5365963567149308,3.0,0.0,0.29612073837965835,0.29612073837965835
3256,1,0.07848684641449975,0.01989165308058949,0.38908020971045154,0.6622487820457582,1.0676013462734806,1.7502108920523466e-8,7.830996509546101e6,-42.07944872674318,7.0,1.0,0.9988280339914157,-42.07944872674318,45.304358623535556,-0.04243376588694048,-0.06695396215090454,3.0,0.0,0.29612073837965835,0.29612073837965835
3257,1,0.06025708942146261,0.07816798810433427,0.5639151197682012,1.6431124002852275,0.5828047581036923,8.234051089711761e-8,3.790730751613018e6,-40.65584066831188,15.0,1.0,0.9778265451677366,-40.65584066831188,45.69013056121253,-0.15133232638443417,0.18197232098017224,4.0,0.0,0.29612073837965835,0.29612073837965835
3258,1,0.01741181994175927,0.03364214805757527,0.6272728768215372,1.0445348159510834,1.3516183515568385,9.601876167336025e-9,7.858507019157628e6,-44.065749342906024,7.0,1.0,0.8721625375569168,-44.065749342906024,45.90396108216176,0.17342143742597216,0.18594625412631416,3.0,0.0,0.29612073837965835,0.29612073837965835
3259,1,0.07813525161732275,0.029198554657815193,0.20726193249027375,0.758266104716233,1.142144613476445,9.517474113163741e-8,4.80460453183495e6,-42.4761330489621,15.0,1.0,0.9783460212385519,-42.4761330489621,47.49994998316935,-0.31345169564141173,-0.49645986687586685,4.0,0.0,0.29612073837965835,0.29612073837965835
3260,1,0.027933970919936796,0.058772416337790505,0.4493756187655223,1.2145548587600403,0.6076543421167481,2.4721260669166203e-8,3.286222697774885e6,-40.209892906152035,7.0,1.0,1.0,-40.209892906152035,43.260644228315215,-0.09022207519326031,-0.09022207519326031,3.0,0.0,0.29612073837965835,0.29612073837965835
3261,1,0.04117719263891075,0.07745144685364072,0.324954065675465,1.6605733591599032,1.0427862492408821,3.9572709256743524e-8,1.0029665934976239e7,-41.437699667470234,15.0,1.0,0.9034821413938903,-41.437699667470234,42.25536725352516,0.14150888553650276,0.3036451636572437,4.0,0.0,0.29612073837965835,0.29612073837965835
3262,1,0.03231012082559758,0.08134491429562557,0.29149043276336584,1.8441608556373617,1.1053260465196506,4.5305717445031774e-8,6.606853947803385e6,-42.018265673319,7.0,1.0,0.9916784887636184,-42.018265673319,44.59873062257624,0.009510649053297016,-0.14424332375535442,3.0,0.0,0.29612073837965835,0.29612073837965835
3263,1,0.03667942034613245,0.022859405014012124,0.8209703264654744,1.90558518852495,0.6125507964098832,5.192407382473006e-8,4.876260298458149e6,-42.64475273363781,15.0,1.0,0.9911442795043073,-42.64475273363781,44.1929243189041,-0.009188721479759465,-0.22882443776369144,3.0,0.0,0.29612073837965835,0.29612073837965835
3264,1,0.07580539884206629,0.024212966811445948,0.2561908858083859,1.7107002535127844,1.189698379801725,5.934360220617867e-8,5.0471309904608345e6,-41.496452540494886,7.0,1.0,0.9891279199398941,-41.496452540494886,44.768119774021585,-0.014407239863515997,0.07641505913770175,3.0,0.0,0.29612073837965835,0.29612073837965835
3265,1,0.08995672352779095,0.08142404693983027,0.13831708636516518,1.9058549103579598,0.7880643598925734,9.217979115748164e-8,4.9858310941276895e6,-43.850239279037204,7.0,1.0,0.9489056632505867,-43.850239279037204,45.99448002654707,0.06072021657941207,0.23480832506719906,3.0,0.0,0.29612073837965835,0.29612073837965835
3266,1,0.08693861578862008,0.0368392562947036,0.1843331766261934,1.904296160606488,0.13651194089462565,6.683318053544395e-8,6.364947465961432e6,-43.63395881034934,7.0,1.0,0.9751938684861038,-43.63395881034934,46.96843129393197,-0.20493135075125224,-0.3876360070588234,3.0,0.0,0.29612073837965835,0.29612073837965835
3267,1,0.050270080068647985,0.07396555537778272,0.1688509852477493,1.9481007137672253,0.43806086983241943,4.237045358536554e-8,1.0916043183051148e7,-43.39655563257389,15.0,1.0,0.9959281140681422,-43.39655563257389,46.09693165366759,-0.028606709475283765,-0.6062965772680116,4.0,0.0,0.29612073837965835,0.29612073837965835
3268,1,0.06045776281712181,0.06119186205433359,0.4881469638192015,0.21022190448397537,0.9751635227233983,3.718575430311646e-8,9.501444691066382e6,-41.853478817651435,15.0,1.0,0.852679232622166,-41.853478817651435,47.62723444209051,0.304805615955992,0.473281284897098,4.0,0.0,0.29612073837965835,0.29612073837965835
3269,1,0.0747385140671607,0.039824276811499734,0.043713035032562034,1.7442783147093692,0.4883706428964522,7.110722381246965e-8,2.5802329427200165e6,-40.77107360761468,15.0,1.0,0.94826348471031,-40.77107360761468,44.657303722649004,0.05650369944281408,0.34579672970189534,4.0,0.0,0.29612073837965835,0.29612073837965835
3270,1,0.017716380466723435,0.019665442628176752,0.19437755437380555,1.1341921719002095,0.5029356845753364,5.540657986098548e-8,3.7117091752065145e6,-41.935842400777226,15.0,1.0,0.912702818377596,-41.935842400777226,44.80192662325872,0.1022214588608179,0.2579463512392479,3.0,0.0,0.29612073837965835,0.29612073837965835
3271,1,0.019568731804384072,0.033998541378169704,0.07220420137645138,0.7834771570669248,1.076756841869047,5.686746495019574e-8,6.430919456105062e6,-42.41636932072862,15.0,1.0,0.9577784470755439,-42.41636932072862,44.4663070677552,0.06260847718438356,0.1017524626772186,4.0,0.0,0.29612073837965835,0.29612073837965835
3272,1,0.05028103798365858,0.02724341322536568,0.03435894522354646,1.7790327438050622,1.1185730769862665,6.563450328915906e-8,1.2776750417445593e6,-40.7386343449046,15.0,1.0,0.5009019968224928,-40.7386343449046,45.489519829450636,-0.4880824761535578,1.9997740591731556,4.0,0.0,0.29612073837965835,0.29612073837965835
3273,1,0.062469973085891015,0.06050174177718744,0.01533269596480331,1.614801925715343,0.707135936326892,7.660197174298596e-8,1.8074799535136023e6,-41.06109705948011,7.0,1.0,0.4396930911875964,-41.06109705948011,43.29078093681297,0.3019309302711122,2.0617627424737535,3.0,0.0,0.29612073837965835,0.29612073837965835
3274,1,0.0639297760274477,0.051944646310161616,0.7342232581526377,1.9252040560331534,1.252251302114754,4.25994740778014e-8,6.598421585159281e6,-42.70198808714476,15.0,1.0,0.9948680590373937,-42.70198808714476,44.28855508510568,0.0023885557330487472,-0.708893222630941,4.0,0.0,0.29612073837965835,0.29612073837965835
3275,1,0.07048811286639668,0.07510904701228026,0.9022997113702982,0.6738058409711706,0.4403372613040075,6.492826547456479e-8,7.921285648169312e6,-42.12983254935671,13.0,1.0,0.8874037142626038,-42.12983254935671,46.22783178400081,-0.058051827823433655,662.3344558394085,3.0,0.0,0.29612073837965835,0.29612073837965835
3276,1,0.026188981729711458,0.02522908645309663,0.2949416571307349,0.19666185774690184,1.266789265446544,5.4500029222104464e-8,1.1005185361725e7,-44.1263559639305,7.0,1.0,0.9670694820252372,-44.1263559639305,46.76024246361658,0.04757467691248962,-0.1683330861343535,3.0,0.0,0.29612073837965835,0.29612073837965835
3277,1,0.02208262503808766,0.05709876768503639,0.7852235970862359,0.2526905562599538,0.8718495587510734,5.8098203815911776e-8,2.7031165204893607e6,-42.3467488432712,7.0,1.0,0.9801131658893197,-42.3467488432712,45.10228776168374,-0.17771412021011201,-0.17771412021011201,3.0,0.0,0.29612073837965835,0.29612073837965835
3278,1,0.04377518850029053,0.03818813453869065,0.18246750484635615,0.7347718325768631,0.7040449353397259,1.6667699965947152e-8,2.8806950437173516e7,-43.357046677235594,15.0,1.0,0.3771108495565363,-43.357046677235594,46.981909898137005,0.5430504748714569,10.304079154365766,3.0,0.0,0.29612073837965835,0.29612073837965835
3279,1,0.03514619372593874,0.07591337282962483,0.08500895929690504,1.3946940714244873,0.5922614658826958,7.170071412407223e-8,7.1132502774810335e6,-41.52345082358917,15.0,1.0,0.26978224701880504,-41.52345082358917,49.10156857021265,-0.05424240210768971,6.1833903233527465,3.0,0.0,0.29612073837965835,0.29612073837965835
3280,1,0.01773608626830045,0.035426211734109855,0.827395310288138,0.6937662073445022,1.2381356418987726,7.74183180180636e-8,2.649156496549892e6,-43.1588884332583,7.0,1.0,0.9895176387391518,-43.1588884332583,44.42647306634348,0.0505631043346213,-0.09725019831721937,3.0,0.0,0.29612073837965835,0.29612073837965835
3281,1,0.0956237026145201,0.08022542362078053,0.060248191931886824,0.4123000651743449,0.17125597595047107,1.5508040314928155e-8,4.813877870792758e6,-44.63153874544464,7.0,1.0,0.997257223569558,-44.63153874544464,45.97789320191106,0.00955241715507782,-0.20680956877944112,3.0,0.0,0.29612073837965835,0.29612073837965835
3282,1,0.08985469741391072,0.04240656494723194,0.057061239147009654,0.6722583848678003,1.1645360992892446,1.7666334976657014e-8,2.76445101888658e6,-41.82300593730534,7.0,1.0,0.998618013014121,-41.82300593730534,46.05750918276701,-0.21599479143630163,-0.25644683979334104,3.0,0.0,0.29612073837965835,0.29612073837965835
3283,1,0.09729971647934908,0.06778800781180312,0.6073761602325672,1.1424728763479752,0.36959162117194255,8.821185855867384e-8,3.909206143627834e6,-42.692426245919165,11.0,1.0,0.8970296931995837,-42.692426245919165,45.19220223655274,-0.014792810865330352,1823.830045748208,3.0,1.0,0.29612073837965835,0.29612073837965835
3284,1,0.09951144691893184,0.014259590370426414,0.29555005560932146,0.9385239242364977,0.5449823950827444,9.632898107065722e-8,6.958095811825103e6,-47.250864599671644,7.0,1.0,0.9284464017604142,-47.250864599671644,48.22981099627371,0.14502513595725475,0.14502513595725475,3.0,0.0,0.29612073837965835,0.29612073837965835
3285,1,0.09410603745882648,0.020485567502605006,0.6071473989902869,0.47736600220657177,0.41189075061064295,9.698444207204733e-8,1.083275192841774e7,-45.392427043449345,15.0,1.0,0.9606217759399996,-45.392427043449345,49.528459270822495,-0.006245623293693825,-0.26569662439772657,4.0,0.0,0.29612073837965835,0.29612073837965835
3286,1,0.03085413836683879,0.0793469318917695,0.45326968991032,0.8664378307080908,0.4525408512176893,5.464841282753775e-8,8.961087233965434e6,-40.913622293672965,15.0,1.0,0.9672204297306908,-40.913622293672965,47.12400765783611,-0.14332554031021516,-0.22194092306859403,3.0,0.0,0.29612073837965835,0.29612073837965835
3287,1,0.035958317603156764,0.07100571977800518,0.7659777764409549,0.761810926043787,0.47911939478313204,6.064465820929733e-8,2.370016981874913e6,-41.11556430151309,7.0,1.0,0.6128941803380549,-41.11556430151309,47.2796423230174,-0.9829294489801441,23.423598504409995,3.0,0.0,0.29612073837965835,0.29612073837965835
3288,1,0.0834533315453348,0.04169510480954806,0.07477479679289806,1.148681161705019,1.03633575916819,5.0611257308668476e-8,2.666991770258249e6,-40.13403789621089,7.0,1.0,1.0,-40.13403789621089,43.12374508653081,-0.16934162118553076,-0.1850711970150769,3.0,0.0,0.29612073837965835,0.29612073837965835
3289,1,0.05765771308622668,0.08066285515405847,0.010307269872451306,1.7029904914362448,0.8258081871160564,4.36465840322001e-8,844583.3251866645,-39.947875183680864,7.0,1.0,0.9714201234694381,-39.947875183680864,41.96493454350407,0.11391605711022379,0.11391605711022379,3.0,0.0,0.29612073837965835,0.29612073837965835
3290,1,0.041335107186249165,0.06930136534788374,0.01185098841891875,1.784787971176501,0.9062015979635347,4.063548657776182e-8,756993.1184327501,-39.97438800146795,11.0,1.0,0.3266991122112714,-39.97438800146795,41.13529174495211,-0.29763820742220304,131.286654061462,3.0,0.0,0.29612073837965835,0.29612073837965835
3291,1,0.0935881310449946,0.06403778254534745,0.03918276098027173,1.3313825855507733,0.9891047864431671,3.738465533062315e-8,1.198108353078024e6,-40.15342389376619,7.0,1.0,1.0,-40.15342389376619,41.487019321359426,-0.07817726203006714,-0.3847882233643318,3.0,0.0,0.29612073837965835,0.29612073837965835
3292,1,0.07041323140126057,0.046330686629777455,0.030541458019546653,1.5945450520090911,0.26151390432441807,4.69612245124395e-8,986972.908604253,-39.311396091194354,15.0,1.0,0.30889380037386227,-39.311396091194354,41.41169723736816,0.0048524179770339515,89.42361372280763,4.0,0.0,0.29612073837965835,0.29612073837965835
3293,1,0.08758722347230476,0.057170700025417,0.0243096075033356,1.460324475466951,0.11510628139054632,8.531490620487571e-9,854802.5940944705,-41.28557077395804,15.0,1.0,0.08207341388313547,-41.28557077395804,44.84297025675772,0.3915398558385519,9.850095066552953,3.0,0.0,0.29612073837965835,0.29612073837965835
3294,1,0.05803075193542118,0.04458401173395553,0.02085324173332272,1.00910264929185,0.16511455060343366,1.545100742125249e-8,543923.9002773798,-40.03841113944599,31.0,1.0,0.08861240434276628,-40.03841113944599,43.004519726801014,-0.7038996695268978,8.680460731505477,4.0,0.0,0.29612073837965835,0.29612073837965835
3295,1,0.0964220517584819,0.07260222189441465,0.019584482470981796,1.2334615712977215,0.44690921165905706,2.7693278850963188e-8,875325.0976293259,-41.02364114475124,7.0,1.0,0.4955389638530958,-41.02364114475124,43.1328679363358,0.051786116849449115,25.71337501540983,3.0,0.0,0.29612073837965835,0.29612073837965835
3296,1,0.04731840510140774,0.018467040528873907,0.06877510123321505,1.6405815857679882,0.4792537183262273,6.2646237818058764e-9,2.878318654361254e6,-42.72027327231062,7.0,1.0,0.793422285572342,-42.72027327231062,46.40795387584017,0.17100822304157504,0.37472890168012896,3.0,0.0,0.29612073837965835,0.29612073837965835
3297,1,0.03968382744845407,0.03406535308109174,0.22210793310856342,1.7309310621829335,0.6743331933784585,7.145867697368912e-9,2.202092594194713e6,-42.36515432283751,7.0,1.0,0.9172664504854521,-42.36515432283751,44.90918067092647,-0.634154506783311,-0.634154506783311,3.0,0.0,0.29612073837965835,0.29612073837965835
3298,1,0.031076109024196247,0.05550650594345987,0.8339778172231681,1.738524666402019,1.3249393133343723,3.095115511257856e-8,1.3227284933482071e7,-43.92658662837776,7.0,1.0,0.9624303080480863,-43.92658662837776,45.803947035466386,0.0546589074153232,-0.17415008232182316,3.0,0.0,0.29612073837965835,0.29612073837965835
3299,1,0.061547543198908324,0.047854668764596764,0.45774055994951623,0.20656912431154192,0.03386917818994681,3.198827418864611e-8,8.1671605468222285e6,-45.56291160003617,15.0,1.0,0.9922100355589117,-45.56291160003617,51.16216536725218,-0.4707010065387536,-0.5370071845246116,4.0,0.0,0.29612073837965835,0.29612073837965835
3300,1,0.06087526442607054,0.04268998938499048,0.4014846089624396,0.2832336076616353,0.02888784201099465,3.5494162020428706e-8,2.7270109911363446e6,-46.074612870152926,15.0,1.0,0.982105569309606,-46.074612870152926,47.40423970652429,-0.1311574101895019,0.19994704304821198,4.0,0.0,0.29612073837965835,0.29612073837965835
3301,1,0.050612129721251356,0.04473418462245576,0.2566647735165715,0.16467327354973046,0.03358919514883017,6.737282150575582e-8,8.963841286504844e6,-46.43965325176251,15.0,1.0,0.5764635085859504,-46.43965325176251,49.87770600519384,0.8521796615071224,1.1031074852227079,4.0,0.0,0.29612073837965835,0.29612073837965835
3302,1,0.06378196831637291,0.03653815421804184,0.03763898685231872,1.9611419419739335,1.3169955186136117,5.7676801362502785e-9,872310.2574134989,-43.23971968894935,15.0,1.0,0.9454446606764596,-43.23971968894935,49.310773541215504,-0.5315759755364198,-0.5315759755364198,4.0,0.0,0.29612073837965835,0.29612073837965835
3303,1,0.06378196831637291,0.03653815421804184,0.03763898685231872,1.9611419419739335,1.3169955186136117,5.7676801362502785e-9,872310.2574134989,-43.23971968894935,15.0,1.0,0.12032725095903254,-43.23971968894935,46.4764124000699,0.0,12.647890973502875,3.0,0.0,0.29612073837965835,0.29612073837965835
3304,1,0.06378196831637291,0.03653815421804184,0.03763898685231872,1.9611419419739335,1.3169955186136117,5.7676801362502785e-9,872310.2574134989,-43.23971968894935,15.0,1.0,0.03709193309691009,-43.23971968894935,49.38297603582608,0.0,17.107900600163525,4.0,0.0,0.29612073837965835,0.29612073837965835
3305,1,0.07078183676198625,0.07363939227353111,0.12107389819257248,0.18221055127173694,1.1190371205476661,7.202534963255955e-8,3.653743751175216e6,-42.710117643887116,15.0,1.0,0.9172791049051974,-42.710117643887116,47.82583222280191,0.07332013796754921,0.16186599411045677,3.0,0.0,0.29612073837965835,0.29612073837965835
3306,1,0.05633874473722856,0.054336672476069624,0.0513638504514655,0.262251334606245,0.9623307420289465,7.804262261122162e-8,2.861574413658502e6,-42.26949786727594,7.0,1.0,0.9911176466431701,-42.26949786727594,43.86053993080457,-0.02078777379959007,-0.05792520930806688,3.0,0.0,0.29612073837965835,0.29612073837965835
3307,1,0.029079505755289815,0.07851794700469909,0.8829765936505498,1.5250820341456683,0.38354622335187055,1.1987716422183174e-8,5.8474564807084715e6,-42.91573691473987,15.0,1.0,0.958057965122577,-42.91573691473987,45.04246331014837,0.09140225185642947,-0.20132417513941192,3.0,0.0,0.29612073837965835,0.29612073837965835
3308,1,0.09497981371375856,0.039196080727076046,0.26947313484859947,1.3398102390660258,0.8130108822206757,3.057065843276179e-8,2.968156611167517e6,-41.01736747746611,7.0,1.0,0.998240331986456,-41.01736747746611,44.73683885930452,-0.029712425474862414,-0.08965154560999622,3.0,0.0,0.29612073837965835,0.29612073837965835
3309,1,0.09577756495025062,0.07285811143899992,0.06235407657285959,0.7652049866928975,0.38420163500612065,3.201241726867868e-8,1.8220167595992086e6,-41.76171357173836,15.0,1.0,0.5739036928463412,-41.76171357173836,44.341525763738396,0.014368069705554376,11.810387856571275,3.0,0.0,0.29612073837965835,0.29612073837965835
3310,1,0.04052941372402297,0.06792733373461801,0.07544704791180117,1.9336523298235824,1.3632867405266407,6.143427489932779e-8,2.677227007962157e6,-43.679114507901645,31.0,1.0,0.9415442965230444,-43.679114507901645,46.30439861366828,0.055002799796476154,0.11693361614694453,4.0,0.0,0.29612073837965835,0.29612073837965835
3311,1,0.09158728464953479,0.048830806205193006,0.07056190794371278,1.938312142254126,0.10083850946983382,3.183132485369671e-8,777124.45705579,-43.10171561377582,15.0,1.0,0.97041031296307,-43.10171561377582,46.38947037983965,0.2537452688169708,0.2537452688169708,4.0,0.0,0.29612073837965835,0.29612073837965835
3312,1,0.09158728464953479,0.048830806205193006,0.07056190794371278,1.938312142254126,0.10083850946983382,3.183132485369671e-8,777124.45705579,-43.10171561377582,15.0,1.0,0.048419481112703514,-43.10171561377582,44.62453164508968,0.0,11.11650255854601,4.0,0.0,0.29612073837965835,0.29612073837965835
3313,1,0.03799407478688651,0.05789129888630776,0.3022666611049917,0.7035314462076443,1.3972273712875825,8.404476664918235e-8,3.4040467172012366e6,-42.88144052791444,17.0,1.0,0.386495604519668,-42.88144052791444,46.14901088739758,-0.16949620683954691,Inf,4.0,1.0,0.29612073837965835,0.29612073837965835
3314,1,0.0385073318422022,0.04395805405416913,0.6438108496957087,1.00538113315935,0.8178524428502003,2.968870741117656e-8,5.910130691109518e6,-40.056055697267354,7.0,1.0,0.9892032147343114,-40.056055697267354,44.05074334842597,-0.08824444193133019,-0.08824444193133019,3.0,0.0,0.29612073837965835,0.29612073837965835
3315,1,0.04567587846456706,0.042371725132495035,0.48178318991364383,1.1407948160081924,0.7193297550758232,2.2834932502948736e-8,2.5811398290843247e6,-40.13083058973707,15.0,1.0,0.5936384783980528,-40.13083058973707,42.74795343900789,-0.22496776713709465,3.773704553683629,3.0,0.0,0.29612073837965835,0.29612073837965835
3316,1,0.06948797906719892,0.092792877394922,0.5314477241057561,1.4548596495319734,1.1395061849001993,4.568365526629399e-8,6.039555006664332e6,-41.46269205030084,7.0,1.0,0.7647622916173695,-41.46269205030084,43.35870015085758,0.276738931685621,0.3769847397605801,3.0,0.0,0.29612073837965835,0.29612073837965835
3317,1,0.060968362263410694,0.03617836279813602,0.011827617251898029,1.4614233499016593,1.0213238611349216,5.698575119023215e-8,3.319466908755557e6,-41.4992312515085,15.0,1.0,0.9723398147673371,-41.4992312515085,43.75086759208759,-0.04538268942241075,0.33044566316161195,3.0,0.0,0.29612073837965835,0.29612073837965835
3318,1,0.04526124442011385,0.07387992592203785,0.9253844845881762,0.8407020305136237,0.15537848944345461,2.5803660677707863e-8,2.974768567424479e6,-43.18734270115618,9.0,1.0,0.8837749647622678,-43.18734270115618,44.563526699993055,0.016358041933045797,91.77806187917344,3.0,0.0,0.29612073837965835,0.29612073837965835
3319,1,0.07055443763546689,0.06555040615677221,0.02307391308951539,0.742164610262745,1.304258304696148,6.202444130343233e-8,1.2353370379264483e6,-41.99508318521286,15.0,1.0,0.8728516722982942,-41.99508318521286,46.61724911072524,-0.07606260972128354,0.6651759958503121,4.0,0.0,0.29612073837965835,0.29612073837965835
3320,1,0.04677114789855473,0.02352892723469112,0.013281836151108329,1.0601486441087042,0.6280294075100905,4.993717950115222e-8,1.2407584575159925e6,-40.32778681435998,7.0,1.0,0.6288321263547159,-40.32778681435998,46.105236394432275,0.10659393155477659,443.0948745424028,2.0,0.0,0.29612073837965835,0.29612073837965835
3321,1,0.09714376427188204,0.08400378418978817,0.030815759946228313,1.4037011937838777,1.186630697174779,1.445510326943995e-8,1.9420153988112141e6,-43.02029783512517,7.0,1.0,0.3071997378463149,-43.02029783512517,45.30266629384413,2.389585216055579,2.468977481658335,3.0,0.0,0.29612073837965835,0.29612073837965835
3322,1,0.01679144988840557,0.011575148551760433,0.5638457776869295,0.10853104498196782,1.4040486909809893,2.576168555014613e-8,5.235064070519772e6,-50.456816552321115,11.0,1.0,0.6281967968248975,-50.456816552321115,55.76885298221114,0.16722759820737565,124.96708672320517,3.0,0.0,0.29612073837965835,0.29612073837965835
3323,1,0.09293826013300835,0.09729053514507753,0.323719277523692,1.8363081171501836,0.04503590218890244,9.819264028385058e-8,6.478352183970497e6,-49.61245224999441,15.0,1.0,0.9809927320456104,-49.61245224999441,53.863948147844866,0.04233053561596023,-0.25677420554236363,4.0,0.0,0.29612073837965835,0.29612073837965835
3324,1,0.07369050405839667,0.07077930854229782,0.5547768310927427,0.23561979711089254,0.243647881535685,9.944685808467138e-8,3.096237014797806e6,-45.311624821810014,15.0,1.0,0.9990221620602182,-45.311624821810014,53.88163849809138,-0.24605826153449328,-0.33846169635999246,4.0,0.0,0.29612073837965835,0.29612073837965835
3325,1,0.03894981376647112,0.04447774858394745,0.04794276653065124,1.5123440889298,0.8555051153509025,8.258438632190652e-8,3.534512718525128e6,-41.20641523535851,15.0,1.0,0.9604995422353365,-41.20641523535851,47.6366507664263,-0.051845726124348346,-0.1325564310894265,4.0,0.0,0.29612073837965835,0.29612073837965835
3326,1,0.04540130567006264,0.07272981939465532,0.5966491355178379,1.8760725490403236,0.44680069569661274,8.098799274020484e-8,5.51940107014314e6,-41.76925046378182,15.0,1.0,0.962551544748081,-41.76925046378182,44.04452922219522,-0.042228684712981135,0.17537798321130538,4.0,0.0,0.29612073837965835,0.29612073837965835
3327,1,0.09555944832226898,0.055584671590521315,0.5170895462927158,0.4231587690072557,1.057465011725931,2.454320405591051e-8,4.876190554149702e6,-42.15299516539043,15.0,1.0,0.969697467770681,-42.15299516539043,46.07271565953945,0.010420205808323146,0.1327133027669305,3.0,0.0,0.29612073837965835,0.29612073837965835
3328,1,0.0831996483708724,0.03309382686730043,0.14815672384622353,1.9948727237979638,0.2135692100990163,2.0832251004495116e-8,1.9133032231094344e6,-45.269332722033546,23.0,1.0,0.881919259606969,-45.269332722033546,49.71426845648959,0.0848399555964292,25.37883797029331,4.0,0.0,0.29612073837965835,0.29612073837965835
3329,1,0.08380331907342344,0.07786417501734061,0.034991478882757415,1.8920670600581937,1.0159257456212225,2.6860033366368852e-8,905649.0850873713,-40.719304430311695,7.0,1.0,0.8669933543024767,-40.719304430311695,46.01171769072822,-0.1055993709960319,2.1621944191087366,3.0,0.0,0.29612073837965835,0.29612073837965835
3330,1,0.07713661589635581,0.0722207247113376,0.034405790905892956,1.917093780605052,0.7986208029435141,2.18858881473815e-8,3.1276407316678613e6,-42.20334958071886,7.0,1.0,0.10787012725614184,-42.20334958071886,47.41343446761465,0.2809171522294136,97.00297539644879,3.0,0.0,0.29612073837965835,0.29612073837965835
3331,1,0.07034983204521876,0.05657604903614979,0.027576199367354826,1.9495388195547372,0.34658051936757445,3.095044431294451e-8,1.8474203642635432e6,-41.73795893360893,5.0,1.0,0.7928364415454255,-41.73795893360893,43.848442314545025,-0.0048896808732763475,1711.34590479349,2.0,1.0,0.29612073837965835,0.29612073837965835
3332,1,0.06273364929123457,0.03857360707638494,0.5272015100328026,1.3409412334614272,1.317463155556182,7.399617976909948e-8,7.686746561072567e6,-41.54966204028514,23.0,1.0,0.40663983827210887,-41.54966204028514,46.1211192525398,0.1311369217819376,26.596145823008307,4.0,0.0,0.29612073837965835,0.29612073837965835
3333,1,0.08369146156450968,0.0555670830497693,0.617802322002273,1.092555434438276,1.2521124427156811,6.839462142645772e-8,3.5539437036331524e6,-40.82147601759391,7.0,1.0,0.9994329118127793,-40.82147601759391,42.227633183972465,-0.06314629368851854,-0.06314629368851854,3.0,0.0,0.29612073837965835,0.29612073837965835
3334,1,0.07703844473667328,0.06248549467204967,0.8359626450279368,1.246962688500863,1.3234628322800583,6.855529045563132e-8,3.0245891799419466e6,-41.990000568109316,7.0,1.0,0.9327596349744803,-41.990000568109316,44.24522359324461,0.08354388489492948,0.10239266477726261,3.0,0.0,0.29612073837965835,0.29612073837965835
3335,1,0.05522270890849102,0.04794967476026345,0.11357458565836705,0.30760528757089434,0.5794934085173111,2.7619155707894703e-8,1.5858946771323817e7,-42.98063460677039,7.0,1.0,0.7717153847295986,-42.98063460677039,45.12843082377514,0.23553907060316703,0.8152719700821649,3.0,0.0,0.29612073837965835,0.29612073837965835
3336,1,0.0731477054413977,0.05942605352455809,0.0787814977704035,1.4288205744650875,1.3925380732224735,1.1242163304263385e-8,1.8289852929695668e6,-42.739489320052876,7.0,1.0,0.7197251908438238,-42.739489320052876,49.13273821936018,-0.12541413996742534,26.374191203429028,3.0,0.0,0.29612073837965835,0.29612073837965835
3337,1,0.04845170902965171,0.03341820820991399,0.005448710311711328,1.0074418978387936,1.4240384272845206,2.5154350978005275e-8,337378.9708283875,-45.54995736434088,3.0,1.0,1.0,-45.54995736434088,47.62957939490431,-2.2728236790685585,-2.2728236790685585,2.0,0.0,0.29612073837965835,0.29612073837965835
3338,1,0.04845170902965171,0.03341820820991399,0.005448710311711328,1.0074418978387936,1.4240384272845206,2.5154350978005275e-8,337378.9708283875,-45.54995736434088,7.0,1.0,0.10988858193979031,-45.54995736434088,49.79243326699316,0.0,129.29470000616286,3.0,0.0,0.29612073837965835,0.29612073837965835
3339,1,0.06796483874530782,0.08672413920149474,0.10094960971872899,1.7513727125636576,0.8172384557147333,2.7925512179532142e-8,2.2599218350033374e6,-40.9107109091443,7.0,1.0,0.8602286048379805,-40.9107109091443,47.48137902211538,-1.3723499793083747,3.8350511372273246,3.0,0.0,0.29612073837965835,0.29612073837965835
3340,1,0.08471643200157601,0.04025504271574603,0.11450193987048274,1.8071693825897615,1.2400997839829997,1.7421396427920186e-8,2.631597433410095e6,-41.913505108635434,7.0,1.0,0.9759175207970794,-41.913505108635434,42.936912229489735,0.0385410101274033,-0.10075252557847136,3.0,0.0,0.29612073837965835,0.29612073837965835
3341,1,0.09372409678762583,0.08722156925973037,0.025904736102709703,1.747819397826575,0.6769662173785701,2.330352163838248e-8,2.2596490987152536e6,-42.62720555438797,23.0,1.0,0.9547243179306706,-42.62720555438797,44.62484214294199,0.1883716687752539,-1.187275284455879,4.0,0.0,0.29612073837965835,0.29612073837965835
3342,1,0.060951809972012605,0.02460455207611345,0.0507284354700559,1.5678871966050052,0.504825486519399,8.994021618197133e-9,637302.4986698094,-41.95654831733617,7.0,1.0,0.5797708977660488,-41.95654831733617,44.77296593685163,-0.7157513750701128,1.5073040819541532,3.0,0.0,0.29612073837965835,0.29612073837965835
3343,1,0.08571953682629961,0.08308116026886492,0.0177480375857945,0.8043386062344294,1.056321096024006,4.193480177281421e-8,3.9462840904616173e6,-42.342033356448624,15.0,1.0,0.9333416846453569,-42.342033356448624,44.51989426459574,-0.23365652074526366,8.985041701773206,3.0,0.0,0.29612073837965835,0.29612073837965835
3344,1,0.04682492191787429,0.03338747743865791,0.9360254154615993,0.37592624900236593,0.19952277201597146,9.660402131169424e-9,4.990866688637429e6,-44.65252458816218,7.0,1.0,0.9593771022142972,-44.65252458816218,47.107990542549366,0.04134175086971936,0.16266759241766238,3.0,0.0,0.29612073837965835,0.29612073837965835
3345,1,0.05766095057303474,0.04690981869167442,0.01827718426722204,1.8697163540070916,1.2322690099315132,7.179380574767176e-8,7.508376493782363e6,-44.24668221300607,15.0,1.0,0.8555000979299658,-44.24668221300607,49.86727126058122,0.2223983117231043,0.36909597491591484,4.0,0.0,0.29612073837965835,0.29612073837965835
3346,1,0.06293792150349338,0.05788419272066885,0.008535930415980674,0.8831151227976629,0.5983512590318371,7.52267356074877e-9,3.498858205944628e6,-42.546306369398046,15.0,1.0,0.9837284672778687,-42.546306369398046,45.43816571717181,-2.4838326843115084,-2.6837361424843493,4.0,0.0,0.29612073837965835,0.29612073837965835
3347,1,0.03930460984915356,0.05546035897014214,0.0500460201044827,1.3470515761932538,0.6867363465844792,2.2037037804374528e-8,2.4620816929445234e6,-40.52842428235386,11.0,1.0,0.7376953729962615,-40.52842428235386,44.114012183137014,-0.17839588522472383,155.69842923359892,3.0,0.0,0.29612073837965835,0.29612073837965835
3348,1,0.05087411129455072,0.04230167073216284,0.20464508843082696,1.0644358214471714,0.6744321388599169,6.382236874416857e-9,4.62472247558677e6,-41.14237088313974,7.0,1.0,0.7159431932537171,-41.14237088313974,43.31322178989043,-0.0272774276034653,28.355206412494134,2.0,0.0,0.29612073837965835,0.29612073837965835
3349,1,0.04134784841066024,0.021972891832303904,0.2869653908598793,0.8557351017089045,0.6671331701419712,5.6020611285737085e-9,7.735510445684135e6,-42.46278423106297,7.0,1.0,0.8530862292345988,-42.46278423106297,45.323625438033886,0.09020251805663548,0.8428128191677402,2.0,0.0,0.29612073837965835,0.29612073837965835
3350,1,0.02647584519784873,0.037652668378486846,0.054649202530344956,0.33273195703510017,0.547009658942197,4.759881772753705e-9,3.067235530672292e6,-44.03809826113577,7.0,1.0,0.9746497448104955,-44.03809826113577,45.481756625457315,-0.010949811331215642,0.09153509308985264,3.0,0.0,0.29612073837965835,0.29612073837965835
3351,1,0.09003201959735146,0.07300027029111497,0.23642262494929417,1.8700551948693227,1.1936336511647863,5.170229401573093e-9,2.5010878199640373e6,-43.72275714078057,15.0,1.0,0.9992613473389678,-43.72275714078057,46.458968220408394,-0.0051163359000554465,-0.10717083156488627,4.0,0.0,0.29612073837965835,0.29612073837965835
3352,1,0.08373726449860337,0.08767096199537092,0.8969879197736671,1.1363727760485163,0.2499771546891108,2.8483996458809767e-8,9.268696721990703e6,-43.563830765844344,15.0,1.0,0.874387928313215,-43.563830765844344,48.24359371087705,0.17536367078105286,0.435353848500327,3.0,0.0,0.29612073837965835,0.29612073837965835
3353,1,0.023544343619299808,0.045944839060443124,0.8104906786836238,1.6087953391625642,1.3772069679824672,1.62237972644272e-8,1.5817127435547605e7,-45.278294573682736,7.0,1.0,0.944133274312304,-45.278294573682736,49.436982566608435,0.019835574475742135,0.2750927862462049,3.0,0.0,0.29612073837965835,0.29612073837965835
3354,1,0.06316988120907006,0.07709206542353284,0.01539276298154325,1.8898570243154809,0.21829641073543254,6.667950143377337e-8,2.143769730873984e6,-43.10281148699612,7.0,1.0,0.7203595781810129,-43.10281148699612,47.48603182698368,-0.934065349426767,9.091630554631124,3.0,0.0,0.29612073837965835,0.29612073837965835
3355,1,0.08592350053926309,0.027303668646423696,0.8332977553800747,1.6760352464245805,1.3285443878844754,3.695234260639763e-8,2.976215690705744e6,-43.17034490135218,11.0,1.0,0.7279655531663741,-43.17034490135218,45.93637432543731,-0.1984967627528178,18.108519188680454,3.0,0.0,0.29612073837965835,0.29612073837965835
3356,1,0.07874626933482012,0.03795650291422742,0.2205028850211252,1.6201400698538488,0.7761386143344793,3.446812380327975e-8,3.7446584549504407e6,-40.19448186813653,7.0,1.0,0.9886526011314452,-40.19448186813653,44.098762367627984,-0.10498322216020739,-0.10498322216020739,3.0,0.0,0.29612073837965835,0.29612073837965835
3357,1,0.03790165522252762,0.09651546674202802,0.6767895630167237,0.7419931245687933,0.6130442081164654,7.075780958851763e-8,4.2529280894702645e6,-41.9286512171813,7.0,1.0,0.9579372694391812,-41.9286512171813,42.553315503244185,0.06366082979001675,0.07332276067369747,3.0,0.0,0.29612073837965835,0.29612073837965835
3358,1,0.021766473068317135,0.09270979950025164,0.813752533305088,0.3599890086461853,1.1322372649277033,7.447562434474038e-8,5.603795042026397e6,-43.604592498180125,7.0,1.0,0.963327420898464,-43.604592498180125,45.48095168617847,0.08629156162495377,0.08629156162495377,3.0,0.0,0.29612073837965835,0.29612073837965835
3359,1,0.06340740880308858,0.01949524912655152,0.9172609199423413,0.2735225670818475,0.3039956103740016,6.763872820295768e-8,1.231003839530516e7,-44.94603821020861,13.0,1.0,0.8472028080425211,-44.94603821020861,48.24111855490414,0.2635846425010655,90.98715780485178,3.0,0.0,0.29612073837965835,0.29612073837965835
3360,1,0.06224241383824292,0.09081953408971552,0.007173095380463857,1.8077456167850081,0.929992726437107,9.45000157789218e-10,612279.3630449232,-44.84451767106587,11.0,1.0,0.8039792927102354,-44.84451767106587,48.863759229353484,-0.36216939433442263,1918.6198468845548,3.0,1.0,0.29612073837965835,0.29612073837965835
3361,1,0.05292368196320124,0.08746462674281599,0.015351539349398965,1.7327916855015184,1.1037027847852845,1.0156112785278202e-9,452169.5311193696,-42.28491318660515,3.0,1.0,0.3333333333333333,-42.28491318660515,44.66355523445296,-1.098974833171745,256.24095611287044,2.0,0.0,0.29612073837965835,0.29612073837965835
3362,1,0.06471004720144272,0.08767662646217068,0.013829610192284597,1.6644394936355715,1.1992789025993953,1.2887288297774875e-9,389330.89028066053,-41.94513651294467,11.0,1.0,0.342593812662315,-41.94513651294467,43.171144962322096,0.11878584893479882,698.9618192063161,3.0,0.0,0.29612073837965835,0.29612073837965835
3363,1,0.06572839139357324,0.08768580371188718,0.0071677172147058535,1.4877739877999512,0.9371298726253791,1.0046096990264325e-8,733283.2561515007,-40.6735769617959,6.0,1.0,0.21556613711047423,-40.6735769617959,46.83657644056178,1.8952860335366282,Inf,2.0,1.0,0.29612073837965835,0.29612073837965835
3364,1,0.03975465321216255,0.06346245558314727,0.029400647692319985,1.7228170230168862,0.8717258120836274,5.04881962244441e-8,4.453234811788045e6,-41.521394380604896,9.0,1.0,0.6666683716232747,-41.521394380604896,45.447519175121144,-0.16234277147816556,1645.7360982774703,3.0,1.0,0.29612073837965835,0.29612073837965835
3365,1,0.09806668918948702,0.027587327992737103,0.4445446200528508,0.9288236891445657,0.3339551539812858,5.172723259695049e-8,2.5673601213876465e6,-42.677044238559304,15.0,1.0,0.9442402088131059,-42.677044238559304,44.324573189382875,-0.11589926521871519,0.33074658741986696,3.0,0.0,0.29612073837965835,0.29612073837965835
3366,1,0.09901194483473263,0.029485790508428374,0.4992574358364529,0.6468762160663107,0.1535297953092945,7.743453133385565e-8,1.4298485755746335e7,-45.88867152021501,7.0,1.0,0.44939127869221007,-45.88867152021501,47.89419543637015,0.43801650627816713,1.8706211850087158,3.0,0.0,0.29612073837965835,0.29612073837965835
3367,1,0.06737727787733694,0.08917784703586475,0.4731083634729673,0.7600468164064553,1.3236642945737092,1.085075722055971e-8,2.3081746517018504e6,-43.24867922809977,7.0,1.0,0.9757790496540978,-43.24867922809977,49.382207641357205,-0.6451072652834213,-0.6451072652834213,3.0,0.0,0.29612073837965835,0.29612073837965835
3368,1,0.06746333088678265,0.035918061709492945,0.4028811920350056,0.9541901596046134,1.4202614129481959,4.1960679976418204e-8,2.4280606176722415e7,-45.92510699412823,15.0,1.0,0.46914991796015115,-45.92510699412823,47.73419000712343,0.41273533308971366,1.6764796373004884,4.0,0.0,0.29612073837965835,0.29612073837965835
3369,1,0.034493808896666096,0.07909282345494753,0.283146607645686,1.2632059344209001,0.9847714638363452,1.5508859168301865e-8,2.3424691782188495e6,-41.434916804263736,15.0,1.0,0.9743864675778716,-41.434916804263736,49.064405150343305,-4.742009175927656,-4.742009175927656,3.0,0.0,0.29612073837965835,0.29612073837965835
3370,1,0.019959037056137906,0.01867264216985086,0.6530767572089133,0.8848253800399409,0.7853633023363978,1.3707817209967262e-8,1.3526446429177595e7,-43.55748862088374,7.0,1.0,0.8410507385912795,-43.55748862088374,44.6028951617392,0.2476820163436102,0.2476820163436102,3.0,0.0,0.29612073837965835,0.29612073837965835
3371,1,0.02593468579417576,0.07231686306004446,0.29399921205215496,1.52559778387155,0.4441336580736852,4.618971179335912e-8,2.520309203298222e6,-41.02315126432004,7.0,1.0,0.9607473652056436,-41.02315126432004,45.137201190724596,-0.24546842519687573,0.26103122339092977,3.0,0.0,0.29612073837965835,0.29612073837965835
3372,1,0.02593468579417576,0.07231686306004446,0.29399921205215496,1.52559778387155,0.4441336580736852,4.618971179335912e-8,2.520309203298222e6,-41.02315126432004,7.0,1.0,0.011806310951244053,-41.02315126432004,46.623698952353124,0.0,5.164522964711807,3.0,0.0,0.29612073837965835,0.29612073837965835
3373,1,0.03343349913451627,0.04329233071514248,0.7886484281682778,0.5163008401488767,0.6448710985421723,4.58154757324852e-8,8.726302165500784e6,-41.247961046885266,15.0,1.0,0.8492981385304469,-41.247961046885266,43.31461121927893,0.018767320167057733,0.7103810836767082,3.0,0.0,0.29612073837965835,0.29612073837965835
3374,1,0.08037807662526317,0.06293008249539439,0.01588730199981059,1.8383127925134781,0.4744075190836093,4.452035307402283e-8,2.509558095936413e6,-42.165979204895365,15.0,1.0,0.9655970795829683,-42.165979204895365,44.216220388806256,0.09092503622782999,0.16409207202518417,3.0,0.0,0.29612073837965835,0.29612073837965835
3375,1,0.08926788335478256,0.021837635854748662,0.14390302731552856,1.568568224320374,0.793334313947645,7.068727556014627e-8,4.880825940600395e6,-41.728753603957784,7.0,1.0,0.6470769976751053,-41.728753603957784,46.84329732452568,-0.025950779488738362,256.28286978358335,2.0,0.0,0.29612073837965835,0.29612073837965835
3376,1,0.03625442192921927,0.0972865821109989,0.8767450401635253,1.8630765563274205,1.3091592828872047,1.9718822684284843e-8,3.444704300669858e6,-45.826171596951745,7.0,1.0,0.9495574958722347,-45.826171596951745,47.39833170878353,0.09874222359875517,0.12428283576935684,3.0,0.0,0.29612073837965835,0.29612073837965835
3377,1,0.015659004680454693,0.06911582880920808,0.8178048918753601,1.6495725691155088,1.2185851259927647,8.404750235722644e-8,4.9282784785473915e6,-43.455472766177394,15.0,1.0,0.9987131877543579,-43.455472766177394,48.74934501275096,-0.09042353647630819,-0.16790287593243391,3.0,0.0,0.29612073837965835,0.29612073837965835
3378,1,0.015805745318633376,0.0813071676471457,0.834268692552468,1.5909330197774723,1.0266378519799504,5.645625885611488e-8,5.943804306845821e6,-42.791727136633945,15.0,1.0,0.9861501615592645,-42.791727136633945,48.40109839402079,-0.04462760836893409,0.048815835795316787,4.0,0.0,0.29612073837965835,0.29612073837965835
3379,1,0.011546195085586788,0.08208565798738679,0.26173320202464556,1.7601369131627147,1.1246073238577927,8.374682395602104e-8,3.0412272544491407e6,-44.67160462650302,7.0,1.0,0.9775429370419387,-44.67160462650302,47.82614995357375,-0.003954459332405236,0.08562369068029341,3.0,0.0,0.29612073837965835,0.29612073837965835
3380,1,0.09601022427884788,0.01170482785054243,0.20171695906711729,1.939400476951548,0.4835889235376374,4.447818472497959e-8,2.97263753277621e6,-45.34468347543775,15.0,1.0,0.9760812374855959,-45.34468347543775,49.488748054294284,0.00043418490481172967,0.1677237972470067,4.0,0.0,0.29612073837965835,0.29612073837965835
3381,1,0.04003878182896209,0.0993938852966509,0.6975211977802642,0.6491523123599332,0.39194619897053357,4.8304320369412313e-8,2.361172024769792e6,-44.50972172620956,15.0,1.0,0.8738470650792763,-44.50972172620956,49.561498473089486,-0.016645941884149806,1.5707848775130273,4.0,0.0,0.29612073837965835,0.29612073837965835
3382,1,0.07454381226747886,0.09945651674058478,0.4562377203055366,0.788488480163958,0.815603020989278,7.751831429780088e-8,7.819565191664477e6,-44.195751952530856,7.0,1.0,1.0,-44.195751952530856,45.97623886027114,-0.07017576912704726,-0.2140999980621956,3.0,0.0,0.29612073837965835,0.29612073837965835
3383,1,0.07512445530814227,0.09914070235451426,0.26965322927703933,0.8689528045198651,0.6695803315044286,6.211946367680046e-8,3.2848738914163606e6,-42.95092731796299,7.0,1.0,0.9093468499716931,-42.95092731796299,47.82104913513915,-0.15645403815655357,-0.7011691197472558,3.0,0.0,0.29612073837965835,0.29612073837965835
3384,1,0.09305524141267481,0.026430975964281532,0.02694134573673014,1.0745099683006103,0.8650271485782508,6.409112548099951e-8,2.858277738763154e6,-42.05458812738283,15.0,1.0,0.9474723604492788,-42.05458812738283,46.19366820498109,0.020687189671228623,-0.22745103071550687,3.0,0.0,0.29612073837965835,0.29612073837965835
3385,1,0.0845157660274817,0.030585426681713025,0.058038723984987675,1.1768017559363766,0.8243139496329177,5.803519304212612e-8,1.4013478433337589e6,-40.084682601186856,7.0,1.0,0.1435120774402833,-40.084682601186856,44.05558662679284,-0.613876507283976,17.884420543418408,3.0,0.0,0.29612073837965835,0.29612073837965835
3386,1,0.07190540430340213,0.035712002530157425,0.498251308007551,1.766557349104113,1.2124241374806968,9.094804779709263e-8,6.515193954267264e6,-42.47765302668229,7.0,1.0,0.9938737796787496,-42.47765302668229,44.09116934409587,-0.0016448632020242826,-0.030819019134916914,3.0,0.0,0.29612073837965835,0.29612073837965835
3387,1,0.0704790580609326,0.039347155192402464,0.3505989181082951,1.9360922386252097,0.5169769631400426,1.3993870122609956e-8,5.334434155596329e6,-42.4555294267298,15.0,1.0,0.9779980931886281,-42.4555294267298,45.48996488914747,0.0011394874654939713,-0.08944425837061232,4.0,0.0,0.29612073837965835,0.29612073837965835
3388,1,0.058009227741136524,0.06763532124313987,0.3747486110600835,0.17432944924615448,0.738685455242993,6.56860378038469e-8,8.391780568393003e6,-42.05472474843193,15.0,1.0,0.9949127300159072,-42.05472474843193,44.46600090094433,-0.016705970553530847,-0.08987263365774112,4.0,0.0,0.29612073837965835,0.29612073837965835
3389,1,0.06181498000915108,0.030484428291531633,0.08595331146005857,0.8224223951827346,0.9993071027679993,6.159700874121525e-8,3.656075663898385e6,-40.50019131309013,9.0,1.0,0.8690559780879505,-40.50019131309013,44.38311665455806,-0.0002878181217624842,726.4574166005009,3.0,0.0,0.29612073837965835,0.29612073837965835
3390,1,0.015439287140348614,0.08002211962491479,0.6352967795668032,0.8974905362747261,1.0528699564408732,7.548960451835819e-8,5.48265557471746e6,-42.022632918588144,15.0,1.0,0.9479786504047357,-42.022632918588144,43.745035313682045,0.0796790175213431,-1.4805948850743391,3.0,0.0,0.29612073837965835,0.29612073837965835
3391,1,0.010478760376022309,0.032306855851566264,0.44904179518931764,1.3389886304746224,0.8532007795022568,5.81843898624651e-8,4.090487801889342e6,-43.65765021318255,7.0,1.0,0.9834865539016793,-43.65765021318255,45.38145048045612,-0.04229848681708859,-0.10223033892791022,3.0,0.0,0.29612073837965835,0.29612073837965835
3392,1,0.0854477061380949,0.014170633616037542,0.45934829045095005,0.38975611610243566,0.4886891902863249,7.361253113210984e-8,3.811452760961021e6,-42.59393057501905,15.0,1.0,0.967567808496616,-42.59393057501905,48.551465397451665,-0.00557253415921366,-0.10177254684918324,3.0,0.0,0.29612073837965835,0.29612073837965835
3393,1,0.022507414872673173,0.09789903032525733,0.5593537626805456,1.82319653567033,1.1155802781506652,3.025983586569429e-8,2.5651859720237493e6,-44.586401421685665,15.0,1.0,0.9528436200161198,-44.586401421685665,46.70634340712499,0.13821362292461714,0.13821362292461714,4.0,0.0,0.29612073837965835,0.29612073837965835
3394,1,0.0204131327208684,0.09768081029984865,0.5650866447181145,1.8096075186088871,1.1773700137961418,2.7810154949787303e-8,4.1172219249173333e6,-44.34930263125982,7.0,1.0,0.987882843689162,-44.34930263125982,45.26373254875825,-0.01904336267614326,-0.09777439726438786,3.0,0.0,0.29612073837965835,0.29612073837965835
3395,1,0.09206307506765611,0.015250857664888536,0.3176804395221397,0.20360031027192407,0.36576093704097523,6.868837445676659e-8,4.683537168509969e6,-44.06893762551308,11.0,1.0,0.9964244183497535,-44.06893762551308,45.710364993464026,-0.0018593589883693085,-0.1486911476064563,3.0,0.0,0.29612073837965835,0.29612073837965835
3396,1,0.0934569854964584,0.09410063920019734,0.5119764165367792,0.6658328964833979,0.862042778057878,3.5720645346072445e-8,4.370084643038961e6,-42.29832826734334,7.0,1.0,1.0,-42.29832826734334,45.84134158237262,-0.053035262095214364,-0.06923242163870924,3.0,0.0,0.29612073837965835,0.29612073837965835
3397,1,0.09387870519578341,0.07570479947180209,0.9491037103006454,1.0069434726341655,1.1603389774725101,3.50224009670657e-9,4.771214738801493e6,-46.61109929001853,15.0,1.0,0.7574384292244793,-46.61109929001853,48.919166719076884,0.15539457225128217,0.7172413274973692,3.0,0.0,0.29612073837965835,0.29612073837965835
3398,1,0.02186880926706121,0.0631238417339898,0.15303192984684333,0.6460351258740358,0.3211745529510249,9.551131009189774e-8,9.079782828917801e6,-43.78845106484226,15.0,1.0,0.9051797782802734,-43.78845106484226,50.53103839984005,0.006965623335993598,5.4656320184346825,3.0,0.0,0.29612073837965835,0.29612073837965835
3399,1,0.015495709677632578,0.08639728861895837,0.4721253322989206,0.46555355157498923,0.055581197402596025,7.781595660086934e-8,7.681595490086116e6,-45.334579177700775,7.0,1.0,0.9584284735879337,-45.334579177700775,48.45756352803845,0.02794600382529211,-0.11463657698267582,3.0,0.0,0.29612073837965835,0.29612073837965835
3400,1,0.06254350094732578,0.07187292410910465,0.40896955705573257,0.8861038782487901,0.04609683152567107,5.840051681982863e-8,4.1569344414674384e6,-42.43141747393864,15.0,1.0,0.9993480081584238,-42.43141747393864,46.680742745563094,-0.14016936310456884,-0.17258194169350105,3.0,0.0,0.29612073837965835,0.29612073837965835
3401,1,0.06135223140604445,0.09857948922643052,0.033418590448746344,1.5753293143795852,1.2846257675615431,1.4598096355278454e-8,3.285485633597893e6,-44.67628236874381,11.0,1.0,0.7431665514602929,-44.67628236874381,47.62973414123435,0.16372707500104156,205.68980473008185,3.0,0.0,0.29612073837965835,0.29612073837965835
3402,1,0.08233642077553427,0.09892387390977458,0.16098368941479824,0.8174965268966047,0.8549501618667849,6.809991043839335e-8,6.168853822517885e6,-43.71554447794561,7.0,1.0,0.6260958960460667,-43.71554447794561,48.286846174552046,-0.06476799703431624,192.3638770125694,2.0,0.0,0.29612073837965835,0.29612073837965835
3403,1,0.07137670959777943,0.03063781551493898,0.5725644515333713,0.15170548375292298,0.7129894728200096,9.917410624753195e-9,2.488051931722307e6,-43.660339828868665,15.0,1.0,0.9604062361734359,-43.660339828868665,48.013507635870724,-0.0387463793238183,-0.14428437104756853,3.0,0.0,0.29612073837965835,0.29612073837965835
3404,1,0.038700111517183014,0.07006311763713824,0.21907103502113343,0.3090815842076463,0.8027453881482529,8.999597236800413e-8,2.6395424233587375e6,-42.248775927701786,15.0,1.0,1.0,-42.248775927701786,46.224702573200645,-0.020510230714201327,-0.1565292892447161,4.0,0.0,0.29612073837965835,0.29612073837965835
3405,1,0.041427885450542365,0.061291189953108165,0.13004246554255136,0.4640935660520469,0.9776169851689966,7.103447108471421e-8,4.369207259654405e6,-40.90677667167669,7.0,1.0,1.0,-40.90677667167669,43.09211551041472,-0.07575544365355569,-0.08592893418713032,3.0,0.0,0.29612073837965835,0.29612073837965835
3406,1,0.031115028176590613,0.0694126870031513,0.4706607400364018,1.0215947143533872,0.9954247915897305,8.581162586692925e-8,5.126936307376784e6,-40.72436581766736,15.0,1.0,0.9975421561379219,-40.72436581766736,41.976923192233095,-0.0033768015026467424,-0.042209099689038965,4.0,0.0,0.29612073837965835,0.29612073837965835
3407,1,0.06882796110613446,0.020206656406028353,0.5381547587361061,1.5644022380719234,0.7078528262578611,8.445232286468715e-8,2.983398202100891e6,-41.23903317880929,15.0,1.0,0.9247692810341254,-41.23903317880929,45.10209462449732,0.042166354332543676,0.12499862923105809,3.0,0.0,0.29612073837965835,0.29612073837965835
3408,1,0.09085053047113094,0.019330064157507723,0.05229180851064382,1.68246860276224,1.1005443224529599,6.597717374769463e-8,1.1185103856102896e6,-41.62507704050308,15.0,1.0,0.9217084059055147,-41.62507704050308,44.03778404464796,-0.14953929120887466,0.15358336510252713,4.0,0.0,0.29612073837965835,0.29612073837965835
3409,1,0.09085053047113094,0.019330064157507723,0.05229180851064382,1.68246860276224,1.1005443224529599,6.597717374769463e-8,1.1185103856102896e6,-41.62507704050308,7.0,1.0,0.03011638460189488,-41.62507704050308,45.323412470144916,0.0,4.433701994697039,3.0,0.0,0.29612073837965835,0.29612073837965835
3410,1,0.0511023748038636,0.07654611106851952,0.0993685864914217,1.473553871063439,0.10643966330776507,4.78380313411968e-8,3.2935790306360633e6,-41.65244887746114,15.0,1.0,0.8494736935498142,-41.65244887746114,45.821058918100846,0.10769048789281754,0.4972263457021171,3.0,0.0,0.29612073837965835,0.29612073837965835
3411,1,0.05640606406952663,0.09293985790596514,0.2040348534750266,1.2473375135207154,0.24569804952074287,5.784549083280598e-8,2.738382577336357e6,-41.48206720864233,10.0,1.0,0.6537973472181073,-41.48206720864233,47.123428489374746,0.030296714907564137,Inf,3.0,1.0,0.29612073837965835,0.29612073837965835
3412,1,0.03218450238473933,0.08211031435888458,0.3271582103841724,1.4703508767028293,0.3814428484575032,3.917420758149463e-8,3.6591532345986944e6,-40.66559156201642,7.0,1.0,0.5679952336967066,-40.66559156201642,45.16719793623869,0.5389717755703316,1.2464900943533905,3.0,0.0,0.29612073837965835,0.29612073837965835
3413,1,0.07338030087900602,0.028694192117186892,0.551969371744793,1.3397179826722763,0.7332455445365869,5.478695470438398e-8,6.307684436155508e6,-40.244138208573915,7.0,1.0,0.9481091076126337,-40.244138208573915,41.760890565307946,0.04737130009537083,0.08651963255381645,3.0,0.0,0.29612073837965835,0.29612073837965835
3414,1,0.0550469631523473,0.07655911763378592,0.4976688050217658,0.42514311489610745,0.7262888907457951,2.299272577258146e-8,2.4546506391039593e6,-41.077604201657735,15.0,1.0,0.9290444930725182,-41.077604201657735,44.08547759359509,-0.4750739186491657,0.5924260926560407,4.0,0.0,0.29612073837965835,0.29612073837965835
3415,1,0.06349468286619163,0.07691669741123948,0.49261630412232943,0.49151937869692797,1.3076922535533,8.25930421029209e-8,1.0646152318338392e7,-42.696615927734406,7.0,1.0,0.8651886390488858,-42.696615927734406,44.3622525579246,0.16605562906971016,0.20665100318377938,3.0,0.0,0.29612073837965835,0.29612073837965835
3416,1,0.06600841736277953,0.04227720378511703,0.035265401440859524,0.6331094630558666,1.4199669921595583,8.679359180780201e-8,2.3534339950887356e6,-45.58798205727699,15.0,1.0,0.9573341745337435,-45.58798205727699,47.77070649584357,0.03322480288603202,0.1604573489816019,3.0,0.0,0.29612073837965835,0.29612073837965835
3417,1,0.03061396041666896,0.03236931362692702,0.9167968966793465,1.2862837763742325,1.387906870911231,9.101718602684414e-8,4.225390803323586e6,-45.125322728214705,15.0,1.0,0.6210385633568196,-45.125322728214705,52.77112562254681,0.0739997738906979,905.3817800831722,3.0,0.0,0.29612073837965835,0.29612073837965835
3418,1,0.030851362653856018,0.06489395246242384,0.9103646904655341,1.4423430922437097,1.3448032151808926,9.166605526584589e-8,2.2586238428474828e6,-45.10783862249105,7.0,1.0,0.955557038923617,-45.10783862249105,47.61474095128065,-0.4519432438199189,-0.4519432438199189,3.0,0.0,0.29612073837965835,0.29612073837965835
3419,1,0.014627940247254303,0.07707695148688226,0.7587671446740246,1.1098614175829875,1.3720268768519184,7.25251268569493e-8,6.241833700999323e6,-44.041725807720525,15.0,1.0,0.9624311733845353,-44.041725807720525,48.42997317436152,-0.11006107274693733,0.8290411315019028,4.0,0.0,0.29612073837965835,0.29612073837965835
3420,1,0.03970016942739935,0.07786599257094547,0.05133050083632343,0.8585633441578836,1.255037466270009,6.583816507803291e-8,2.6329808562266696e6,-41.7330131069516,15.0,1.0,0.9938969394065599,-41.7330131069516,46.475851407452886,-0.03168164884392155,-0.1803651416147929,4.0,0.0,0.29612073837965835,0.29612073837965835
3421,1,0.09198140220080589,0.02997688163588723,0.5141918784016694,1.4493907317186512,0.15559049337352046,3.469681442600032e-8,1.8481894107946882e6,-43.0993417117668,15.0,1.0,0.8398842124604565,-43.0993417117668,44.65185951321899,0.15202097884495203,0.682336775595644,3.0,0.0,0.29612073837965835,0.29612073837965835
3422,1,0.039427360248218545,0.09463287903640556,0.14075514214768722,1.1073888560197462,1.0960296194786576,2.3171132722039425e-9,3.697968607799089e7,-47.54556725489371,7.0,1.0,0.4382784200527249,-47.54556725489371,50.45487477958645,0.869819039060225,0.9069298250611553,3.0,0.0,0.29612073837965835,0.29612073837965835
3423,1,0.04135717084328195,0.0656077829077453,0.29268865300781327,1.0877141695658217,0.061395879437461595,6.755698991131639e-9,2.3231776385377827e6,-43.8867564855435,15.0,1.0,0.40985524739705004,-43.8867564855435,49.833166875128505,-0.6996369590451579,4.6841215748911225,4.0,0.0,0.29612073837965835,0.29612073837965835
3424,1,0.020932169261041647,0.049160731693826655,0.3071931903158138,1.0804414027371432,0.19699488271112528,5.52316976800576e-8,6.840796652724392e6,-41.53597514619477,15.0,1.0,0.9999443167510177,-41.53597514619477,45.661036441830795,-0.11463216461618941,-0.13153211376148732,3.0,0.0,0.29612073837965835,0.29612073837965835
3425,1,0.09286682935883644,0.05845722728153287,0.5008554937658348,0.6511219817672755,1.2524865522273034,8.846275004758141e-8,4.478657532622399e6,-42.43282493617352,15.0,1.0,0.9862643500849368,-42.43282493617352,43.96593186703137,0.00314037787109811,0.08526247774776152,4.0,0.0,0.29612073837965835,0.29612073837965835
3426,1,0.028655065563855282,0.07567933254673505,0.8400938163549082,0.7789248480803549,0.9153274866146099,2.8313158983690283e-8,3.095094597083373e6,-41.38569138915807,15.0,1.0,0.9646680634488637,-41.38569138915807,46.60402132033849,-0.026166559606750184,-0.1257713599468815,3.0,0.0,0.29612073837965835,0.29612073837965835
3427,1,0.04221957472747385,0.03252203976309649,0.5279031671045444,1.1496449670428763,1.238637396161781,3.493800090213062e-8,1.1857776618303008e7,-41.66527569374195,7.0,1.0,0.8686055255838531,-41.66527569374195,43.45761415562186,0.12630571233324872,0.3712674922439234,3.0,0.0,0.29612073837965835,0.29612073837965835
3428,1,0.05254991711830855,0.03793469728122869,0.8124382540252817,0.8171772230358372,0.5315277520649974,5.632065733525169e-8,3.784382677419937e6,-40.294484830364034,15.0,1.0,0.9847849638509703,-40.294484830364034,44.70918603477322,-0.16934265583240204,-0.4694712820774356,3.0,0.0,0.29612073837965835,0.29612073837965835
3429,1,0.06826125265493062,0.06985031371839538,0.05343454159348539,1.4273450214754895,0.9035528866495447,9.076591891479319e-8,1.3309138418886522e6,-41.52175110517288,7.0,1.0,0.961089273816886,-41.52175110517288,42.804411786756084,0.04656953610950154,0.07641499883090574,3.0,0.0,0.29612073837965835,0.29612073837965835
3430,1,0.06310038955633145,0.032512143071889224,0.8394871361854742,1.7753871753055772,0.6282442741736256,9.124132611383941e-9,4.530927285726037e6,-42.45174975230434,15.0,1.0,0.3626907363001259,-42.45174975230434,46.879056985835064,0.9763156670298656,1.0944492035044817,4.0,0.0,0.29612073837965835,0.29612073837965835
3431,1,0.0746049325667724,0.08347529666339187,0.01644317183297205,0.6533955399725778,0.6512041774494427,7.064261163620198e-8,1.4797014341750187e6,-42.893765040756165,7.0,1.0,0.979562325077996,-42.893765040756165,43.96379704867332,0.15439172073831742,-0.5099285919104588,3.0,0.0,0.29612073837965835,0.29612073837965835
3432,1,0.019522929400309266,0.09383309465695155,0.6368241811875702,1.3678687853040288,0.666765320832214,3.6841616705598764e-8,7.484490315074962e6,-42.44072750138894,7.0,1.0,0.3389041188442979,-42.44072750138894,47.70745308006883,0.9353777618037569,1.6713576086113306,3.0,0.0,0.29612073837965835,0.29612073837965835
3433,1,0.027194809754876127,0.04106013030827543,0.6766644048538573,1.4744898554595351,0.37630680508256525,2.617424857769279e-8,4.0915014306658716e6,-40.87022726001516,7.0,1.0,0.9943285080975538,-40.87022726001516,43.67781440925454,-0.09199603730073136,-0.09199603730073136,3.0,0.0,0.29612073837965835,0.29612073837965835
3434,1,0.08825945415693869,0.08492483361251903,0.20209401116571324,0.8094084942526815,1.3470731726524152,6.065817715260729e-8,2.759188130835715e6,-42.49242750504092,15.0,1.0,0.9683846741129872,-42.49242750504092,43.348124319893984,0.06202306952530279,0.08038988200856778,4.0,0.0,0.29612073837965835,0.29612073837965835
3435,1,0.08550403681350556,0.08661371839340662,0.2504613757338033,0.7739848767914381,1.1614299261310008,5.6263265032179974e-8,8.457849174531829e6,-42.00112787000539,7.0,1.0,0.11046801331444502,-42.00112787000539,48.48972107848504,0.34289970752446663,5.584941097826295,3.0,0.0,0.29612073837965835,0.29612073837965835
3436,1,0.058665168207763546,0.017181237461025956,0.7757076701888198,1.2800091658191302,0.2167348758175441,3.644485249644304e-8,3.329082043818254e6,-41.89081872405281,7.0,1.0,0.8919697354816188,-41.89081872405281,44.73692698365891,0.006336614012440123,0.2884537913538452,3.0,0.0,0.29612073837965835,0.29612073837965835
3437,1,0.08090140732395928,0.050535686267718,0.1144633280433569,1.1000687136131269,0.8945550132007731,8.160728615769132e-8,1.12026225724958e7,-42.04449785347041,7.0,1.0,0.9524720458456838,-42.04449785347041,44.40544303927024,-0.05632824075145493,0.404509083865328,3.0,0.0,0.29612073837965835,0.29612073837965835
3438,1,0.07286258303038096,0.05166994245857408,0.3912921301273915,1.2987647156702857,0.38137582130696296,7.940617208245391e-8,7.044683563405991e6,-40.60811586776393,15.0,1.0,0.5532993251262694,-40.60811586776393,48.236681072889034,-0.0950666554144064,9.851706981337095,3.0,0.0,0.29612073837965835,0.29612073837965835
3439,1,0.09090519438624359,0.07421834643227293,0.28021400766712945,1.882050986502629,0.6655179030607825,2.23783317381125e-8,6.1627381955680335e6,-42.56132664116597,15.0,1.0,0.9620958402333069,-42.56132664116597,44.37898320466653,0.06863959625492555,0.1090099702198728,4.0,0.0,0.29612073837965835,0.29612073837965835
3440,1,0.05253962218400232,0.08742169159863925,0.06436516053322766,0.19012034696719227,0.9953707116943178,3.393918861107754e-8,2.4744450811199807e6,-43.317244631242545,15.0,1.0,0.9821111196736823,-43.317244631242545,46.26821091604699,-0.03985363642361506,0.10372602866962666,4.0,0.0,0.29612073837965835,0.29612073837965835
3441,1,0.07140256965153413,0.025405896393257306,0.9449745624626809,1.4522697165674745,0.6042872081181498,5.330232314545594e-8,7.974494407279781e6,-43.555968843859475,15.0,1.0,0.9897492114569469,-43.555968843859475,45.812581266389415,0.017301558835839614,-0.14413056973011606,4.0,0.0,0.29612073837965835,0.29612073837965835
3442,1,0.08370956250459277,0.026603627011399684,0.9294232196305228,1.6225231467304055,0.842741133187249,1.3867043011920786e-8,1.257894917321697e7,-44.846501015898255,15.0,1.0,0.9210150791326334,-44.846501015898255,47.281518348027866,0.07201420981418494,0.2042973775329031,3.0,0.0,0.29612073837965835,0.29612073837965835
3443,1,0.043279125693754354,0.08774387910753711,0.02344235772491052,1.7265341622554553,0.6298239669629261,9.750544853678357e-8,4.44188485717212e6,-44.69809515927046,15.0,1.0,0.9743714201897667,-44.69809515927046,48.39660395509245,0.05962257719966857,-0.21528282239226115,4.0,0.0,0.29612073837965835,0.29612073837965835
3444,1,0.057579996226683035,0.030786234040336306,0.8128969255044647,1.1250705018723868,0.5638786594404666,9.567525705177685e-8,2.820216055349254e6,-42.34679222496444,7.0,1.0,0.9997414668729011,-42.34679222496444,45.9131181202882,-0.0677869152238415,-0.16383182919100392,3.0,0.0,0.29612073837965835,0.29612073837965835
3445,1,0.08962003078259727,0.059198765714195065,0.21145025930062905,0.7688417898715811,0.858570399174957,1.082080258670618e-8,4.1415115638112766e6,-41.41076529800537,15.0,1.0,0.9905541932615062,-41.41076529800537,44.54387522855817,-0.013579126215155668,-0.12074209644816847,3.0,0.0,0.29612073837965835,0.29612073837965835
3446,1,0.030835456647684202,0.02830945317509123,0.4121325326134754,1.3792046193017458,0.6148143022312935,8.656333010113904e-8,3.004256079969039e6,-41.103992000428406,15.0,1.0,0.9805659301068285,-41.103992000428406,43.22011466554228,-0.0302990131505112,0.08059901002670244,4.0,0.0,0.29612073837965835,0.29612073837965835
3447,1,0.038415273023798824,0.019332602299638138,0.43770374732735073,1.2308847573903137,0.17514168453192572,8.509066253876202e-8,3.4817422776737236e6,-42.081624303415786,15.0,1.0,0.9792857244112831,-42.081624303415786,43.218322854082714,0.037966142158296634,0.04361169280117849,4.0,0.0,0.29612073837965835,0.29612073837965835
3448,1,0.016726341195875575,0.0902914037242234,0.4077814116493978,1.8170658773273192,1.1256964485538137,9.10942452486273e-8,1.5299161122344293e7,-45.65148507321534,15.0,1.0,0.9136007932538254,-45.65148507321534,47.27860696920448,-0.023124485736126132,-0.4184317564368172,4.0,0.0,0.29612073837965835,0.29612073837965835
3449,1,0.09496577705272093,0.02292475528001205,0.23586536988545576,0.3097049408348673,0.9159632070166164,9.639716461212472e-9,8.656716127259709e6,-44.54133533303984,15.0,1.0,0.9856794035561242,-44.54133533303984,48.255288440963064,-0.062168719484205326,-0.2882393977578559,4.0,0.0,0.29612073837965835,0.29612073837965835
3450,1,0.05593422950223007,0.060687748796907214,0.672150853074034,1.5163654065820247,0.4690681901009343,8.732932998696356e-8,1.1214378443031624e7,-41.736972540476856,7.0,1.0,0.9682117030945355,-41.736972540476856,47.47103186520831,-0.1343847528421236,0.25169488708107224,3.0,0.0,0.29612073837965835,0.29612073837965835
3451,1,0.05721312773263107,0.07101655172412104,0.018682968395257238,0.7643439184643334,0.7984180279530719,1.8932139510390127e-8,1.5260659917666016e7,-43.97162168240557,15.0,1.0,0.9421769632508828,-43.97162168240557,45.95803879800211,-0.20395244705463256,-1.0936144198553492,4.0,0.0,0.29612073837965835,0.29612073837965835
3452,1,0.08223965658375845,0.0667202355856379,0.21167526177669863,0.5783093263600833,0.8042943782768113,1.8620326451642066e-8,6.035422212411065e6,-41.12766277702677,7.0,1.0,0.927979712857334,-41.12766277702677,45.937341287030684,-0.13267332364091544,0.6781291596219461,3.0,0.0,0.29612073837965835,0.29612073837965835
3453,1,0.03621535732341798,0.028855401156296194,0.7413641663980736,0.6211332569280373,0.5022850242769976,2.0785590769452716e-9,3.603221604862391e6,-43.27023025818083,7.0,1.0,0.9760406425195214,-43.27023025818083,44.52164772089108,-0.024865942667084084,0.07741419643785719,3.0,0.0,0.29612073837965835,0.29612073837965835
3454,1,0.026164503617405847,0.0936620797994245,0.03335363187514203,1.5776560530489034,0.9562503803335577,9.366880195833912e-10,8.288174183045672e6,-47.62654401466739,7.0,1.0,0.8865535261482625,-47.62654401466739,49.551365574909354,0.18860917253080345,0.1935977456971827,3.0,0.0,0.29612073837965835,0.29612073837965835
3455,1,0.059056551595866175,0.08579397289483562,0.6262731823221872,1.5130612032309048,1.2234783681990566,8.969855285546375e-8,6.423024628757885e7,-46.151693171435056,15.0,1.0,0.4552346744540651,-46.151693171435056,51.80255997099928,1.7895943166975812,1.9383512034463237,4.0,0.0,0.29612073837965835,0.29612073837965835
3456,1,0.09091427696717548,0.0268890436969862,0.014534918566045978,1.0957650767696099,0.20380298406959285,4.240413078333647e-9,9.230480411237128e6,-46.66154712623337,15.0,1.0,0.9938564406317922,-46.66154712623337,48.46918730971173,0.04219909974511182,-0.9905685783130949,4.0,0.0,0.29612073837965835,0.29612073837965835
3457,1,0.06467072354520617,0.0774973001836768,0.667615933689131,1.0355055573455574,0.4578366698104589,2.197167702534342e-9,5.240675138435497e6,-42.622789049962705,11.0,1.0,0.805467986811641,-42.622789049962705,49.14894811444456,-0.2537538004390001,265.0815640268064,3.0,0.0,0.29612073837965835,0.29612073837965835
3458,1,0.05855246608222687,0.0906632296528161,0.5100558028634826,1.8008296092174851,0.5831403883112075,1.3071593451248786e-8,5.007968181832374e6,-42.14196764057806,15.0,1.0,0.9663932274490513,-42.14196764057806,47.392018425828056,0.02967788836222951,0.07764208074809176,3.0,0.0,0.29612073837965835,0.29612073837965835
3459,1,0.05471751312097693,0.01776222935464611,0.3861944477841635,0.27122540775883386,1.1747174736220574,8.772245715168048e-8,3.3486524498523204e6,-42.99103422667585,15.0,1.0,0.97686150710267,-42.99103422667585,45.06186010927042,0.01133408451962481,0.08804941190123117,4.0,0.0,0.29612073837965835,0.29612073837965835
3460,1,0.06424544820696214,0.013985200638636258,0.045164428370363406,0.21427590113443806,0.9193133129086977,4.468876150975521e-8,1.4965863350685999e7,-45.836242898699865,7.0,1.0,0.8198491576253539,-45.836242898699865,47.940969912316206,0.2635030825902973,0.4708052015860176,3.0,0.0,0.29612073837965835,0.29612073837965835
3461,1,0.09734105197232257,0.015847485443998947,0.9373593575010748,0.4663119668663229,0.31042072094421025,6.283707703200098e-8,9.147411086651493e6,-46.96278613271651,15.0,1.0,0.8361246835213508,-46.96278613271651,53.975673724283034,0.08432111934283171,0.9647927147878121,4.0,0.0,0.29612073837965835,0.29612073837965835
3462,1,0.010823947162574855,0.08190883806809929,0.01279875519530017,1.3017654080483827,0.9741132914765694,3.0841897732836345e-8,6.496196382301329e6,-46.645636269544255,15.0,1.0,0.996482063346906,-46.645636269544255,50.89706060612259,-0.11400278546989995,-0.28850543012504204,4.0,0.0,0.29612073837965835,0.29612073837965835
3463,1,0.013504292196834937,0.08993825392509129,0.0708701372346576,1.670689758484857,1.0751940751383378,1.3203078458573357e-8,1.9167112123623644e6,-46.09603876194684,7.0,1.0,0.9766596361743723,-46.09603876194684,49.18589801158695,0.1783883581062966,0.1783883581062966,3.0,0.0,0.29612073837965835,0.29612073837965835
3464,1,0.09872974972630814,0.033184120694912146,0.7852320298810668,0.5063355545951393,0.5927495373614221,3.817125300423039e-8,3.0876237074763486e6,-43.556665658958394,15.0,1.0,0.33814084548470785,-43.556665658958394,51.93713642229716,1.1750303706796998,2.412209794410785,4.0,0.0,0.29612073837965835,0.29612073837965835
3465,1,0.09953404096579435,0.026439220255827754,0.9324694512291484,1.4906958222357471,0.3068823110960047,3.979871024519119e-8,9.860725438228324e6,-47.434103737187925,7.0,1.0,0.8865719823375215,-47.434103737187925,48.74383402059428,0.19244480841463485,0.19244480841463485,3.0,0.0,0.29612073837965835,0.29612073837965835
3466,1,0.06622872715042906,0.0870988306132467,0.283431365428076,0.9281370216658138,1.023069275063399,6.474750601006369e-8,1.8654317272651978e6,-41.68800904934501,7.0,1.0,0.9951792184042317,-41.68800904934501,48.49809398672183,0.03432799207506321,-0.3088492590797074,3.0,0.0,0.29612073837965835,0.29612073837965835
3467,1,0.07583928046552538,0.07450646335855844,0.02945108904121821,1.6225912681357642,1.3819403064952778,1.9365000757721325e-8,7.933055400537451e6,-44.92260426137496,7.0,1.0,0.8837197882831391,-44.92260426137496,46.77924205506217,0.22089768167938928,-0.23050438246755078,3.0,0.0,0.29612073837965835,0.29612073837965835
3468,1,0.05429799869947377,0.054451273785889015,0.7781232989490565,0.5230164676363253,0.061794714461004485,6.97274675215246e-8,2.2714318538213346e7,-44.87604612409236,15.0,1.0,0.8272524000909472,-44.87604612409236,46.71387493586121,-0.08220169562352453,1.6228832572845562,4.0,0.0,0.29612073837965835,0.29612073837965835
3469,1,0.06598924287122315,0.04390677468718912,0.08705750408717283,1.740125543650217,1.3000946985504271,9.879537690068876e-8,1.5945234633398363e7,-46.76820311752246,15.0,1.0,0.9987358568773285,-46.76820311752246,49.01904486078972,-0.6579961979329596,-1.0913311669015684,4.0,0.0,0.29612073837965835,0.29612073837965835
3470,1,0.06395143884752598,0.04500810079950858,0.5346378036455068,1.4225122887200436,1.1904495332672207,9.864024999397289e-8,8.71913214546081e6,-43.572319067340835,7.0,1.0,0.997660961490521,-43.572319067340835,47.95094931202428,-0.1369328796937097,-0.2655934604534238,3.0,0.0,0.29612073837965835,0.29612073837965835
3471,1,0.07268533956752474,0.06383225053184394,0.04580024878178291,1.211589604792771,0.31823826713921843,8.965720012411034e-9,2.1888679891720805e6,-40.88175189672161,15.0,1.0,0.9663305731470474,-40.88175189672161,46.993002822521184,-0.4401331926857921,-0.6750869542003741,4.0,0.0,0.29612073837965835,0.29612073837965835
3472,1,0.03837745100030421,0.014477484948912758,0.04887758832893531,1.0433699565282053,0.13767317150741296,7.582265014290287e-8,1.510548350624323e7,-45.711360604465185,11.0,1.0,0.4990800482193149,-45.711360604465185,48.3534504875119,0.740423381080717,19.205197141566224,3.0,0.0,0.29612073837965835,0.29612073837965835
3473,1,0.02949226589955073,0.014766940666017074,0.12141848328511037,1.1771527578235448,0.41333223007139097,7.824519548488816e-8,2.015401928989377e7,-44.71293818312239,23.0,1.0,0.6521925819341542,-44.71293818312239,50.04583029676045,-0.08566995987775528,69.02124393196631,4.0,0.0,0.29612073837965835,0.29612073837965835
3474,1,0.08864560435236533,0.03313077806955175,0.9244628286780914,0.8385782558769175,0.6672850413695428,7.642224810209355e-9,2.125718992464604e6,-44.64475933146349,7.0,1.0,0.9232137633373014,-44.64475933146349,48.81077641400756,-0.5612826369664532,0.7021206889862128,3.0,0.0,0.29612073837965835,0.29612073837965835
3475,1,0.03175000937648394,0.08251257195774717,0.026456817429657484,1.6557758016176087,0.9983282046305526,4.830941116576833e-8,2.777489308757171e6,-41.85454392337884,15.0,1.0,0.6010243592941225,-41.85454392337884,49.60280880409889,0.1051555830233113,1.0819601972935402,4.0,0.0,0.29612073837965835,0.29612073837965835
3476,1,0.08140815755684637,0.024499015233289588,0.9251502245235965,0.10309099785166509,0.5501747505742735,5.590073431790005e-8,2.815913710342339e6,-47.71321672214091,15.0,1.0,0.9658722383227712,-47.71321672214091,49.83346212341949,0.06780798492607687,-0.44856174431297546,4.0,0.0,0.29612073837965835,0.29612073837965835
3477,1,0.0869756819239958,0.02107764915533917,0.9037730574628962,0.10604228140545718,0.5581460738238817,5.4264842151663346e-8,2.7062176898199897e6,-47.134384150002155,7.0,1.0,0.9964660742905816,-47.134384150002155,49.25103239230246,0.025048592908923695,-0.10552274590727251,3.0,0.0,0.29612073837965835,0.29612073837965835
3478,1,0.03044546151739986,0.09994910181019706,0.058258641777035415,1.614141788046635,0.8839508377599726,4.47622575075857e-8,3.2744177346777227e6,-47.12033406582687,15.0,1.0,0.9143368643261021,-47.12033406582687,53.10217873503155,0.03078078884762192,-1.6363891108743829,4.0,0.0,0.29612073837965835,0.29612073837965835
3479,1,0.08643962287736168,0.06904967227362345,0.28293954385102854,0.8835986394671469,0.5820201645409768,8.791137352339004e-8,3.830376046220986e6,-40.987751634241775,7.0,1.0,0.9761279286599397,-40.987751634241775,49.47431576750817,-0.3031767336781357,-0.3031767336781357,3.0,0.0,0.29612073837965835,0.29612073837965835
3480,1,0.09200284657370675,0.07043041816083705,0.09178125313567168,0.9885036253817088,0.21195772894039294,4.7218807584690176e-8,2.2380358924096804e6,-41.31834123193538,15.0,1.0,0.9850469835136937,-41.31834123193538,42.9860510105466,0.017059941388147593,0.029678720110631218,4.0,0.0,0.29612073837965835,0.29612073837965835
3481,1,0.08063458042549031,0.030713781998322254,0.7223922854983701,1.0503057342880475,0.35378590202796156,4.061579132193057e-8,3.338156680368497e6,-40.672800032477134,7.0,1.0,0.8677236844660458,-40.672800032477134,45.581750106186625,-0.00017015116742413738,0.41077159349052295,3.0,0.0,0.29612073837965835,0.29612073837965835
3482,1,0.030721688161527767,0.022861583551761426,0.8506245643380481,0.2742413303274852,1.3512910667457072,9.708168117238481e-9,8.0519066726688985e6,-45.59431462892724,7.0,1.0,0.8603014696455471,-45.59431462892724,47.69602574613175,0.19845256985674098,0.2572726832958665,3.0,0.0,0.29612073837965835,0.29612073837965835
3483,1,0.05605194668342707,0.04978764205301113,0.6495349996419393,0.3360483277234029,1.4031002793278957,3.5088769003337184e-9,2.4528561009548185e6,-45.68592651704152,7.0,1.0,0.9988460761430137,-45.68592651704152,48.4693596507345,-0.009471004958840012,-0.23698719450870698,3.0,0.0,0.29612073837965835,0.29612073837965835
3484,1,0.05042161173414211,0.031701409141933805,0.6615451315288502,0.4480657002193349,1.3800512504092612,4.322686950663641e-9,4.450483079794726e6,-44.230559027645185,7.0,1.0,1.0,-44.230559027645185,46.054681444736545,-0.09724390924756676,-0.1388309662616649,3.0,0.0,0.29612073837965835,0.29612073837965835
3485,1,0.042944473173713894,0.05062167768969949,0.7341015533981475,0.866232444841306,1.2740649354718552,7.087678427311503e-9,4.120754388903891e6,-42.098971223601914,7.0,1.0,0.9326849944989632,-42.098971223601914,46.14568131822351,0.024457757013813364,0.12363713888360195,3.0,0.0,0.29612073837965835,0.29612073837965835
3486,1,0.05796319170997913,0.07386337229073069,0.7316071082665044,1.263785532662313,1.2114700916497323,1.1273121899148555e-8,3.5459715962023987e6,-41.478285153801366,15.0,1.0,0.9527497220182755,-41.478285153801366,45.9747234828818,0.0034782956190611003,0.0954711622800275,4.0,0.0,0.29612073837965835,0.29612073837965835
3487,1,0.052897367561112144,0.02751036175335793,0.06267829764395463,0.13025327132682923,0.24505912742498973,7.660606790807261e-8,2.952899538987832e6,-44.72428391695327,15.0,1.0,0.908771264236486,-44.72428391695327,47.87857815669065,0.12508020971306877,0.16129352185549806,4.0,0.0,0.29612073837965835,0.29612073837965835
3488,1,0.05299750324294657,0.07171212115234232,0.020155984752376045,0.11235638759731302,0.10117196852659184,8.539274238506208e-8,2.8686069143432216e6,-48.09592731141547,7.0,1.0,0.9948718265715583,-48.09592731141547,49.88967562360564,-0.07515397465751761,-0.1078897395091758,3.0,0.0,0.29612073837965835,0.29612073837965835
3489,1,0.01579205240165861,0.07796001104084575,0.1595152701417297,0.11169306273671145,0.051186286340105906,4.509951493296956e-8,5.067137009679846e7,-51.74449831663965,7.0,1.0,0.3027903112925778,-51.74449831663965,55.50797161952529,0.6454091950894423,5.336713783737764,3.0,0.0,0.29612073837965835,0.29612073837965835
3490,1,0.09683227343195286,0.025791071085590103,0.5053976439838196,1.8849430243344605,1.411835525071705,5.5508028416575123e-8,3.473256612764729e6,-46.17706718038599,15.0,1.0,0.9811047668679959,-46.17706718038599,53.823883530242846,-1.0927708846590392,-1.0927708846590392,4.0,0.0,0.29612073837965835,0.29612073837965835
3491,1,0.01426378384460952,0.06162047833397198,0.4534861230798379,0.26178163190757786,0.038631156170999374,5.263366985720289e-8,7.781651674068112e6,-46.16212056997621,15.0,1.0,0.9497298516838433,-46.16212056997621,50.55198599328004,-0.033817445227569465,0.2070316185638461,4.0,0.0,0.29612073837965835,0.29612073837965835
3492,1,0.06742005907057463,0.0666909016113779,0.887436128461812,1.856863860397569,1.4139464038568277,4.807689549344109e-8,1.987103887299267e6,-46.480478353253886,15.0,1.0,0.9559623639237514,-46.480478353253886,53.59408404362969,-0.08378319723302496,0.5008533861615874,4.0,0.0,0.29612073837965835,0.29612073837965835
3493,1,0.06717412385313798,0.09186813714573427,0.626657434443893,0.36711460910225235,0.050867881500536324,1.7132578921899307e-8,1.50517355314773e7,-46.10079171189351,15.0,1.0,0.8926742535324034,-46.10079171189351,50.392180266806335,0.3009832453332777,0.7669132570113248,4.0,0.0,0.29612073837965835,0.29612073837965835
3494,1,0.0593952506588038,0.010917381377724945,0.12158769551674006,0.41466634393043733,0.7890530644428422,9.751179335612482e-8,1.7902437342928373e6,-47.13065127238325,15.0,1.0,0.7345057807275823,-47.13065127238325,52.18098927435154,-0.46770573141083815,0.670899780243559,4.0,0.0,0.29612073837965835,0.29612073837965835
3495,1,0.08963761931133836,0.03341868038768981,0.13375621573400062,1.3017151739347084,1.3804378552892262,2.6692041674762134e-8,7.045752315297885e6,-43.663914631921756,15.0,1.0,0.9868984548361084,-43.663914631921756,51.14678984750014,-0.15431831711784127,-0.18172116637524738,4.0,0.0,0.29612073837965835,0.29612073837965835
3496,1,0.04882647917417671,0.07264950223556972,0.8273942228636063,0.5953262190893628,1.384614055397997,6.341627036002035e-8,2.42630453423386e6,-43.39639302257274,15.0,1.0,0.5699385455229121,-43.39639302257274,46.587927808320956,-0.15358863687077928,178.8140008040546,3.0,0.0,0.29612073837965835,0.29612073837965835
3497,1,0.08568052991667492,0.035824374366262624,0.03933563755835396,1.592056975012824,0.05712957343059811,9.432453366417437e-9,1.883216777749843e6,-43.33769482507166,15.0,1.0,0.9972867425111944,-43.33769482507166,46.850091991231906,-0.05335802159309111,-0.19682830990215905,3.0,0.0,0.29612073837965835,0.29612073837965835
3498,1,0.08573716819566232,0.050245776757847464,0.02736956952871359,1.6424108438803606,0.0658772969351979,2.7830983842992945e-8,1.2492238146653234e6,-41.91036789634326,7.0,1.0,0.285714285714624,-41.91036789634326,47.15445442177469,-0.16467461500200642,81.62002265022207,3.0,0.0,0.29612073837965835,0.29612073837965835
3499,1,0.0343753188314239,0.07703402713295113,0.0073558875737304305,1.642798609150621,0.5477982988475634,4.1207813048135735e-8,1.592842478150788e6,-41.46528789082148,23.0,1.0,0.6992132910042954,-41.46528789082148,44.40139520444734,0.23406757667633116,0.9455538090179516,4.0,0.0,0.29612073837965835,0.29612073837965835
3500,1,0.04601901205388456,0.06362851416197061,0.006883142645904267,1.3280223582429465,0.510505909827508,5.2452987769540106e-8,2.5329771028945134e6,-41.31095149842847,5.0,1.0,0.5862271420404519,-41.31095149842847,44.92397422523082,0.05895139985164377,312.7619528270399,2.0,0.0,0.29612073837965835,0.29612073837965835
3501,1,0.029673294344439632,0.07744879357298626,0.16056169671236287,1.3210048559105922,0.9015119887626106,2.0890847067671824e-8,5.392596084135263e6,-41.175193908499224,15.0,1.0,0.1594875682180303,-41.175193908499224,46.67266120789421,0.2864167746074173,8.851774233791346,4.0,0.0,0.29612073837965835,0.29612073837965835
3502,1,0.045197627740115834,0.07712411272397589,0.012356694150567674,1.202594085739713,0.6284279419119176,6.309521387723297e-9,3.9552069650819437e6,-42.91065587385137,12.0,1.0,0.5720490892625402,-42.91065587385137,45.944430082240764,0.037121434794585184,Inf,3.0,1.0,0.29612073837965835,0.29612073837965835
3503,1,0.0598569340046021,0.08953231876561553,0.015907744861857063,1.6426729657993933,0.8511188412781093,1.35304218174847e-8,123052.35270090535,-37.780257017039645,8.0,1.0,0.875,-37.780257017039645,44.28875359728061,-2.226626558183817,12413.24288587131,3.0,1.0,0.29612073837965835,0.29612073837965835
3504,1,0.0598569340046021,0.08953231876561553,0.015907744861857063,1.6426729657993933,0.8511188412781093,1.35304218174847e-8,123052.35270090535,-37.780257017039645,4.0,1.0,2.0282136915160063e-5,-37.780257017039645,39.8766405290227,0.0,1.5403486132247197e6,2.0,1.0,0.29612073837965835,0.29612073837965835
3505,1,0.0598569340046021,0.08953231876561553,0.015907744861857063,1.6426729657993933,0.8511188412781093,1.35304218174847e-8,123052.35270090535,-37.780257017039645,12.0,1.0,2.7887649145323456e-8,-37.780257017039645,40.30889230809703,0.0,Inf,3.0,1.0,0.29612073837965835,0.29612073837965835
3506,1,0.0598569340046021,0.08953231876561553,0.015907744861857063,1.6426729657993933,0.8511188412781093,1.35304218174847e-8,123052.35270090535,-37.780257017039645,1.0,1.0,7.191844562221844e-35,-37.780257017039645,39.65330393940599,0.0,78.61753057045013,1.0,0.0,0.29612073837965835,0.29612073837965835
3507,1,0.0598569340046021,0.08953231876561553,0.015907744861857063,1.6426729657993933,0.8511188412781093,1.35304218174847e-8,123052.35270090535,-37.780257017039645,3.0,1.0,4.2529904183445716e-26,-37.780257017039645,38.99825469936885,0.0,553.325136214528,2.0,0.0,0.29612073837965835,0.29612073837965835
3508,1,0.0598569340046021,0.08953231876561553,0.015907744861857063,1.6426729657993933,0.8511188412781093,1.35304218174847e-8,123052.35270090535,-37.780257017039645,1.0,1.0,2.4308464449171005e-15,-37.780257017039645,41.43315360147552,0.0,33.650536866969865,1.0,0.0,0.29612073837965835,0.29612073837965835
3509,1,0.0598569340046021,0.08953231876561553,0.015907744861857063,1.6426729657993933,0.8511188412781093,1.35304218174847e-8,123052.35270090535,-37.780257017039645,1.0,1.0,3.141406e-317,-37.780257017039645,41.41667076438937,0.0,728.7748039128167,1.0,0.0,0.29612073837965835,0.29612073837965835
3510,1,0.0598569340046021,0.08953231876561553,0.015907744861857063,1.6426729657993933,0.8511188412781093,1.35304218174847e-8,123052.35270090535,-37.780257017039645,1.0,1.0,2.4743173072296056e-110,-37.780257017039645,44.345971616423036,0.0,252.37839570683676,1.0,0.0,0.29612073837965835,0.29612073837965835
3511,1,0.0598569340046021,0.08953231876561553,0.015907744861857063,1.6426729657993933,0.8511188412781093,1.35304218174847e-8,123052.35270090535,-37.780257017039645,3.0,1.0,1.5911556647628539e-22,-37.780257017039645,41.1175504895789,0.0,313.5098616683232,2.0,0.0,0.29612073837965835,0.29612073837965835
3512,1,0.0598569340046021,0.08953231876561553,0.015907744861857063,1.6426729657993933,0.8511188412781093,1.35304218174847e-8,123052.35270090535,-37.780257017039645,3.0,1.0,0.00467861401175755,-37.780257017039645,41.697458829876325,0.0,323896.4307664642,1.0,1.0,0.29612073837965835,0.29612073837965835
3513,1,0.0598569340046021,0.08953231876561553,0.015907744861857063,1.6426729657993933,0.8511188412781093,1.35304218174847e-8,123052.35270090535,-37.780257017039645,3.0,1.0,0.0036152363631660987,-37.780257017039645,40.39172912727542,0.0,582.2994792788212,2.0,0.0,0.29612073837965835,0.29612073837965835
3514,1,0.0598569340046021,0.08953231876561553,0.015907744861857063,1.6426729657993933,0.8511188412781093,1.35304218174847e-8,123052.35270090535,-37.780257017039645,1.0,1.0,5.0703187155911504e-26,-37.780257017039645,43.40398498121498,0.0,58.243808739182164,1.0,0.0,0.29612073837965835,0.29612073837965835
3515,1,0.0598569340046021,0.08953231876561553,0.015907744861857063,1.6426729657993933,0.8511188412781093,1.35304218174847e-8,123052.35270090535,-37.780257017039645,1.0,1.0,5.487333772210268e-151,-37.780257017039645,39.19821258358781,0.0,345.98790655623856,1.0,0.0,0.29612073837965835,0.29612073837965835
3516,1,0.0598569340046021,0.08953231876561553,0.015907744861857063,1.6426729657993933,0.8511188412781093,1.35304218174847e-8,123052.35270090535,-37.780257017039645,1.0,1.0,0.0,-37.780257017039645,42.71536195235739,0.0,2210.83005426418,0.0,1.0,0.29612073837965835,0.29612073837965835
3517,1,0.0598569340046021,0.08953231876561553,0.015907744861857063,1.6426729657993933,0.8511188412781093,1.35304218174847e-8,123052.35270090535,-37.780257017039645,1.0,1.0,6.068876278522868e-83,-37.780257017039645,40.68211364206161,0.0,189.31138925766925,1.0,0.0,0.29612073837965835,0.29612073837965835
3518,1,0.0598569340046021,0.08953231876561553,0.015907744861857063,1.6426729657993933,0.8511188412781093,1.35304218174847e-8,123052.35270090535,-37.780257017039645,1.0,1.0,0.0,-37.780257017039645,42.33221074795955,0.0,33745.83128167396,0.0,1.0,0.29612073837965835,0.29612073837965835
3519,1,0.0598569340046021,0.08953231876561553,0.015907744861857063,1.6426729657993933,0.8511188412781093,1.35304218174847e-8,123052.35270090535,-37.780257017039645,1.0,1.0,0.0,-37.780257017039645,41.3956579282164,0.0,1447.8647974616185,0.0,1.0,0.29612073837965835,0.29612073837965835
3520,1,0.0598569340046021,0.08953231876561553,0.015907744861857063,1.6426729657993933,0.8511188412781093,1.35304218174847e-8,123052.35270090535,-37.780257017039645,4.0,1.0,1.4825698025635394e-6,-37.780257017039645,40.07093094076427,0.0,6046.243207047635,2.0,1.0,0.29612073837965835,0.29612073837965835
3521,1,0.0598569340046021,0.08953231876561553,0.015907744861857063,1.6426729657993933,0.8511188412781093,1.35304218174847e-8,123052.35270090535,-37.780257017039645,1.0,1.0,0.0,-37.780257017039645,44.92764339401002,0.0,25143.082719976992,0.0,1.0,0.29612073837965835,0.29612073837965835
3522,1,0.0598569340046021,0.08953231876561553,0.015907744861857063,1.6426729657993933,0.8511188412781093,1.35304218174847e-8,123052.35270090535,-37.780257017039645,2.0,1.0,0.0474001968341219,-37.780257017039645,39.83492882196539,0.0,7451.078969141944,1.0,1.0,0.29612073837965835,0.29612073837965835
3523,1,0.04981062226652185,0.07544403406323635,0.007885733093049787,1.586067389597511,0.6302590525554685,1.2123614642467264e-8,93193.8983202557,-37.48731019768342,12.0,1.0,0.02370339267443067,-37.48731019768342,40.87356139815283,1.2572304404782955,Inf,3.0,1.0,0.29612073837965835,0.29612073837965835
3524,1,0.04981062226652185,0.07544403406323635,0.007885733093049787,1.586067389597511,0.6302590525554685,1.2123614642467264e-8,93193.8983202557,-37.48731019768342,1.0,1.0,1.3563352214622977e-6,-37.48731019768342,37.950516137755336,0.0,13.510724185530513,1.0,0.0,0.29612073837965835,0.29612073837965835
3525,1,0.04981062226652185,0.07544403406323635,0.007885733093049787,1.586067389597511,0.6302590525554685,1.2123614642467264e-8,93193.8983202557,-37.48731019768342,1.0,1.0,1.0757533e-317,-37.48731019768342,40.16263723711626,0.0,729.846453272509,1.0,0.0,0.29612073837965835,0.29612073837965835
3526,1,0.04981062226652185,0.07544403406323635,0.007885733093049787,1.586067389597511,0.6302590525554685,1.2123614642467264e-8,93193.8983202557,-37.48731019768342,1.0,1.0,3.498069073879537e-25,-37.48731019768342,38.39106059395431,0.0,56.312416201771725,1.0,0.0,0.29612073837965835,0.29612073837965835
3527,1,0.04981062226652185,0.07544403406323635,0.007885733093049787,1.586067389597511,0.6302590525554685,1.2123614642467264e-8,93193.8983202557,-37.48731019768342,1.0,1.0,1.842283226965927e-19,-37.48731019768342,38.402197631833616,0.0,43.138111080305876,1.0,0.0,0.29612073837965835,0.29612073837965835
3528,1,0.04981062226652185,0.07544403406323635,0.007885733093049787,1.586067389597511,0.6302590525554685,1.2123614642467264e-8,93193.8983202557,-37.48731019768342,1.0,1.0,1.0862660184197221e-63,-37.48731019768342,40.60960283738271,0.0,144.98011471460475,1.0,0.0,0.29612073837965835,0.29612073837965835
3529,1,0.04981062226652185,0.07544403406323635,0.007885733093049787,1.586067389597511,0.6302590525554685,1.2123614642467264e-8,93193.8983202557,-37.48731019768342,4.0,1.0,7.961027091082312e-11,-37.48731019768342,43.599022603876456,0.0,134519.21015608666,2.0,1.0,0.29612073837965835,0.29612073837965835
3530,1,0.04981062226652185,0.07544403406323635,0.007885733093049787,1.586067389597511,0.6302590525554685,1.2123614642467264e-8,93193.8983202557,-37.48731019768342,1.0,1.0,4.7295706330358135e-112,-37.48731019768342,39.37949440310987,0.0,256.3356959922063,1.0,0.0,0.29612073837965835,0.29612073837965835
3531,1,0.04981062226652185,0.07544403406323635,0.007885733093049787,1.586067389597511,0.6302590525554685,1.2123614642467264e-8,93193.8983202557,-37.48731019768342,1.0,1.0,3.963577015783757e-90,-37.48731019768342,38.04515626544475,0.0,205.85551146510167,1.0,0.0,0.29612073837965835,0.29612073837965835
3532,1,0.04981062226652185,0.07544403406323635,0.007885733093049787,1.586067389597511,0.6302590525554685,1.2123614642467264e-8,93193.8983202557,-37.48731019768342,1.0,1.0,3.3937761441408956e-19,-37.48731019768342,38.51411667972103,0.0,42.52717355860217,1.0,0.0,0.29612073837965835,0.29612073837965835
3533,1,0.04981062226652185,0.07544403406323635,0.007885733093049787,1.586067389597511,0.6302590525554685,1.2123614642467264e-8,93193.8983202557,-37.48731019768342,1.0,1.0,0.0,-37.48731019768342,42.105161520618054,0.0,1106.1370887948622,0.0,1.0,0.29612073837965835,0.29612073837965835
3534,1,0.04981062226652185,0.07544403406323635,0.007885733093049787,1.586067389597511,0.6302590525554685,1.2123614642467264e-8,93193.8983202557,-37.48731019768342,3.0,1.0,4.8748775289468265e-58,-37.48731019768342,40.033592338217765,0.0,440.19024172082885,2.0,0.0,0.29612073837965835,0.29612073837965835
3535,1,0.04981062226652185,0.07544403406323635,0.007885733093049787,1.586067389597511,0.6302590525554685,1.2123614642467264e-8,93193.8983202557,-37.48731019768342,1.0,1.0,0.0,-37.48731019768342,40.929700237369886,0.0,1702.2822612064792,0.0,1.0,0.29612073837965835,0.29612073837965835
3536,1,0.04981062226652185,0.07544403406323635,0.007885733093049787,1.586067389597511,0.6302590525554685,1.2123614642467264e-8,93193.8983202557,-37.48731019768342,1.0,1.0,0.0,-37.48731019768342,40.852520571265835,0.0,16376.129103201094,0.0,1.0,0.29612073837965835,0.29612073837965835
3537,1,0.04981062226652185,0.07544403406323635,0.007885733093049787,1.586067389597511,0.6302590525554685,1.2123614642467264e-8,93193.8983202557,-37.48731019768342,1.0,1.0,6.193064940046677e-38,-37.48731019768342,38.36932737385977,0.0,85.67480342583264,1.0,0.0,0.29612073837965835,0.29612073837965835
3538,1,0.04981062226652185,0.07544403406323635,0.007885733093049787,1.586067389597511,0.6302590525554685,1.2123614642467264e-8,93193.8983202557,-37.48731019768342,2.0,1.0,2.0542024546677893e-10,-37.48731019768342,40.772279566297854,0.0,8702.921733174508,1.0,1.0,0.29612073837965835,0.29612073837965835
3539,1,0.06408485217961218,0.08387758346660562,0.015951274750256938,1.4100804763313655,0.44026685525079046,1.12140823369995e-8,108216.23813645302,-37.01524493005356,3.0,1.0,0.2937896712396077,-37.01524493005356,38.75103080036372,0.12627888294577616,1484.4473537561782,1.0,1.0,0.29612073837965835,0.29612073837965835
3540,1,0.06408485217961218,0.08387758346660562,0.015951274750256938,1.4100804763313655,0.44026685525079046,1.12140823369995e-8,108216.23813645302,-37.01524493005356,5.0,1.0,0.2,-37.01524493005356,40.33836498491551,0.0,5499.870813883429,2.0,1.0,0.29612073837965835,0.29612073837965835
3541,1,0.053389905491922164,0.08442926856524023,0.008977049203254546,1.422936837223708,0.5315097607847963,1.0220877724873354e-8,61144.06636243383,-35.69475877610563,4.0,1.0,0.25,-35.69475877610563,37.6648591606267,-1.4731738054353443,53020.49723154841,2.0,1.0,0.29612073837965835,0.29612073837965835
3542,1,0.053389905491922164,0.08442926856524023,0.008977049203254546,1.422936837223708,0.5315097607847963,1.0220877724873354e-8,61144.06636243383,-35.69475877610563,1.0,1.0,6.389035008350836e-47,-35.69475877610563,38.05475414170844,0.0,106.36691612964229,1.0,0.0,0.29612073837965835,0.29612073837965835
3543,1,0.053389905491922164,0.08442926856524023,0.008977049203254546,1.422936837223708,0.5315097607847963,1.0220877724873354e-8,61144.06636243383,-35.69475877610563,1.0,1.0,8.629722648218263e-7,-35.69475877610563,36.88081228246242,0.0,13.962883284476959,1.0,0.0,0.29612073837965835,0.29612073837965835
3544,1,0.053389905491922164,0.08442926856524023,0.008977049203254546,1.422936837223708,0.5315097607847963,1.0220877724873354e-8,61144.06636243383,-35.69475877610563,1.0,1.0,0.0,-35.69475877610563,37.863524902657254,0.0,18669.896522575138,0.0,1.0,0.29612073837965835,0.29612073837965835
3545,1,0.053389905491922164,0.08442926856524023,0.008977049203254546,1.422936837223708,0.5315097607847963,1.0220877724873354e-8,61144.06636243383,-35.69475877610563,1.0,1.0,0.0,-35.69475877610563,37.924190140832664,0.0,1209.936050070294,0.0,1.0,0.29612073837965835,0.29612073837965835
3546,1,0.053389905491922164,0.08442926856524023,0.008977049203254546,1.422936837223708,0.5315097607847963,1.0220877724873354e-8,61144.06636243383,-35.69475877610563,1.0,1.0,0.0,-35.69475877610563,40.40569056105668,0.0,8159.204483256605,0.0,1.0,0.29612073837965835,0.29612073837965835
3547,1,0.053389905491922164,0.08442926856524023,0.008977049203254546,1.422936837223708,0.5315097607847963,1.0220877724873354e-8,61144.06636243383,-35.69475877610563,1.0,1.0,0.0,-35.69475877610563,40.76121827484321,0.0,21932.642517091557,0.0,1.0,0.29612073837965835,0.29612073837965835
3548,1,0.053389905491922164,0.08442926856524023,0.008977049203254546,1.422936837223708,0.5315097607847963,1.0220877724873354e-8,61144.06636243383,-35.69475877610563,1.0,1.0,5.872155951511008e-116,-35.69475877610563,38.83851798022949,0.0,265.3296489378499,1.0,0.0,0.29612073837965835,0.29612073837965835
3549,1,0.053389905491922164,0.08442926856524023,0.008977049203254546,1.422936837223708,0.5315097607847963,1.0220877724873354e-8,61144.06636243383,-35.69475877610563,1.0,1.0,0.0,-35.69475877610563,38.13723759495501,0.0,3228.5774417552498,0.0,1.0,0.29612073837965835,0.29612073837965835
3550,1,0.053389905491922164,0.08442926856524023,0.008977049203254546,1.422936837223708,0.5315097607847963,1.0220877724873354e-8,61144.06636243383,-35.69475877610563,1.0,1.0,4.7076087598311206e-173,-35.69475877610563,36.37968062225608,0.0,396.79804100316534,1.0,0.0,0.29612073837965835,0.29612073837965835
3551,1,0.053389905491922164,0.08442926856524023,0.008977049203254546,1.422936837223708,0.5315097607847963,1.0220877724873354e-8,61144.06636243383,-35.69475877610563,1.0,1.0,0.0,-35.69475877610563,37.788163939808115,0.0,5465.0555193413975,0.0,1.0,0.29612073837965835,0.29612073837965835
3552,1,0.053389905491922164,0.08442926856524023,0.008977049203254546,1.422936837223708,0.5315097607847963,1.0220877724873354e-8,61144.06636243383,-35.69475877610563,3.0,1.0,1.0293151569318265e-41,-35.69475877610563,39.98766052070473,0.0,994.6205670274309,2.0,0.0,0.29612073837965835,0.29612073837965835
3553,1,0.053389905491922164,0.08442926856524023,0.008977049203254546,1.422936837223708,0.5315097607847963,1.0220877724873354e-8,61144.06636243383,-35.69475877610563,1.0,1.0,0.0,-35.69475877610563,38.08974558489541,0.0,45438.31935364232,0.0,1.0,0.29612073837965835,0.29612073837965835
3554,1,0.053389905491922164,0.08442926856524023,0.008977049203254546,1.422936837223708,0.5315097607847963,1.0220877724873354e-8,61144.06636243383,-35.69475877610563,3.0,1.0,5.896346005350222e-102,-35.69475877610563,41.170078319924045,0.0,Inf,1.0,1.0,0.29612073837965835,0.29612073837965835
3555,1,0.053389905491922164,0.08442926856524023,0.008977049203254546,1.422936837223708,0.5315097607847963,1.0220877724873354e-8,61144.06636243383,-35.69475877610563,1.0,1.0,0.0,-35.69475877610563,36.94961823413971,0.0,1681.966612538523,0.0,1.0,0.29612073837965835,0.29612073837965835
3556,1,0.053389905491922164,0.08442926856524023,0.008977049203254546,1.422936837223708,0.5315097607847963,1.0220877724873354e-8,61144.06636243383,-35.69475877610563,1.0,1.0,0.0,-35.69475877610563,39.163938708499536,0.0,2022.5886422871883,0.0,1.0,0.29612073837965835,0.29612073837965835
3557,1,0.053389905491922164,0.08442926856524023,0.008977049203254546,1.422936837223708,0.5315097607847963,1.0220877724873354e-8,61144.06636243383,-35.69475877610563,1.0,1.0,0.0,-35.69475877610563,45.00232287603485,0.0,15502.614056457696,0.0,1.0,0.29612073837965835,0.29612073837965835
3558,1,0.053389905491922164,0.08442926856524023,0.008977049203254546,1.422936837223708,0.5315097607847963,1.0220877724873354e-8,61144.06636243383,-35.69475877610563,1.0,1.0,0.0,-35.69475877610563,36.97044657981233,0.0,18550.113278284934,0.0,1.0,0.29612073837965835,0.29612073837965835
3559,1,0.053389905491922164,0.08442926856524023,0.008977049203254546,1.422936837223708,0.5315097607847963,1.0220877724873354e-8,61144.06636243383,-35.69475877610563,1.0,1.0,0.0,-35.69475877610563,38.75604638432747,0.0,2714.9438634844123,0.0,1.0,0.29612073837965835,0.29612073837965835
3560,1,0.053389905491922164,0.08442926856524023,0.008977049203254546,1.422936837223708,0.5315097607847963,1.0220877724873354e-8,61144.06636243383,-35.69475877610563,1.0,1.0,6.963394548344525e-306,-35.69475877610563,37.38855764909539,0.0,702.6503713782663,1.0,0.0,0.29612073837965835,0.29612073837965835
3561,1,0.053389905491922164,0.08442926856524023,0.008977049203254546,1.422936837223708,0.5315097607847963,1.0220877724873354e-8,61144.06636243383,-35.69475877610563,3.0,1.0,4.4805768497784565e-28,-35.69475877610563,41.78665338022633,0.0,2040.6976406106398,1.0,1.0,0.29612073837965835,0.29612073837965835
3562,1,0.053389905491922164,0.08442926856524023,0.008977049203254546,1.422936837223708,0.5315097607847963,1.0220877724873354e-8,61144.06636243383,-35.69475877610563,9.0,1.0,1.7992595175345067e-16,-35.69475877610563,39.17501803769556,0.0,Inf,3.0,1.0,0.29612073837965835,0.29612073837965835
3563,1,0.053389905491922164,0.08442926856524023,0.008977049203254546,1.422936837223708,0.5315097607847963,1.0220877724873354e-8,61144.06636243383,-35.69475877610563,2.0,1.0,2.6905322951613666e-9,-35.69475877610563,44.34058936610444,0.0,54890.761251442906,1.0,1.0,0.29612073837965835,0.29612073837965835
3564,1,0.053389905491922164,0.08442926856524023,0.008977049203254546,1.422936837223708,0.5315097607847963,1.0220877724873354e-8,61144.06636243383,-35.69475877610563,2.0,1.0,3.442817024539945e-41,-35.69475877610563,36.95760180784421,0.0,3133.4046376996657,1.0,1.0,0.29612073837965835,0.29612073837965835
3565,1,0.053389905491922164,0.08442926856524023,0.008977049203254546,1.422936837223708,0.5315097607847963,1.0220877724873354e-8,61144.06636243383,-35.69475877610563,1.0,1.0,6.399236562178062e-164,-35.69475877610563,39.11103820802972,0.0,375.7677765549328,1.0,0.0,0.29612073837965835,0.29612073837965835
3566,1,0.053389905491922164,0.08442926856524023,0.008977049203254546,1.422936837223708,0.5315097607847963,1.0220877724873354e-8,61144.06636243383,-35.69475877610563,1.0,1.0,0.0,-35.69475877610563,44.625629312907215,0.0,19195.10607544372,0.0,1.0,0.29612073837965835,0.29612073837965835
3567,1,0.053389905491922164,0.08442926856524023,0.008977049203254546,1.422936837223708,0.5315097607847963,1.0220877724873354e-8,61144.06636243383,-35.69475877610563,1.0,1.0,0.0,-35.69475877610563,40.45988413330317,0.0,23093.300490491816,0.0,1.0,0.29612073837965835,0.29612073837965835
3568,1,0.053389905491922164,0.08442926856524023,0.008977049203254546,1.422936837223708,0.5315097607847963,1.0220877724873354e-8,61144.06636243383,-35.69475877610563,1.0,1.0,0.0,-35.69475877610563,40.92861518297154,0.0,4209.174129906843,0.0,1.0,0.29612073837965835,0.29612073837965835
3569,1,0.053389905491922164,0.08442926856524023,0.008977049203254546,1.422936837223708,0.5315097607847963,1.0220877724873354e-8,61144.06636243383,-35.69475877610563,12.0,1.0,6.136038406913545e-14,-35.69475877610563,38.12115144713827,0.0,Inf,3.0,1.0,0.29612073837965835,0.29612073837965835
3570,1,0.053389905491922164,0.08442926856524023,0.008977049203254546,1.422936837223708,0.5315097607847963,1.0220877724873354e-8,61144.06636243383,-35.69475877610563,1.0,1.0,0.0,-35.69475877610563,36.89865114493653,0.0,2267.359880478016,0.0,1.0,0.29612073837965835,0.29612073837965835
3571,1,0.053389905491922164,0.08442926856524023,0.008977049203254546,1.422936837223708,0.5315097607847963,1.0220877724873354e-8,61144.06636243383,-35.69475877610563,2.0,1.0,0.00017054164333676403,-35.69475877610563,38.38511684037009,0.0,10811.745169735323,1.0,1.0,0.29612073837965835,0.29612073837965835
3572,1,0.06246594406785827,0.08559670620795083,0.005728885974276715,1.0653341618700884,0.6342668231402288,6.842656447102623e-9,76336.72673747476,-36.859091259515466,2.0,1.0,0.5,-36.859091259515466,38.013018694617685,-0.5306732117218687,7232.893742485123,1.0,1.0,0.29612073837965835,0.29612073837965835
3573,1,0.06246594406785827,0.08559670620795083,0.005728885974276715,1.0653341618700884,0.6342668231402288,6.842656447102623e-9,76336.72673747476,-36.859091259515466,1.0,1.0,5.575490709159558e-165,-36.859091259515466,39.006835491636394,0.0,378.20816001096466,1.0,0.0,0.29612073837965835,0.29612073837965835
3574,1,0.06246594406785827,0.08559670620795083,0.005728885974276715,1.0653341618700884,0.6342668231402288,6.842656447102623e-9,76336.72673747476,-36.859091259515466,1.0,1.0,6.303667705892441e-208,-36.859091259515466,39.758912411605024,0.0,477.09656770322397,1.0,0.0,0.29612073837965835,0.29612073837965835
3575,1,0.06246594406785827,0.08559670620795083,0.005728885974276715,1.0653341618700884,0.6342668231402288,6.842656447102623e-9,76336.72673747476,-36.859091259515466,3.0,1.0,1.3077217284329903e-15,-36.859091259515466,40.203714026182325,0.0,142.1518208167037,2.0,0.0,0.29612073837965835,0.29612073837965835
3576,1,0.06246594406785827,0.08559670620795083,0.005728885974276715,1.0653341618700884,0.6342668231402288,6.842656447102623e-9,76336.72673747476,-36.859091259515466,1.0,1.0,0.0,-36.859091259515466,43.91896644546742,0.0,642854.2743593828,0.0,1.0,0.29612073837965835,0.29612073837965835
3577,1,0.06246594406785827,0.08559670620795083,0.005728885974276715,1.0653341618700884,0.6342668231402288,6.842656447102623e-9,76336.72673747476,-36.859091259515466,1.0,1.0,1.0305175080792812e-24,-36.859091259515466,41.06356143631123,0.0,55.23198112076534,1.0,0.0,0.29612073837965835,0.29612073837965835
3578,1,0.06246594406785827,0.08559670620795083,0.005728885974276715,1.0653341618700884,0.6342668231402288,6.842656447102623e-9,76336.72673747476,-36.859091259515466,1.0,1.0,1.6467240215829832e-11,-36.859091259515466,37.96647122070187,0.0,24.829648150088524,1.0,0.0,0.29612073837965835,0.29612073837965835
3579,1,0.06246594406785827,0.08559670620795083,0.005728885974276715,1.0653341618700884,0.6342668231402288,6.842656447102623e-9,76336.72673747476,-36.859091259515466,1.0,1.0,2.903440519774276e-30,-36.859091259515466,37.48278682043381,0.0,68.01165636989978,1.0,0.0,0.29612073837965835,0.29612073837965835
3580,1,0.06246594406785827,0.08559670620795083,0.005728885974276715,1.0653341618700884,0.6342668231402288,6.842656447102623e-9,76336.72673747476,-36.859091259515466,1.0,1.0,0.0,-36.859091259515466,41.464918981160096,0.0,1041.112446018139,0.0,1.0,0.29612073837965835,0.29612073837965835
3581,1,0.06246594406785827,0.08559670620795083,0.005728885974276715,1.0653341618700884,0.6342668231402288,6.842656447102623e-9,76336.72673747476,-36.859091259515466,1.0,1.0,0.0,-36.859091259515466,39.99202453131968,0.0,14605.840913815218,0.0,1.0,0.29612073837965835,0.29612073837965835
3582,1,0.06246594406785827,0.08559670620795083,0.005728885974276715,1.0653341618700884,0.6342668231402288,6.842656447102623e-9,76336.72673747476,-36.859091259515466,1.0,1.0,2.1978453286447764e-77,-36.859091259515466,38.992264314347636,0.0,176.51157467616952,1.0,0.0,0.29612073837965835,0.29612073837965835
3583,1,0.06246594406785827,0.08559670620795083,0.005728885974276715,1.0653341618700884,0.6342668231402288,6.842656447102623e-9,76336.72673747476,-36.859091259515466,1.0,1.0,1.446155e-318,-36.859091259515466,38.62453418389492,0.0,731.8531524136195,1.0,0.0,0.29612073837965835,0.29612073837965835
3584,1,0.06246594406785827,0.08559670620795083,0.005728885974276715,1.0653341618700884,0.6342668231402288,6.842656447102623e-9,76336.72673747476,-36.859091259515466,4.0,1.0,0.004691162150595898,-36.859091259515466,48.01002371683274,0.0,9.76098591395072e6,2.0,1.0,0.29612073837965835,0.29612073837965835
3585,1,0.06246594406785827,0.08559670620795083,0.005728885974276715,1.0653341618700884,0.6342668231402288,6.842656447102623e-9,76336.72673747476,-36.859091259515466,2.0,1.0,0.00014431606052026585,-36.859091259515466,42.44986720307652,0.0,6284.504442703694,1.0,1.0,0.29612073837965835,0.29612073837965835
3586,1,0.06246594406785827,0.08559670620795083,0.005728885974276715,1.0653341618700884,0.6342668231402288,6.842656447102623e-9,76336.72673747476,-36.859091259515466,1.0,1.0,0.0,-36.859091259515466,41.03409744094547,0.0,45692.17510938611,0.0,1.0,0.29612073837965835,0.29612073837965835
3587,1,0.06246594406785827,0.08559670620795083,0.005728885974276715,1.0653341618700884,0.6342668231402288,6.842656447102623e-9,76336.72673747476,-36.859091259515466,8.0,1.0,0.03848623678293736,-36.859091259515466,39.81089966043736,0.0,3892.1351509943124,3.0,1.0,0.29612073837965835,0.29612073837965835
3588,1,0.06246594406785827,0.08559670620795083,0.005728885974276715,1.0653341618700884,0.6342668231402288,6.842656447102623e-9,76336.72673747476,-36.859091259515466,1.0,1.0,4.421417786542119e-52,-36.859091259515466,39.50596564419978,0.0,118.24796442484924,1.0,0.0,0.29612073837965835,0.29612073837965835
3589,1,0.06246594406785827,0.08559670620795083,0.005728885974276715,1.0653341618700884,0.6342668231402288,6.842656447102623e-9,76336.72673747476,-36.859091259515466,1.0,1.0,0.0,-36.859091259515466,41.77524012808215,0.0,1263.2576899334836,0.0,1.0,0.29612073837965835,0.29612073837965835
3590,1,0.06246594406785827,0.08559670620795083,0.005728885974276715,1.0653341618700884,0.6342668231402288,6.842656447102623e-9,76336.72673747476,-36.859091259515466,1.0,1.0,1.7932270773394362e-38,-36.859091259515466,39.80673120540593,0.0,86.91421670057775,1.0,0.0,0.29612073837965835,0.29612073837965835
3591,1,0.06246594406785827,0.08559670620795083,0.005728885974276715,1.0653341618700884,0.6342668231402288,6.842656447102623e-9,76336.72673747476,-36.859091259515466,1.0,1.0,1.3863825357988477e-246,-36.859091259515466,39.394837205191756,0.0,566.1092350139936,1.0,0.0,0.29612073837965835,0.29612073837965835
3592,1,0.06246594406785827,0.08559670620795083,0.005728885974276715,1.0653341618700884,0.6342668231402288,6.842656447102623e-9,76336.72673747476,-36.859091259515466,1.0,1.0,3.4475594458371925e-56,-36.859091259515466,38.239697150068004,0.0,127.7070986339574,1.0,0.0,0.29612073837965835,0.29612073837965835
3593,1,0.06246594406785827,0.08559670620795083,0.005728885974276715,1.0653341618700884,0.6342668231402288,6.842656447102623e-9,76336.72673747476,-36.859091259515466,1.0,1.0,0.0,-36.859091259515466,38.616182531225014,0.0,1280.6536178233732,0.0,1.0,0.29612073837965835,0.29612073837965835
3594,1,0.06246594406785827,0.08559670620795083,0.005728885974276715,1.0653341618700884,0.6342668231402288,6.842656447102623e-9,76336.72673747476,-36.859091259515466,1.0,1.0,4.193453159506668e-26,-36.859091259515466,38.0254882047824,0.0,58.433687880250226,1.0,0.0,0.29612073837965835,0.29612073837965835
3595,1,0.06246594406785827,0.08559670620795083,0.005728885974276715,1.0653341618700884,0.6342668231402288,6.842656447102623e-9,76336.72673747476,-36.859091259515466,1.0,1.0,0.0,-36.859091259515466,44.19957965674727,0.0,6884.786532389663,0.0,1.0,0.29612073837965835,0.29612073837965835
3596,1,0.0536832418117068,0.08078514919991595,0.004031387950891167,1.2787838754548644,0.7218031690430844,9.195780310405983e-9,158920.05139303792,-38.14057456782373,2.0,1.0,0.2749704866437012,-38.14057456782373,40.349880794955226,0.5979443278105947,1338.7294872038221,1.0,1.0,0.29612073837965835,0.29612073837965835
3597,1,0.0536832418117068,0.08078514919991595,0.004031387950891167,1.2787838754548644,0.7218031690430844,9.195780310405983e-9,158920.05139303792,-38.14057456782373,3.0,1.0,5.3290247558087134e-6,-38.14057456782373,41.20518205942227,0.0,243.22370784488874,2.0,0.0,0.29612073837965835,0.29612073837965835
3598,1,0.05752580380073244,0.07861061104087802,0.0025494141940441946,1.2332261802893874,0.7032276206691683,6.8374482528434425e-9,140612.51430596664,-39.32746643171325,3.0,1.0,0.22423175360984426,-39.32746643171325,40.17955219466361,0.3982431830634994,3500.3977038485673,1.0,1.0,0.29612073837965835,0.29612073837965835
3599,1,0.05752580380073244,0.07861061104087802,0.0025494141940441946,1.2332261802893874,0.7032276206691683,6.8374482528434425e-9,140612.51430596664,-39.32746643171325,1.0,1.0,0.00017286264180018136,-39.32746643171325,40.81920098629507,0.0,8.663013256867629,1.0,0.0,0.29612073837965835,0.29612073837965835
3600,1,0.06725708959910912,0.0329515328753039,0.027027178298569612,1.848986468285393,0.7198111934347147,1.6843589233131577e-9,431615.9658912142,-40.96474521808239,8.0,1.0,0.6599220407302122,-40.96474521808239,42.95200401929971,0.2908957783958428,1294.7728399877537,3.0,1.0,0.29612073837965835,0.29612073837965835
3601,1,0.06725708959910912,0.0329515328753039,0.027027178298569612,1.848986468285393,0.7198111934347147,1.6843589233131577e-9,431615.9658912142,-40.96474521808239,7.0,1.0,0.034271044266077626,-40.96474521808239,42.9383524867564,0.0,31.538503433541806,3.0,0.0,0.29612073837965835,0.29612073837965835
3602,1,0.06935408507834956,0.020134532399384193,0.026357255299504976,1.8387989144260783,0.44142728170475565,1.4571587452632168e-9,321891.1430230076,-41.45551044741183,4.0,1.0,0.4843220691178404,-41.45551044741183,43.55209120710878,0.032126543733745905,635992.2566917201,2.0,1.0,0.29612073837965835,0.29612073837965835
3603,1,0.06935408507834956,0.020134532399384193,0.026357255299504976,1.8387989144260783,0.44142728170475565,1.4571587452632168e-9,321891.1430230076,-41.45551044741183,6.0,1.0,0.06586518656101266,-41.45551044741183,44.805657540020626,0.0,3037.8861522273173,2.0,1.0,0.29612073837965835,0.29612073837965835
3604,1,0.06935408507834956,0.020134532399384193,0.026357255299504976,1.8387989144260783,0.44142728170475565,1.4571587452632168e-9,321891.1430230076,-41.45551044741183,3.0,1.0,0.04203633763678852,-41.45551044741183,47.503845003119345,0.0,344.87887300249866,1.0,0.0,0.29612073837965835,0.29612073837965835
3605,1,0.06935408507834956,0.020134532399384193,0.026357255299504976,1.8387989144260783,0.44142728170475565,1.4571587452632168e-9,321891.1430230076,-41.45551044741183,1.0,1.0,5.174631688144182e-90,-41.45551044741183,43.4427534922599,0.0,205.5888902042186,1.0,0.0,0.29612073837965835,0.29612073837965835
3606,1,0.06935408507834956,0.020134532399384193,0.026357255299504976,1.8387989144260783,0.44142728170475565,1.4571587452632168e-9,321891.1430230076,-41.45551044741183,3.0,1.0,8.416094561667266e-12,-41.45551044741183,44.77339360009346,0.0,144.66218777352725,2.0,0.0,0.29612073837965835,0.29612073837965835
3607,1,0.06935408507834956,0.020134532399384193,0.026357255299504976,1.8387989144260783,0.44142728170475565,1.4571587452632168e-9,321891.1430230076,-41.45551044741183,1.0,1.0,1.2296018385118297e-40,-41.45551044741183,45.25632739442862,0.0,91.89671331130938,1.0,0.0,0.29612073837965835,0.29612073837965835
3608,1,0.06935408507834956,0.020134532399384193,0.026357255299504976,1.8387989144260783,0.44142728170475565,1.4571587452632168e-9,321891.1430230076,-41.45551044741183,2.0,1.0,0.06466153706780434,-41.45551044741183,43.96846062221317,0.0,1865.4637422986916,1.0,1.0,0.29612073837965835,0.29612073837965835
3609,1,0.05939276544829406,0.02721525719103049,0.02642961178005519,1.8766891785252189,0.593432500078338,1.6272332029370393e-9,365187.7561665618,-41.16325493685077,5.0,1.0,0.5333623286554972,-41.16325493685077,42.175771588698346,0.1793814783150438,68151.95174791625,2.0,1.0,0.29612073837965835,0.29612073837965835
3610,1,0.06287806411029523,0.01777330446922807,0.023268093867404676,1.917376209332345,0.338538548179154,1.8709237046128396e-9,345409.4149875307,-42.02698101349068,11.0,1.0,0.3969600957847624,-42.02698101349068,43.880675820249856,-0.16088643698326877,94888.80284855702,3.0,1.0,0.29612073837965835,0.29612073837965835
3611,1,0.04767583291620181,0.012787250369138263,0.02173742221369436,1.8824874177794648,0.4223774653004688,1.4262491951880341e-8,630849.6510685128,-41.81759149300877,4.0,1.0,0.44415394720030116,-41.81759149300877,45.855432402456,0.13830539897649174,1317.0642196190354,2.0,1.0,0.29612073837965835,0.29612073837965835
3612,1,0.07218507855747087,0.013993084830225606,0.020816533656430616,1.9196377402614038,0.17105328122900107,1.7552704384680645e-8,486257.02248913987,-42.594842374453336,15.0,1.0,0.058390508073036584,-42.594842374453336,46.694036681627175,0.8843806857361969,5.650885572198412,4.0,0.0,0.29612073837965835,0.29612073837965835
3613,1,0.06691623028361497,0.014032168308420748,0.031244000001403337,1.9547360130398617,0.1277130766344493,2.8015750095750352e-8,346337.7746191471,-42.08485621708696,3.0,1.0,0.3351824327899941,-42.08485621708696,44.046273937537435,-1.2865300737184953,20530.46500438487,1.0,1.0,0.29612073837965835,0.29612073837965835
3614,1,0.06691623028361497,0.014032168308420748,0.031244000001403337,1.9547360130398617,0.1277130766344493,2.8015750095750352e-8,346337.7746191471,-42.08485621708696,9.0,1.0,0.0012249267608778508,-42.08485621708696,45.907668827503656,0.0,Inf,3.0,1.0,0.29612073837965835,0.29612073837965835
3615,1,0.06691623028361497,0.014032168308420748,0.031244000001403337,1.9547360130398617,0.1277130766344493,2.8015750095750352e-8,346337.7746191471,-42.08485621708696,3.0,1.0,2.5004383005182684e-23,-42.08485621708696,46.72259059687447,0.0,212.9952119241603,2.0,0.0,0.29612073837965835,0.29612073837965835
3616,1,0.06691623028361497,0.014032168308420748,0.031244000001403337,1.9547360130398617,0.1277130766344493,2.8015750095750352e-8,346337.7746191471,-42.08485621708696,11.0,1.0,8.269468184779429e-15,-42.08485621708696,44.20128038283222,0.0,Inf,3.0,1.0,0.29612073837965835,0.29612073837965835
3617,1,0.05140684881070942,0.011622928058196124,0.02219439104106763,1.9209294499704315,0.17864398450472307,3.0220692177844776e-8,599401.902557588,-42.623749273322794,3.0,1.0,0.2944430946965049,-42.623749273322794,45.894008933686166,0.135145835412132,2064.5810540807947,1.0,1.0,0.29612073837965835,0.29612073837965835
3618,1,0.05140684881070942,0.011622928058196124,0.02219439104106763,1.9209294499704315,0.17864398450472307,3.0220692177844776e-8,599401.902557588,-42.623749273322794,15.0,1.0,4.351388458224848e-5,-42.623749273322794,45.05619645343569,0.0,120.2886835475042,3.0,0.0,0.29612073837965835,0.29612073837965835
3619,1,0.05140684881070942,0.011622928058196124,0.02219439104106763,1.9209294499704315,0.17864398450472307,3.0220692177844776e-8,599401.902557588,-42.623749273322794,1.0,1.0,7.159209323008848e-25,-42.623749273322794,46.76574025773022,0.0,55.59622777972377,1.0,0.0,0.29612073837965835,0.29612073837965835
3620,1,0.05706863784911206,0.013792052094253288,0.014826096007801003,1.882801513217233,0.1938584117739101,3.181400722669923e-8,745111.8512948737,-42.201987452124,3.0,1.0,0.2452782507503063,-42.201987452124,44.25920821804309,0.3759025541619323,4323.343618324333,1.0,1.0,0.29612073837965835,0.29612073837965835
3621,1,0.05280820639515128,0.01741282757001068,0.018432507580577462,1.9217624312896526,0.29867604276691223,4.3012724014728e-8,433733.73261390784,-40.622633045696126,3.0,1.0,0.3333333333333333,-40.622633045696126,44.11376750822752,-0.4133224750591111,1160.7734359582942,1.0,1.0,0.29612073837965835,0.29612073837965835
3622,1,0.05280820639515128,0.01741282757001068,0.018432507580577462,1.9217624312896526,0.29867604276691223,4.3012724014728e-8,433733.73261390784,-40.622633045696126,9.0,1.0,0.0580716718612848,-40.622633045696126,43.85989569561334,0.0,Inf,3.0,1.0,0.29612073837965835,0.29612073837965835
3623,1,0.05280820639515128,0.01741282757001068,0.018432507580577462,1.9217624312896526,0.29867604276691223,4.3012724014728e-8,433733.73261390784,-40.622633045696126,12.0,1.0,1.9145878620769192e-5,-40.622633045696126,45.95683431842739,0.0,Inf,3.0,1.0,0.29612073837965835,0.29612073837965835
3624,1,0.05706768647159335,0.01756705642157456,0.018039759228206963,1.7934205822501252,0.49156058300985644,3.7663172023656273e-8,302696.47183203883,-38.91346314073497,10.0,1.0,0.10724559591638642,-38.91346314073497,43.563374660884755,0.029087431819370124,Inf,3.0,1.0,0.29612073837965835,0.29612073837965835
3625,1,0.05706768647159335,0.01756705642157456,0.018039759228206963,1.7934205822501252,0.49156058300985644,3.7663172023656273e-8,302696.47183203883,-38.91346314073497,4.0,1.0,0.08255088672010996,-38.91346314073497,42.37616862626276,0.0,9262.552162266167,2.0,1.0,0.29612073837965835,0.29612073837965835
3626,1,0.058647055373599384,0.032168250176520245,0.01982936657489548,1.8235882204523326,0.7755114834259524,3.181280857102578e-8,242760.10052404623,-37.79505861127615,10.0,1.0,0.2000141955685999,-37.79505861127615,41.113337399844006,-0.2693418404137944,3480.2519697736634,3.0,1.0,0.29612073837965835,0.29612073837965835
3627,1,0.058647055373599384,0.032168250176520245,0.01982936657489548,1.8235882204523326,0.7755114834259524,3.181280857102578e-8,242760.10052404623,-37.79505861127615,3.0,1.0,1.1979861681907232e-10,-37.79505861127615,41.94177256157038,0.0,92.55409203918131,2.0,0.0,0.29612073837965835,0.29612073837965835
3628,1,0.055878063676530844,0.04710265202190149,0.020501486586926042,1.83827961195536,0.969693694704901,3.066553653605218e-8,379288.6144734155,-38.261185852702354,4.0,1.0,0.3930438213546421,-38.261185852702354,39.76644267022486,0.07807617846883375,76910.71434379753,2.0,1.0,0.29612073837965835,0.29612073837965835
3629,1,0.055878063676530844,0.04710265202190149,0.020501486586926042,1.83827961195536,0.969693694704901,3.066553653605218e-8,379288.6144734155,-38.261185852702354,3.0,1.0,0.07796590984217659,-38.261185852702354,39.031593170953805,0.0,1097.6347197489856,1.0,1.0,0.29612073837965835,0.29612073837965835
3630,1,0.055878063676530844,0.04710265202190149,0.020501486586926042,1.83827961195536,0.969693694704901,3.066553653605218e-8,379288.6144734155,-38.261185852702354,15.0,1.0,0.011157187551367206,-38.261185852702354,40.837615147111805,0.0,10.497918262943955,4.0,0.0,0.29612073837965835,0.29612073837965835
3631,1,0.055878063676530844,0.04710265202190149,0.020501486586926042,1.83827961195536,0.969693694704901,3.066553653605218e-8,379288.6144734155,-38.261185852702354,3.0,1.0,0.0904731456654027,-38.261185852702354,40.211421561248216,0.0,234.30830183692868,2.0,0.0,0.29612073837965835,0.29612073837965835
3632,1,0.055878063676530844,0.04710265202190149,0.020501486586926042,1.83827961195536,0.969693694704901,3.066553653605218e-8,379288.6144734155,-38.261185852702354,2.0,1.0,0.0763091518587466,-38.261185852702354,40.87024437282477,0.0,1409.9291221229378,1.0,1.0,0.29612073837965835,0.29612073837965835
3633,1,0.03835610941574697,0.05527700273272997,0.004384224161931221,1.8482370543512052,1.2363162041409501,2.9394755386870825e-8,721755.4080974567,-41.89768031544912,7.0,1.0,0.11650669886669655,-41.89768031544912,42.40401682082314,0.9050317036583948,360.8707501337046,3.0,0.0,0.29612073837965835,0.29612073837965835
3634,1,0.03835610941574697,0.05527700273272997,0.004384224161931221,1.8482370543512052,1.2363162041409501,2.9394755386870825e-8,721755.4080974567,-41.89768031544912,3.0,1.0,0.1968304028390827,-41.89768031544912,43.634008430986974,0.0,180.69585569718078,2.0,0.0,0.29612073837965835,0.29612073837965835
3635,1,0.06546397580937884,0.04849284420439101,0.06111233456942756,1.8992141621679308,1.3318448072805753,5.2233000477927106e-8,857929.1783397583,-42.464440516570775,7.0,1.0,0.31514722554752633,-42.464440516570775,44.719291489218236,-0.030176871730887456,24.30480646487051,3.0,0.0,0.29612073837965835,0.29612073837965835
3636,1,0.07274263273904252,0.07799131198797121,0.027692786588244568,1.8102051088032949,0.5417606569546561,2.9280541896144084e-9,4.163022962148916e6,-44.08052610508368,15.0,1.0,0.283027143338489,-44.08052610508368,48.32488204580574,0.4075773888744436,22.12432000547986,4.0,0.0,0.29612073837965835,0.29612073837965835
3637,1,0.06052562048119802,0.08196675541392913,0.023034758748179927,1.8850073448103435,0.5873731497881208,5.608635948113998e-9,3.2959306925981934e6,-43.5426813779132,7.0,1.0,0.5603601408509107,-43.5426813779132,46.41895298796267,-0.015045320674801133,22.45088476329049,2.0,0.0,0.29612073837965835,0.29612073837965835
3638,1,0.04199415158593139,0.0795540541605618,0.08464549229482894,1.7685058092982366,0.5169000786441997,1.479236523466864e-8,5.215894439237227e6,-42.24305796156951,5.0,1.0,0.7977174201263397,-42.24305796156951,45.22594924610649,-0.008571059335118036,75.95618533030944,2.0,0.0,0.29612073837965835,0.29612073837965835
3639,1,0.07585222343919969,0.044137848525534006,0.815043125483992,0.345573599197432,0.788386585446519,1.8142235957581497e-8,7.312533931334543e6,-42.05667703087062,15.0,1.0,0.9909580205815708,-42.05667703087062,44.94257630864193,-0.00991765222626384,-0.16341962155441792,4.0,0.0,0.29612073837965835,0.29612073837965835
3640,1,0.08698564321014883,0.05607967607407178,0.5624575647499774,1.7586881703132478,0.4990203241980877,8.187397955056009e-8,7.874213338499184e6,-41.940683915448716,15.0,1.0,0.9701765372720126,-41.940683915448716,47.001671431281565,-0.058458197498453046,0.16439940248272933,4.0,0.0,0.29612073837965835,0.29612073837965835
3641,1,0.048052081378577825,0.02427759166631168,0.2957031850035282,0.39020762621090144,1.1305381724700199,1.4033175954709485e-8,1.0017726761145135e7,-42.76503172970175,15.0,1.0,0.965347287104311,-42.76503172970175,44.6859701846375,0.036191960915715526,0.17343750125833424,4.0,0.0,0.29612073837965835,0.29612073837965835
3642,1,0.0340563969846593,0.04705941877386504,0.5544857471499309,0.4827664955945692,1.0018139936770494,2.430567967612633e-8,2.4483694980859957e6,-41.17096201295449,7.0,1.0,0.833908567840746,-41.17096201295449,44.04968557926981,-0.31990853009968845,0.41161094069871496,3.0,0.0,0.29612073837965835,0.29612073837965835
3643,1,0.017124478256627836,0.07004127992122192,0.7000858735187053,0.6001509353259579,0.07649210043373923,4.803149651481446e-8,8.373437551835429e6,-43.77102585824268,7.0,1.0,0.9726034904326653,-43.77102585824268,45.189742751661555,0.04829995455686742,-0.09830717385494836,3.0,0.0,0.29612073837965835,0.29612073837965835
3644,1,0.06766313041413884,0.04087256792560156,0.15187681316483015,1.1463511368540331,0.7697189617985585,4.3585392358015994e-8,1.6438054124874156e7,-41.7360542480503,15.0,1.0,0.9703828664000889,-41.7360542480503,48.23160598445058,-0.4311931484819951,-0.5271540288591723,4.0,0.0,0.29612073837965835,0.29612073837965835
3645,1,0.07123626131710184,0.011744943450100442,0.5665211668070004,1.370060506354119,1.0236769204482221,6.813971409122904e-8,6.1725131656126855e6,-42.68341646540022,7.0,1.0,0.8214810803973523,-42.68341646540022,46.031006797876756,0.009556784560537324,1.6975494233193942,3.0,0.0,0.29612073837965835,0.29612073837965835
3646,1,0.0969607656772999,0.011193683655096664,0.6289763584819669,0.20112431941070408,0.8977063128440019,4.436268396389052e-8,3.8131941825202308e6,-46.01446065946119,15.0,1.0,0.9574221850400597,-46.01446065946119,48.78036798811553,0.020935947685806866,0.1216866556517715,4.0,0.0,0.29612073837965835,0.29612073837965835
3647,1,0.09432481207702127,0.011169728758197968,0.7012161639393927,0.21221876210973165,0.7405290791559855,4.9034851140593114e-8,2.538327992682599e6,-45.81311472816261,7.0,1.0,0.9713733497469911,-45.81311472816261,47.530099495288766,0.0320174623389633,-0.08468424070830594,3.0,0.0,0.29612073837965835,0.29612073837965835
3648,1,0.09234573196262677,0.017323265890520648,0.707304079759486,0.6109528601946782,0.9173981100385981,7.554408168960929e-8,8.364429690615006e6,-43.130754549497965,15.0,1.0,0.9818670108532692,-43.130754549497965,47.10877108811484,0.014669601645756813,-0.1340126902665162,4.0,0.0,0.29612073837965835,0.29612073837965835
3649,1,0.0924085763310151,0.020019014719754605,0.830462779296717,1.0662172804786523,0.9322925863902135,7.303726237963801e-8,4.875328832710444e6,-42.498361351800135,15.0,1.0,0.9252486450519437,-42.498361351800135,46.73760130657361,-0.050716715431398995,0.2807968444268667,3.0,0.0,0.29612073837965835,0.29612073837965835
3650,1,0.05644083216216813,0.092330926260338,0.2644807000040318,1.6737409654266073,0.7739153321176832,2.208679676767219e-8,3.721553796819253e6,-41.39190575991994,15.0,1.0,0.9902885004137235,-41.39190575991994,44.54773811658254,-0.05582700494439763,-0.13561289504922058,4.0,0.0,0.29612073837965835,0.29612073837965835
3651,1,0.07215601627245839,0.08215259966916047,0.4409042709662239,0.8341092240575563,0.9537520056791148,9.966830235256739e-9,3.5533826570919575e6,-41.07875459398248,7.0,1.0,0.9968899639905857,-41.07875459398248,42.83769831263627,-0.017308242805853524,-0.050285392133709195,3.0,0.0,0.29612073837965835,0.29612073837965835
3652,1,0.0930658642544501,0.06078898661201925,0.31163669339601274,1.2924562606474665,0.10654765054745238,2.513227420385417e-8,1.1546514809884248e7,-43.606689239026935,7.0,1.0,0.9199412904047204,-43.606689239026935,46.6440839267415,0.03677879725568545,0.2642832520750744,3.0,0.0,0.29612073837965835,0.29612073837965835
3653,1,0.06791981126803874,0.01840638578593549,0.8288823784825643,1.9443182762075109,0.06611375241677289,3.671254955326475e-8,3.5282819433270604e6,-45.587647447770294,7.0,1.0,0.9598892949481969,-45.587647447770294,48.71119105142353,-0.05006173688061466,-0.20731452751982715,3.0,0.0,0.29612073837965835,0.29612073837965835
3654,1,0.09183940461424372,0.03850966469926268,0.48703367780257145,1.958944102011934,0.18095386909689395,2.0832002697996215e-8,3.240467563746262e6,-44.08177195863317,15.0,1.0,0.7319479564782446,-44.08177195863317,47.373148470819324,-0.05382512517907401,21.06413817661025,4.0,0.0,0.29612073837965835,0.29612073837965835
3655,1,0.017961963780810684,0.02419592662539917,0.46861214672026613,0.16343648250329354,1.3368214117690902,8.309099515302204e-8,5.62984156097602e6,-45.30061753930511,15.0,1.0,0.9837419738654777,-45.30061753930511,47.47395838810709,0.04904737436292095,0.05667803350291223,4.0,0.0,0.29612073837965835,0.29612073837965835
3656,1,0.04335767789714164,0.03630974746606315,0.4290143521301515,0.2507322112567212,1.2713281877600702,3.933832836188317e-8,2.451463969080664e7,-44.13517441065936,15.0,1.0,0.5902823003432657,-44.13517441065936,50.44837431125565,0.030128003622927224,3.9696727418793216,3.0,0.0,0.29612073837965835,0.29612073837965835
3657,1,0.0608330666316419,0.04503100519691364,0.512625516901431,1.9119574165419593,0.8137189320531579,9.558228283853291e-8,2.476777027411986e6,-43.09180427453575,15.0,1.0,0.5263485243284113,-43.09180427453575,48.02077967844017,-0.437314384139313,1.6855226090174895,4.0,0.0,0.29612073837965835,0.29612073837965835
3658,1,0.07376612784700953,0.06618177073850325,0.40985763964063743,0.23609016550080444,0.5908617784796214,2.267506390146514e-8,2.873171966466599e6,-41.51760636096971,15.0,1.0,0.9316992287896521,-41.51760636096971,44.80452017630072,-0.0110836133891965,0.18687040200791216,3.0,0.0,0.29612073837965835,0.29612073837965835
3659,1,0.08019571952643478,0.036900418389899985,0.5692811370041015,0.21961221079245302,0.9644129396794541,1.572622481501128e-8,1.1337215958489934e7,-43.148413141859464,7.0,1.0,0.8621706689926997,-43.148413141859464,43.77498898924651,0.17211772938811976,0.3304627349186333,3.0,0.0,0.29612073837965835,0.29612073837965835
3660,1,0.036128400997238276,0.04432996830541392,0.5560449985597574,1.6602598504412975,0.6274212724475787,8.691918251338992e-8,1.1520932394355902e7,-41.97154465053357,15.0,1.0,0.9592210678171876,-41.97154465053357,44.63474247782651,0.11173181346226357,0.1956510560961746,4.0,0.0,0.29612073837965835,0.29612073837965835
3661,1,0.07759652701996556,0.05422033122987793,0.47392355326704777,0.46848034580926956,0.6269371734346674,3.525718285599835e-8,3.4108785681981104e6,-40.18183496018516,15.0,1.0,0.9318488542869446,-40.18183496018516,42.862456350538444,-0.07392330716790241,0.37941865752893733,3.0,0.0,0.29612073837965835,0.29612073837965835
3662,1,0.09835692453943806,0.023014811707373177,0.4405402800822616,1.721370075978384,0.7919196844990144,3.10489970797072e-8,3.1270485200834367e6,-43.143754594766406,7.0,1.0,0.7281521589410543,-43.143754594766406,47.55632977725901,0.15481867595128307,0.38279831156440736,3.0,0.0,0.29612073837965835,0.29612073837965835
3663,1,0.029364031195034446,0.08668911016504506,0.4473892366541952,0.2571134714893464,0.23926535271589777,6.305085672053811e-8,2.9210844814923154e6,-42.61254084638482,15.0,1.0,0.973138301534069,-42.61254084638482,45.69706761778807,0.05129599427722553,0.07591733382921717,4.0,0.0,0.29612073837965835,0.29612073837965835
3664,1,0.04432132432304998,0.01563958816263737,0.3629141363244609,0.19299134939527243,1.014790275171414,1.0020447829407624e-7,5.971167320348656e6,-51.37439242032161,15.0,1.0,0.8338257440454491,-51.37439242032161,55.9080286581876,0.22623313932155753,0.22623313932155753,4.0,0.0,0.29612073837965835,0.29612073837965835
3665,1,0.02076714869880636,0.0770772744121831,0.7794424112155675,0.3856464829221876,0.19151623833919376,1.0003275781769331e-7,1.5800877980048794e7,-49.03307464495187,15.0,1.0,0.5353377172511632,-49.03307464495187,55.6993985744969,0.46572583553805913,186.3636943314282,3.0,0.0,0.29612073837965835,0.29612073837965835
3666,1,0.08405340002556166,0.017840598923333176,0.6499893062442685,1.3042205385554977,1.0381225382793688,9.933259146493394e-8,1.763828107424353e6,-46.292257651403425,7.0,1.0,0.9703704877083746,-46.292257651403425,51.55987498579482,0.19456458393901244,-0.3354134209276154,3.0,0.0,0.29612073837965835,0.29612073837965835
3667,1,0.06490051539792452,0.02643239395572248,0.7953388019225189,1.577627000274572,0.42931005242108045,9.529936485088026e-8,9.05664064442643e6,-43.37563503918921,7.0,1.0,1.0,-43.37563503918921,47.29726590691631,-0.35064347113265626,-0.5127532890161319,3.0,0.0,0.29612073837965835,0.29612073837965835
3668,1,0.03061484926588956,0.026811384129703422,0.8577312968769172,1.524797761891749,0.24398579649083288,9.940428839848171e-8,6.070657641866902e6,-45.73643478679293,15.0,1.0,0.9662725724535122,-45.73643478679293,48.01769405268566,0.014859456067810584,-0.2625270853805617,4.0,0.0,0.29612073837965835,0.29612073837965835
3669,1,0.05492826631830063,0.09000674839387189,0.11289850908529299,0.5868850264452764,0.6974151904881805,5.784883765737476e-8,9.485601253231063e6,-42.11865298214454,7.0,1.0,0.9911822116427211,-42.11865298214454,47.616356986111654,-0.12071240178724452,-0.1382611942420553,3.0,0.0,0.29612073837965835,0.29612073837965835
3670,1,0.07808036756807192,0.02929763060454158,0.21232661761111707,1.6057786637084688,0.41971808081308465,9.573345255933581e-8,1.1545605693539301e7,-43.74831436801271,15.0,1.0,0.8448164934097556,-43.74831436801271,47.77234228556908,0.04926053600647862,0.5357583016247318,3.0,0.0,0.29612073837965835,0.29612073837965835
3671,1,0.06845043221246831,0.07225831340733019,0.22839674930608983,1.8460093253335679,1.0290718912334629,1.0162996285875342e-9,3.2941772452967055e7,-47.606022532516036,15.0,1.0,0.3676401547570131,-47.606022532516036,51.35896156991968,1.1852566794161348,2.618734384361254,4.0,0.0,0.29612073837965835,0.29612073837965835
3672,1,0.09631429594551483,0.05325697782032395,0.9119064647244641,1.6638079678391025,0.6163490675259323,4.627366860367796e-9,1.4489939772547416e6,-48.388475356074316,15.0,1.0,0.9683684690434649,-48.388475356074316,51.57575671832803,0.4183355921561258,-0.9001213724358834,4.0,0.0,0.29612073837965835,0.29612073837965835
3673,1,0.012123151195042252,0.05125005959710418,0.10702918150069536,0.5265656610804685,0.882167190415692,9.155709046467089e-9,1.7144870432786964e7,-45.88345944021616,15.0,1.0,0.9782572730274869,-45.88345944021616,51.16131970219961,-0.5128161751005322,-1.2186560301579945,4.0,0.0,0.29612073837965835,0.29612073837965835
3674,1,0.04029150896024375,0.034967415616999786,0.08762789817235739,1.3399830068017595,0.7315943102749474,8.201415223987194e-9,1.997287385801236e6,-41.77699937424906,15.0,1.0,0.386736497164263,-41.77699937424906,48.10171517611015,-0.21067390992827484,9.79415124345276,3.0,0.0,0.29612073837965835,0.29612073837965835
3675,1,0.0927838395361624,0.027622697285372727,0.037409192043484925,1.8535333126574922,0.2282791723288418,5.0152455014719395e-8,2.283704508579401e6,-42.858066517523255,15.0,1.0,0.6775410364402139,-42.858066517523255,45.96499475596262,0.247306178573794,0.6520276572345907,3.0,0.0,0.29612073837965835,0.29612073837965835
3676,1,0.08484423263694017,0.02728971316091694,0.06854504124613568,1.8889566991398459,0.2705800814891935,5.5938649666420747e-8,1.8136316250041944e6,-41.634391492696814,3.0,1.0,0.8078793376608036,-41.634391492696814,44.59829852980316,0.06275548268245501,0.6933134237539775,2.0,0.0,0.29612073837965835,0.29612073837965835
3677,1,0.023178622876375878,0.05641903240401199,0.0837367266969568,1.8581303257815949,1.1813487416507753,4.425552318934377e-8,4.208364443768751e6,-42.730062354577605,15.0,1.0,0.8011192792558579,-42.730062354577605,44.548265553607585,0.06268059942107129,111.26759668054362,3.0,0.0,0.29612073837965835,0.29612073837965835
3678,1,0.01648285410003968,0.03703111957109372,0.07442229622662337,1.9367166669470617,1.3047552950129182,8.615574547861968e-8,5.01174581859847e6,-45.909302582226914,7.0,1.0,0.9632183360715383,-45.909302582226914,46.83875162986704,0.08256566302327428,-0.08736081253761085,3.0,0.0,0.29612073837965835,0.29612073837965835
3679,1,0.020344854464537904,0.06836519840848818,0.11254568720427244,1.967898394712908,0.06877755908086475,7.754555456084272e-8,2.8499836400642274e6,-46.29702672140717,15.0,1.0,0.9956371387449848,-46.29702672140717,50.11626112204307,-0.03523725712867787,-0.17142758196938246,4.0,0.0,0.29612073837965835,0.29612073837965835
3680,1,0.0866116089954946,0.039330853749665,0.2419163720247539,1.6132301288812534,1.3033157486910851,5.594280648231936e-9,2.1305745030672313e6,-43.24374479012893,15.0,1.0,0.9932052935268485,-43.24374479012893,48.014520889918764,-0.10783677948437287,-0.12731334631099145,4.0,0.0,0.29612073837965835,0.29612073837965835
3681,1,0.04578746256087171,0.05835526542989986,0.11484592251610098,0.9799430865561918,0.19085522213790765,5.483483911504286e-8,4.663971508564885e6,-40.910844754903714,15.0,1.0,0.9776077386202587,-40.910844754903714,44.09531219746225,-0.5914061476924246,-0.7323420553972326,4.0,0.0,0.29612073837965835,0.29612073837965835
3682,1,0.05242674967723314,0.06387132639397326,0.9356147219579077,1.7533890710240154,0.5759569897828578,3.996615027341666e-8,7.47719310930973e6,-43.00471210101465,7.0,1.0,0.9464768649228024,-43.00471210101465,44.578301911269094,0.058476408568985505,0.1409796372944072,3.0,0.0,0.29612073837965835,0.29612073837965835
3683,1,0.06823204945461167,0.09468987338364308,0.3128116939615131,1.7542193728380662,0.39371871193571417,5.483760645790329e-9,2.4088709874358037e6,-43.66907684621425,15.0,1.0,0.9944577395635406,-43.66907684621425,45.83945474194566,-0.19681499380830303,-0.42123233508877433,4.0,0.0,0.29612073837965835,0.29612073837965835
3684,1,0.051302044151301324,0.03573331393580385,0.20740893325207807,1.5858785037267835,0.675701277549438,9.019263850831263e-8,1.0817388759119825e7,-42.21630687064447,15.0,1.0,0.8372408511825553,-42.21630687064447,46.101103136956354,0.2313133329709487,0.5032024010339455,4.0,0.0,0.29612073837965835,0.29612073837965835
3685,1,0.08801616437330953,0.049207513464346174,0.6191054067712861,1.598635799721878,0.9791794361709236,3.64542687071453e-8,4.220317302698312e7,-44.156726486431005,15.0,1.0,0.580208006462783,-44.156726486431005,50.82475042197036,-0.0012839090943614906,4.5980314562600455,3.0,0.0,0.29612073837965835,0.29612073837965835
3686,1,0.09002146642510032,0.06223627182533224,0.7121272427581214,1.553078884588749,1.102041159400702,2.8343487286627854e-8,4.9759803052598715e7,-45.07504322362935,7.0,1.0,0.9901552492380657,-45.07504322362935,45.97600290295016,0.02641429310814658,-1.866788794370521,2.0,0.0,0.29612073837965835,0.29612073837965835
3687,1,0.09657608112861345,0.03492183046136978,0.4864219303920727,1.6938324568058218,1.2215093187008657,3.1337105923917613e-8,2.696852595298639e7,-45.410326534591576,15.0,1.0,0.9969606892990763,-45.410326534591576,47.40769269408614,0.019716187238998373,-1.6187613753141363,3.0,0.0,0.29612073837965835,0.29612073837965835
3688,1,0.03906406007177673,0.08079550319183905,0.29565707419200504,1.533751071623169,1.3671195912655991,2.7290375955776348e-9,1.7884930204275863e6,-45.96862709219648,7.0,1.0,0.9703402273872659,-45.96862709219648,49.30942408510795,-0.5739256160557886,-0.5739256160557886,3.0,0.0,0.29612073837965835,0.29612073837965835
3689,1,0.04649416526499761,0.04591315752773173,0.3615959605469587,0.6843868067876422,1.3596257306800372,3.781344830815905e-9,1.3938035205572102e7,-44.65344217261156,7.0,1.0,1.0,-44.65344217261156,47.35774008109569,-0.24637891043600035,-0.4502594531850548,3.0,0.0,0.29612073837965835,0.29612073837965835
3690,1,0.0676060152269857,0.03594785336789666,0.41610087700476,1.6368493781686249,1.350994935346703,1.8284705724516702e-8,1.6569842905539917e6,-43.765012765457406,15.0,1.0,0.9990237693456101,-43.765012765457406,47.113284177559,0.004897513665227393,-0.5992784866409266,3.0,0.0,0.29612073837965835,0.29612073837965835
3691,1,0.0676060152269857,0.03594785336789666,0.41610087700476,1.6368493781686249,1.350994935346703,1.8284705724516702e-8,1.6569842905539917e6,-43.765012765457406,3.0,1.0,0.0036261792944666115,-43.765012765457406,48.15892187711939,0.0,11.378872422959539,2.0,0.0,0.29612073837965835,0.29612073837965835
3692,1,0.06477176404166854,0.023658522930885918,0.34061743860262333,1.4876040154671113,1.3222143502388575,2.590745126556478e-8,1.9211941631617434e6,-42.56061414381948,7.0,1.0,0.9578297607136845,-42.56061414381948,45.26484687123723,-0.4726257095992068,-0.4726257095992068,3.0,0.0,0.29612073837965835,0.29612073837965835
3693,1,0.09335513497542185,0.012625744456537132,0.030349756447947365,1.5991519212142793,1.3748338351052765,2.9181568040198553e-8,3.1038231729555125e6,-45.719455033508645,7.0,1.0,0.9932362753461218,-45.719455033508645,48.61215266609467,-0.09651823162478479,-0.43468210142066965,3.0,0.0,0.29612073837965835,0.29612073837965835
3694,1,0.09647590177172519,0.021916955909702933,0.03410448135529728,1.773529178266336,1.3247864402749179,2.5383182306206793e-8,916432.2146989788,-43.032177031662464,7.0,1.0,1.0,-43.032177031662464,46.19771709801806,-1.3593957856525236,-1.3593957856525236,3.0,0.0,0.29612073837965835,0.29612073837965835
3695,1,0.05439397386338457,0.06181742159005803,0.002799513327747051,0.8654458451495531,0.9605477734688508,5.4454493561360485e-8,4.812022342190186e6,-43.63007699477631,15.0,1.0,0.5161664531422132,-43.63007699477631,47.00586093800222,0.8674255520699958,9.236044243073906,4.0,0.0,0.29612073837965835,0.29612073837965835
3696,1,0.09605812175567877,0.013890385541528466,0.08205298222784403,0.508474514699157,0.4652255661339381,1.999331929173256e-8,1.1591545716621818e6,-45.52339183052802,7.0,1.0,0.9470237205550064,-45.52339183052802,47.982398136805635,-0.5224627343023585,-1.13038397157149,3.0,0.0,0.29612073837965835,0.29612073837965835
3697,1,0.06219597919410411,0.08411168719970136,0.037397979016286255,1.2729497939501366,0.7675784356713192,2.446080915742114e-8,4.26994832184829e6,-41.16894211184626,15.0,1.0,0.9986371229261739,-41.16894211184626,47.30373496494711,-0.6344371352117477,-0.7916541604674947,3.0,0.0,0.29612073837965835,0.29612073837965835
3698,1,0.05520223798713793,0.08719843532757454,0.10057622907832406,0.9897166741350564,0.7368009281151426,2.9358903154651485e-8,5.845974721048367e6,-41.15006151315355,31.0,1.0,0.6648551951381195,-41.15006151315355,42.053250512099616,-0.01298413701072576,14.945292445496456,4.0,0.0,0.29612073837965835,0.29612073837965835
3699,1,0.04594566577548577,0.060669039217713674,0.41779649486016784,1.430187030191152,0.5725913096653596,6.112596198180851e-8,9.336834655924994e6,-40.387795231623016,15.0,1.0,0.9850670278728447,-40.387795231623016,43.16773090016224,-0.0720360212168174,0.253595776745108,4.0,0.0,0.29612073837965835,0.29612073837965835
3700,1,0.03895072689468395,0.07372739944827898,0.169267828136582,1.5315870708561674,0.3389440338129088,7.276499016244839e-8,7.216691123956819e6,-41.39366986726709,7.0,1.0,0.65799061592231,-41.39366986726709,44.768736271959995,0.09388119305818776,58.86064792842313,2.0,0.0,0.29612073837965835,0.29612073837965835
3701,1,0.019183572729175886,0.07940741186931047,0.27734518690318627,0.2755105910736778,0.9197875839481827,8.867346287911857e-8,2.170309228908199e6,-44.05299651966416,15.0,1.0,0.9172034291547957,-44.05299651966416,47.03659780912645,0.15344851984789187,0.42069429893415844,3.0,0.0,0.29612073837965835,0.29612073837965835
3702,1,0.09001660227649713,0.03512419966390767,0.7688203877230736,1.0252477766990906,0.5241264871833293,2.096975951532226e-8,4.791166649951791e6,-41.41573840176163,15.0,1.0,0.9733237694568103,-41.41573840176163,46.7306539694529,-0.11791677790483135,0.31462483529880103,4.0,0.0,0.29612073837965835,0.29612073837965835
3703,1,0.048635280745115625,0.08972157046806718,0.21665859647732538,1.140484615560015,0.8262028578576266,7.044300589214428e-8,7.571186354428049e6,-41.213386845882745,7.0,1.0,0.922361327920384,-41.213386845882745,44.5453545129609,0.061342937089314375,-0.13651526733673336,3.0,0.0,0.29612073837965835,0.29612073837965835
3704,1,0.02085757142359329,0.06672594620500666,0.7891935157491535,0.9587900743828806,0.5773668703652876,3.0176371500198665e-8,3.1887994194723996e6,-41.18935882332157,7.0,1.0,0.9688837302242644,-41.18935882332157,43.102586098313765,-0.09140057103421384,0.15738318040546773,3.0,0.0,0.29612073837965835,0.29612073837965835
3705,1,0.01236338098551322,0.05751606393236253,0.9539158517749384,1.3293785314869486,0.9416409841229998,6.036735500864102e-8,6.044245985329988e6,-45.7687416794592,7.0,1.0,0.9043144147265965,-45.7687416794592,46.317231692876184,0.1232669449622108,0.13854153350020226,3.0,0.0,0.29612073837965835,0.29612073837965835
3706,1,0.012175149936642093,0.07088547557413129,0.9543429710561073,1.2788201161111397,0.8785007885317959,6.526717988572932e-8,3.08375097050187e6,-46.00220984011058,7.0,1.0,0.9392283069058944,-46.00220984011058,47.55772309236987,-0.13274232059963964,0.38867777972821926,3.0,0.0,0.29612073837965835,0.29612073837965835
3707,1,0.014695054983563157,0.08677081535177687,0.6754201500115712,0.647025464468388,0.5533559004705513,8.623963947288236e-8,1.4169393444884297e7,-44.203868584940174,15.0,1.0,0.8093502922775557,-44.203868584940174,49.69630238362394,0.33129276982025146,-1.177775514070241,3.0,0.0,0.29612073837965835,0.29612073837965835
3708,1,0.09932585044932872,0.02364862559208232,0.10920901265981102,1.529414599853612,0.904325777613451,8.079761820303852e-8,8.372710107454337e6,-45.53868528383325,15.0,1.0,0.9670303795747458,-45.53868528383325,49.02268042269598,0.1059893566806096,0.35283495621979455,4.0,0.0,0.29612073837965835,0.29612073837965835
3709,1,0.01072390978076219,0.023050818193245386,0.2549567527556701,0.5281175288866847,0.2547217961038302,2.1666218421718173e-8,7.663541809539272e6,-45.56577070499978,15.0,1.0,0.9937312997920905,-45.56577070499978,48.896756255457674,0.002367869902123232,-0.2793533892676763,4.0,0.0,0.29612073837965835,0.29612073837965835
3710,1,0.09152280822302801,0.08750275075948376,0.8359958225707251,0.4506844661322804,1.282267942985654,7.992874460143482e-8,3.080053389621607e6,-44.02866290679147,15.0,1.0,0.9813185562451285,-44.02866290679147,48.88447378943379,-0.0861969273136296,0.15297485934824806,4.0,0.0,0.29612073837965835,0.29612073837965835
3711,1,0.022746550668021337,0.08942806696887859,0.9238124341026696,0.8014235223768765,1.3011038272451585,5.832559273194371e-8,5.018368002800864e6,-44.185544892973375,15.0,1.0,0.9442246133411002,-44.185544892973375,48.765855597972,0.04252624519020998,0.1913231168718852,4.0,0.0,0.29612073837965835,0.29612073837965835
3712,1,0.030845433762981746,0.045872570339868884,0.8871282956943621,1.2861392048401272,0.8185078437168142,3.231926808673062e-8,1.8910967985138225e6,-42.92338402766658,7.0,1.0,0.8789836706819129,-42.92338402766658,48.84531917823076,0.2058405658677458,0.2630517793629181,3.0,0.0,0.29612073837965835,0.29612073837965835
3713,1,0.055933794479823565,0.048103581441702986,0.0813507089342521,1.0779991674053762,0.4353053545250468,3.9779644686286894e-8,6.4611388745916605e7,-44.897668352739224,7.0,1.0,0.40498559647884896,-44.897668352739224,46.02806434350622,0.9451344207491772,0.9497124603797076,3.0,0.0,0.29612073837965835,0.29612073837965835
3714,1,0.044569666474973686,0.08007865357403322,0.07031476659238586,0.7848446990995235,0.7029702377819561,3.2548440140612574e-8,1.4928704580185194e7,-42.671794665726,7.0,1.0,0.9990639309055388,-42.671794665726,46.97256061984051,-0.010237413480432167,-0.4346760495555131,3.0,0.0,0.29612073837965835,0.29612073837965835
3715,1,0.05795686999502518,0.061089386312717854,0.514464086941879,0.6517137145295591,0.8287191811482887,1.7505432806029223e-8,2.1556414993297182e7,-42.225579817165126,7.0,1.0,0.714327437525027,-42.225579817165126,45.18628860324589,-0.10673109068760311,39.616194619704224,2.0,0.0,0.29612073837965835,0.29612073837965835
3716,1,0.07281118452575307,0.07372348788416791,0.8157747311524353,0.4430916170779552,0.5346574415433925,2.213596126856416e-8,2.381136908800648e7,-43.62039353117039,7.0,1.0,0.8085276406548265,-43.62039353117039,48.39983610735646,0.11551610733143747,1.0920712172247207,3.0,0.0,0.29612073837965835,0.29612073837965835
3717,1,0.09016302548764582,0.08707148820224642,0.7046812721535759,0.20571552271802135,1.1843832989956067,2.4501806383733336e-8,7.973806971561711e6,-44.18497080645777,15.0,1.0,0.7594693230393034,-44.18497080645777,48.40210202394648,0.021654761543764778,1.072807427743875,3.0,0.0,0.29612073837965835,0.29612073837965835
3718,1,0.04275478006126756,0.015110324998470284,0.12111927860042998,1.853873871203844,1.1535755533233565,7.618017532993037e-8,5.429046944474633e6,-43.614081299991796,15.0,1.0,0.9939063726896916,-43.614081299991796,47.04510912251384,-0.005349474189443981,-0.15849948085651278,4.0,0.0,0.29612073837965835,0.29612073837965835
3719,1,0.054747211757731784,0.023420991944999053,0.37792501253787364,1.7737874759308914,1.0811588630012268,7.586413192457914e-8,1.615708373018628e7,-43.089190100733575,15.0,1.0,0.8092547783299546,-43.089190100733575,45.81526669404328,-0.028553454934098,1.0864981712369968,3.0,0.0,0.29612073837965835,0.29612073837965835
3720,1,0.06946925889228682,0.039330018370056334,0.8082667919824517,1.44717217843906,0.1458297861024205,7.686709918343839e-8,2.296270302738126e6,-42.471786657860264,15.0,1.0,0.7380157266972951,-42.471786657860264,45.84211349762315,-0.3110089817038002,1.3103690116267188,4.0,0.0,0.29612073837965835,0.29612073837965835
3721,1,0.028489731672389017,0.06989638535512194,0.3907391258708519,0.7371056172920467,0.16657565719147907,6.313477401754059e-9,1.681719549559815e7,-44.18622857636794,15.0,1.0,0.7701971255548715,-44.18622857636794,47.103022477095415,0.3606025084325637,0.4155515484023482,4.0,0.0,0.29612073837965835,0.29612073837965835
3722,1,0.0442524476206617,0.08221129582862181,0.5753960091398793,1.828259316493745,0.3908763232572096,8.958529402365552e-8,2.731831521139248e6,-42.43603089634313,15.0,1.0,0.9845802685149155,-42.43603089634313,48.281705847160644,-0.781660994539358,-0.8955155389780458,3.0,0.0,0.29612073837965835,0.29612073837965835
3723,1,0.03450795953898078,0.05936386513339041,0.5456169168180832,0.6615001525146645,0.22494529344826367,1.53249437487016e-8,7.802041151659032e6,-41.667705348360045,15.0,1.0,0.9768959729498466,-41.667705348360045,44.15780036716748,0.028750066300098354,0.09675756042363304,4.0,0.0,0.29612073837965835,0.29612073837965835
3724,1,0.020348347126382647,0.0440938404663501,0.49330058963278567,1.8229442180180613,0.660912206402579,6.350442189060785e-8,2.357942850138645e6,-42.10757383146701,15.0,1.0,0.9744501608640573,-42.10757383146701,45.45586604322679,0.0802830618568251,0.0802830618568251,4.0,0.0,0.29612073837965835,0.29612073837965835
3725,1,0.08780883837403586,0.017547133559260818,0.6126110804007288,1.1830494045756392,0.5301272581750783,3.47053096095789e-8,6.324669575832031e6,-41.727327993345035,7.0,1.0,0.9978527901091958,-41.727327993345035,45.784906857812736,-0.06385949890295706,-0.1758778840460451,3.0,0.0,0.29612073837965835,0.29612073837965835
3726,1,0.06305590657450799,0.036911896111676945,0.871599162041135,1.0409919809946002,0.736752532950618,3.397632487881775e-8,4.1382436885079485e6,-40.7180134342122,15.0,1.0,0.9855476830859483,-40.7180134342122,43.717834657983786,-0.05986007566259843,0.060786946603528236,3.0,0.0,0.29612073837965835,0.29612073837965835
3727,1,0.049812787754077784,0.05469064839296324,0.3737244236933204,1.2654048492706473,1.1896809839844047,5.1722397178926706e-8,2.122025074886834e6,-40.75096801578981,7.0,1.0,0.884430326571227,-40.75096801578981,44.838489220851905,-0.3580396544425142,-0.3580396544425142,3.0,0.0,0.29612073837965835,0.29612073837965835
3728,1,0.057711132830195674,0.051529554185395655,0.5232036278509742,1.3951156491719081,1.0833774989575884,3.0540631747445404e-8,1.0669824825801296e7,-40.864521763471245,15.0,1.0,0.9913914211571968,-40.864521763471245,41.56145231451575,-0.12538238489239717,-0.2788098787323321,4.0,0.0,0.29612073837965835,0.29612073837965835
3729,1,0.028768064230493634,0.011043138435015986,0.4427973252655937,1.9166480437806996,1.296948266889955,7.649130335355254e-9,3.2460324997492926e6,-46.93836359089056,7.0,1.0,0.8338537198255741,-46.93836359089056,48.77679832182804,0.07645201308373828,0.4039670583805943,3.0,0.0,0.29612073837965835,0.29612073837965835
3730,1,0.07046546587889427,0.012969854798888921,0.7856099516908308,1.7521103988547686,0.9098605094244091,6.529813431528917e-9,9.02513877525986e6,-44.982147428974386,7.0,1.0,0.9538072849533105,-44.982147428974386,49.0323284163935,0.05316179576779234,0.15847196432421384,3.0,0.0,0.29612073837965835,0.29612073837965835
3731,1,0.035512305015395235,0.05690494019095006,0.12081213269227986,1.8202814036664514,0.6466109281874945,6.85823577153497e-8,5.802494353062865e7,-45.524234290776086,7.0,1.0,0.7152994751139364,-45.524234290776086,49.96302313635229,-0.047119792325325704,7.767592505647151,3.0,0.0,0.29612073837965835,0.29612073837965835
3732,1,0.045161139604487414,0.09649640760819048,0.06959435000430661,1.5187076405739197,0.2896472955347432,7.976541340160768e-8,1.1838176449706312e7,-44.747029577645286,7.0,1.0,0.9328113169673318,-44.747029577645286,49.11733492744027,0.08001846946012137,-1.1991055508266157,3.0,0.0,0.29612073837965835,0.29612073837965835
3733,1,0.05615355998000488,0.0565400785341045,0.9174768872266424,0.24960707117346287,0.5431602190090458,1.592743682443166e-8,3.1480877357296636e6,-43.2234487222116,15.0,1.0,0.6895676966819303,-43.2234487222116,47.77934651753146,-0.251099388734751,10.759549959962321,4.0,0.0,0.29612073837965835,0.29612073837965835
3734,1,0.026162884306697463,0.026781011886830762,0.3989722348582949,0.8075671574271482,0.42934243027627367,2.383522671375999e-8,5.36659967376709e6,-41.085117797432545,7.0,1.0,0.973206463413776,-41.085117797432545,45.24564878981466,-0.05870865698111061,0.06356349553891505,3.0,0.0,0.29612073837965835,0.29612073837965835
3735,1,0.061688888399216,0.0782059846661254,0.2503034545110691,1.5232533635210244,0.9539162858625518,6.186920930577836e-8,7.6005640865447745e6,-40.73158313961713,15.0,1.0,0.9752992232996012,-40.73158313961713,43.9888178013724,0.0006394095144628409,0.12329047097638579,4.0,0.0,0.29612073837965835,0.29612073837965835
3736,1,0.07468914954688691,0.06416032104730535,0.16772615936797286,0.5613394569227833,1.1485087762148392,2.9384818578448246e-8,1.2443739530254986e7,-42.19824988856725,7.0,1.0,0.9134056526404241,-42.19824988856725,44.07037793130601,0.058722314733770986,0.41257038278689606,3.0,0.0,0.29612073837965835,0.29612073837965835
3737,1,0.08188972810013266,0.043513732837622235,0.12073772722184137,0.7018562028544066,1.2503269544595992,3.2018874378637177e-9,1.4162317199979168e6,-44.752477904540385,14.0,1.0,0.8391047362777453,-44.752477904540385,45.95674660458097,0.20965287537821098,20274.745004579814,3.0,1.0,0.29612073837965835,0.29612073837965835
3738,1,0.09106216219335934,0.07596068028167473,0.025636029696473894,1.6215463703106212,0.4529768726865223,3.093477360299044e-9,1.0109723549552877e6,-42.201324744232224,23.0,1.0,0.47826129301217224,-42.201324744232224,46.44598338743956,-0.8089253328310235,49.31357002715924,4.0,0.0,0.29612073837965835,0.29612073837965835
3739,1,0.08047161649037629,0.06310214251753958,0.04441016964859785,1.5201957133352477,0.7691521279005361,1.2380102706686077e-9,1.2106832402774775e6,-42.10749478226571,7.0,1.0,0.9222281513770932,-42.10749478226571,43.74947949869641,-0.17533530597474822,0.5943661276620134,3.0,0.0,0.29612073837965835,0.29612073837965835
3740,1,0.04680925095539367,0.061477018107757644,0.0025357048996187,1.0968304795261463,1.0356186874696227,2.108477714896508e-8,534575.9419961667,-40.59966056169468,15.0,1.0,0.1109164993255671,-40.59966056169468,49.068872591641494,2.66017563872807,4.952139723878048,3.0,0.0,0.29612073837965835,0.29612073837965835
3741,1,0.08987071171162091,0.023930538666904942,0.003929780201752056,1.195396274458858,0.38860940335318184,1.2695896130763884e-8,3.4154809803837654e6,-45.016322752068696,16.0,1.0,0.16497059717209958,-45.016322752068696,47.84649132651067,0.8449960447446614,Inf,4.0,1.0,0.29612073837965835,0.29612073837965835
3742,1,0.08041338679381195,0.050333255096059966,0.10019376382894822,1.7296855353250753,0.8640918367556347,1.2893105902140223e-8,1.17570340986967e6,-41.27662979735375,23.0,1.0,0.9784721433464002,-41.27662979735375,43.9435683758447,-4.357747239414778,-4.357747239414778,4.0,0.0,0.29612073837965835,0.29612073837965835
3743,1,0.046755627330599604,0.04982255087501881,0.03643156606939799,1.3456027165866422,0.6765997995049059,2.656637228009606e-8,1.766520831239839e6,-39.815818113012064,7.0,1.0,0.7035798725769504,-39.815818113012064,42.09849274442251,0.0032971727449151444,1.0254162082430156,3.0,0.0,0.29612073837965835,0.29612073837965835
3744,1,0.06037344048017441,0.03193092555226689,0.037728414629317024,1.2217082147803346,0.39572225194513694,1.6165670220603737e-8,1.3603085347846898e6,-39.98178533938726,15.0,1.0,0.9696828201963236,-39.98178533938726,43.410114788640804,0.03035496586502262,0.17212982877504146,3.0,0.0,0.29612073837965835,0.29612073837965835
3745,1,0.07066838360200804,0.08888225440413178,0.012408491028017731,0.3485019432146118,0.5586692380023902,2.0490747193900926e-8,1.411859363300226e6,-42.88717465758223,7.0,1.0,0.8155124682680104,-42.88717465758223,43.625830642386035,0.12689664888551277,1.4007340094984713,3.0,0.0,0.29612073837965835,0.29612073837965835
3746,1,0.06657169551320062,0.08185138316289417,0.005709120881465193,0.7514912520709177,1.1283403918671921,1.039303019141991e-8,1.5914348750794476e6,-42.25334714695603,7.0,1.0,0.6863662845696041,-42.25334714695603,45.3121670915803,0.03659787743379894,616.0859234310252,2.0,0.0,0.29612073837965835,0.29612073837965835
3747,1,0.05832704204355642,0.030348941431608593,0.5385462400881252,1.8462154835814364,0.5536805729176485,3.952501141707889e-8,2.5672664176881057e6,-41.15346737656375,7.0,1.0,0.8789046603460571,-41.15346737656375,44.42894036822761,-0.06641368949328808,1.7192796560973775,3.0,0.0,0.29612073837965835,0.29612073837965835
3748,1,0.07159061722007115,0.05548029167728641,0.5804193017375157,0.8294365490272732,0.8210510161312677,4.913607544642397e-8,1.8656754726395603e7,-41.43051552524992,15.0,1.0,0.49270586959451246,-41.43051552524992,44.52495793217087,0.29611428073111057,1.2903043699756012,3.0,0.0,0.29612073837965835,0.29612073837965835
3749,1,0.05869908456032835,0.0743241506071559,0.44567249260231095,0.23907057480740093,0.9606202885626535,3.9221117251353194e-8,4.656068063996047e6,-41.05626537318501,15.0,1.0,0.9857317831318004,-41.05626537318501,45.333882318535835,-0.10177152254178168,-0.3141371034910634,3.0,0.0,0.29612073837965835,0.29612073837965835
3750,1,0.044904937288183525,0.06965552257471536,0.37203292899547735,0.3535131387215523,0.8916969911084441,3.554192171339584e-8,3.0060356945246924e6,-40.625394343767404,7.0,1.0,0.9874723315052254,-40.625394343767404,41.63377381781708,-0.015226576983039308,0.06574071781948021,3.0,0.0,0.29612073837965835,0.29612073837965835
3751,1,0.06816768064512482,0.016896080581520378,0.3828774902149446,0.23188046184068795,0.4079655863668125,8.687199079742073e-8,5.228834841667631e6,-43.13803548308289,7.0,1.0,0.9347678379145993,-43.13803548308289,44.714344392111826,0.0904558500475332,0.11159689813442242,3.0,0.0,0.29612073837965835,0.29612073837965835
3752,1,0.017007277869269418,0.037881457023267846,0.17897907134635074,0.6947490043153705,1.2336186920346768,1.652180941181943e-8,3.123841426907317e6,-42.816059253049914,15.0,1.0,0.9855644681274602,-42.816059253049914,46.770601792821935,0.003512540392954122,0.052240728998626196,3.0,0.0,0.29612073837965835,0.29612073837965835
3753,1,0.06710844720857861,0.06758942369361591,0.8414922122091714,1.3428646266535158,0.5301969036443248,1.298180647729936e-8,5.358444731260968e6,-41.40643555480317,7.0,1.0,1.0,-41.40643555480317,44.184664491153335,-0.05763249428608219,-0.09352207065835927,3.0,0.0,0.29612073837965835,0.29612073837965835
3754,1,0.05687043634105353,0.06401407875000562,0.6096290995114172,1.1979117647061936,0.8405149893450974,2.3371058078271936e-8,3.152447988370819e6,-39.87715403648997,7.0,1.0,0.9282390461579164,-39.87715403648997,42.48782434839012,-0.11040867821294853,0.33370925126582307,3.0,0.0,0.29612073837965835,0.29612073837965835
3755,1,0.0455262868891709,0.047475481946259265,0.36717430195796935,1.3542242649794993,0.7472720152233705,5.984229032777895e-8,1.0585631445933502e7,-40.49884373694851,15.0,1.0,0.7833489041214662,-40.49884373694851,42.25490039035079,0.2402661010324394,0.7690809056400099,3.0,0.0,0.29612073837965835,0.29612073837965835
3756,1,0.05492206921167284,0.047031929820230925,0.28497744819086396,1.3203692716837188,0.760970753006676,4.054948796764082e-8,1.3079342405529428e7,-40.87565938642696,7.0,1.0,0.9314922108332401,-40.87565938642696,42.43086817181728,0.012389161469741339,0.5320255419668101,2.0,0.0,0.29612073837965835,0.29612073837965835
3757,1,0.07369323742785905,0.0552257324286671,0.07781403116479778,1.9340002792183872,1.3205655753072736,6.985444201574334e-8,1.3859431779730795e6,-42.6410094429553,15.0,1.0,0.4493362210734625,-42.6410094429553,45.1349246100777,-0.11454838537059686,31.246488546581354,4.0,0.0,0.29612073837965835,0.29612073837965835
3758,1,0.05052167423755383,0.053561800799969,0.014461155683016029,1.8926480904522813,1.22693351366986,2.686469179795676e-8,943964.8967962395,-40.739466718448,6.0,1.0,0.7732993302283561,-40.739466718448,45.08091450163327,0.04235190453750448,3781.029035027259,2.0,1.0,0.29612073837965835,0.29612073837965835
3759,1,0.05052167423755383,0.053561800799969,0.014461155683016029,1.8926480904522813,1.22693351366986,2.686469179795676e-8,943964.8967962395,-40.739466718448,15.0,1.0,2.4702649731203034e-6,-40.739466718448,47.8925343131916,0.0,49.20334756269914,4.0,0.0,0.29612073837965835,0.29612073837965835
3760,1,0.03669201730065766,0.0689692853767451,0.0070850661247036945,1.9293840268181743,1.3337697706684004,2.0427249014691943e-8,1.1472714954819889e6,-43.80735537576082,7.0,1.0,0.6744022904403802,-43.80735537576082,45.92925914118711,0.141048254875642,20.337763092385366,3.0,0.0,0.29612073837965835,0.29612073837965835
3761,1,0.06055982635893896,0.08787749381940478,0.01642074204257421,1.0669296804445327,1.0845699279445655,2.6714257187630036e-8,337674.5616453433,-40.25456863033257,15.0,1.0,0.6345615782610982,-40.25456863033257,43.88730140867556,-2.1433621686047033,-2.1433621686047033,3.0,0.0,0.29612073837965835,0.29612073837965835
3762,1,0.06288038433795619,0.08493459980344827,0.004993540465508514,1.138270622274103,0.5728323674628435,1.923738329564934e-8,577097.7133822399,-39.59498968384503,7.0,1.0,0.42870509238864424,-39.59498968384503,42.52938337913412,-0.7265523780587273,9.308843956982088,3.0,0.0,0.29612073837965835,0.29612073837965835
3763,1,0.06288038433795619,0.08493459980344827,0.004993540465508514,1.138270622274103,0.5728323674628435,1.923738329564934e-8,577097.7133822399,-39.59498968384503,3.0,1.0,0.25753507573207984,-39.59498968384503,43.11515014798425,0.0,841.0832850149382,2.0,0.0,0.29612073837965835,0.29612073837965835
3764,1,0.06288038433795619,0.08493459980344827,0.004993540465508514,1.138270622274103,0.5728323674628435,1.923738329564934e-8,577097.7133822399,-39.59498968384503,1.0,1.0,0.0001049006888120324,-39.59498968384503,42.430036659887826,0.0,9.162496476215303,1.0,0.0,0.29612073837965835,0.29612073837965835
3765,1,0.06530228755112999,0.08534895709686623,0.014560954425490907,0.9200117028825118,0.49226221069789255,1.7515418265580298e-8,312304.9169806,-39.65161559955801,3.0,1.0,0.6666666666666666,-39.65161559955801,40.655271347903835,-1.2638138356443918,271.1929188121429,1.0,0.0,0.29612073837965835,0.29612073837965835
3766,1,0.07185714314473347,0.09152957729294811,0.013254982004738708,1.1971146077627128,0.4642848159130141,2.0666255109986573e-8,276392.5695897338,-38.652250576419014,7.0,1.0,0.16842109641369193,-38.652250576419014,39.946656356815886,-1.6054347229138202,4.6833570823761335,3.0,0.0,0.29612073837965835,0.29612073837965835
3767,1,0.07185714314473347,0.09152957729294811,0.013254982004738708,1.1971146077627128,0.4642848159130141,2.0666255109986573e-8,276392.5695897338,-38.652250576419014,6.0,1.0,0.12965118180481486,-38.652250576419014,40.76371122897125,0.0,1902.218523178923,2.0,1.0,0.29612073837965835,0.29612073837965835
3768,1,0.07185714314473347,0.09152957729294811,0.013254982004738708,1.1971146077627128,0.4642848159130141,2.0666255109986573e-8,276392.5695897338,-38.652250576419014,1.0,1.0,6.188033271337051e-15,-38.652250576419014,42.84151309303617,0.0,32.71615908546302,1.0,0.0,0.29612073837965835,0.29612073837965835
3769,1,0.07185714314473347,0.09152957729294811,0.013254982004738708,1.1971146077627128,0.4642848159130141,2.0666255109986573e-8,276392.5695897338,-38.652250576419014,15.0,1.0,0.0029409047080729022,-38.652250576419014,41.1931965953635,0.0,14.29066308392342,3.0,0.0,0.29612073837965835,0.29612073837965835
3770,1,0.07185714314473347,0.09152957729294811,0.013254982004738708,1.1971146077627128,0.4642848159130141,2.0666255109986573e-8,276392.5695897338,-38.652250576419014,3.0,1.0,0.10663438170899962,-38.652250576419014,41.471882409892274,0.0,357.3746131606798,2.0,0.0,0.29612073837965835,0.29612073837965835
3771,1,0.07185714314473347,0.09152957729294811,0.013254982004738708,1.1971146077627128,0.4642848159130141,2.0666255109986573e-8,276392.5695897338,-38.652250576419014,1.0,1.0,7.224876283880595e-108,-38.652250576419014,43.59535198382047,0.0,246.70165993284337,1.0,0.0,0.29612073837965835,0.29612073837965835
3772,1,0.07185714314473347,0.09152957729294811,0.013254982004738708,1.1971146077627128,0.4642848159130141,2.0666255109986573e-8,276392.5695897338,-38.652250576419014,3.0,1.0,4.50404147648751e-15,-38.652250576419014,43.45844399899753,0.0,290.1808129894396,2.0,0.0,0.29612073837965835,0.29612073837965835
3773,1,0.07185714314473347,0.09152957729294811,0.013254982004738708,1.1971146077627128,0.4642848159130141,2.0666255109986573e-8,276392.5695897338,-38.652250576419014,5.0,1.0,0.30145441669487943,-38.652250576419014,40.60041474576344,0.0,Inf,2.0,1.0,0.29612073837965835,0.29612073837965835
3774,1,0.07185714314473347,0.09152957729294811,0.013254982004738708,1.1971146077627128,0.4642848159130141,2.0666255109986573e-8,276392.5695897338,-38.652250576419014,2.0,1.0,0.00044544874124000723,-38.652250576419014,42.44520051630907,0.0,1317.5839751404696,1.0,1.0,0.29612073837965835,0.29612073837965835
3775,1,0.07185714314473347,0.09152957729294811,0.013254982004738708,1.1971146077627128,0.4642848159130141,2.0666255109986573e-8,276392.5695897338,-38.652250576419014,1.0,1.0,5.534749009292753e-20,-38.652250576419014,39.92308528910753,0.0,44.34065564085638,1.0,0.0,0.29612073837965835,0.29612073837965835
3776,1,0.07185714314473347,0.09152957729294811,0.013254982004738708,1.1971146077627128,0.4642848159130141,2.0666255109986573e-8,276392.5695897338,-38.652250576419014,2.0,1.0,0.06692093053119594,-38.652250576419014,42.271910285918025,0.0,2409.003280260647,1.0,1.0,0.29612073837965835,0.29612073837965835
3777,1,0.05627612126700493,0.07661380751607315,0.008083279447229929,1.3559873058875391,0.35963742906964774,1.5412411736797894e-8,218422.60522825847,-37.30858314036374,3.0,1.0,0.3333333333333333,-37.30858314036374,41.101279267224214,-0.07909851436104987,1131.74438154377,1.0,1.0,0.29612073837965835,0.29612073837965835
3778,1,0.05627612126700493,0.07661380751607315,0.008083279447229929,1.3559873058875391,0.35963742906964774,1.5412411736797894e-8,218422.60522825847,-37.30858314036374,1.0,1.0,2.9353522042513754e-76,-37.30858314036374,40.97098094841593,0.0,173.9196396200185,1.0,0.0,0.29612073837965835,0.29612073837965835
3779,1,0.0589485355130023,0.08319091296507194,0.01460955075756085,1.6348538873870178,0.9924584094877672,1.3231814150116816e-8,234527.33975031562,-37.79486833112054,4.0,1.0,0.25284739871333783,-37.79486833112054,43.93317045085149,-0.09014830226172421,1283.0051747856594,2.0,1.0,0.29612073837965835,0.29612073837965835
3780,1,0.0589485355130023,0.08319091296507194,0.01460955075756085,1.6348538873870178,0.9924584094877672,1.3231814150116816e-8,234527.33975031562,-37.79486833112054,1.0,1.0,1.1118749257174693e-65,-37.79486833112054,43.01333637022375,0.0,149.56198333198336,1.0,0.0,0.29612073837965835,0.29612073837965835
3781,1,0.07423935876643634,0.06652616093177385,0.023725072429519337,1.6445277120919393,1.109134371404585,1.7811207873144498e-8,325667.7384870043,-38.697740932889616,5.0,1.0,0.3822696476716095,-38.697740932889616,41.2176862745819,0.456328487251497,3362.4209194646883,2.0,1.0,0.29612073837965835,0.29612073837965835
3782,1,0.04299470164496655,0.09147661022954554,0.003496407232381012,0.8826116530781332,0.6820396040317045,1.6580386303516308e-8,398917.4828172756,-42.84822602226538,7.0,1.0,0.06947798054854047,-42.84822602226538,45.553267941838456,2.308530482760773,149.36133461301722,3.0,0.0,0.29612073837965835,0.29612073837965835
3783,1,0.07853761146336233,0.03959904262832634,0.07350199038555408,1.3092029261827742,0.39247411795654763,3.141612817074668e-8,2.4130593285656828e6,-40.00213589521958,15.0,1.0,0.7797000892269346,-40.00213589521958,46.08014437903227,-0.5571823911873324,16.725416943984442,3.0,0.0,0.29612073837965835,0.29612073837965835
3784,1,0.0804934311826563,0.017677177837082284,0.009637947316361969,1.3540394846563795,0.7944728536678177,3.731422201542714e-8,1.2502243942526244e6,-41.64074966253921,5.0,1.0,0.6887750379531802,-41.64074966253921,43.41715597398836,0.29077162518169075,75.55874737522741,2.0,0.0,0.29612073837965835,0.29612073837965835
3785,1,0.08819086524556645,0.03306193753559374,0.10805278887445964,1.869006502033444,0.7704577574348631,4.0158721587929476e-8,1.4664679910667269e6,-41.09445547684653,7.0,1.0,0.545986576120732,-41.09445547684653,45.568097263506054,-0.28410468527193444,14.062871041333793,2.0,0.0,0.29612073837965835,0.29612073837965835
3786,1,0.06497737226583117,0.035931306444177344,0.18365571570301875,0.2888679777817367,0.9134953658860386,3.975061542061579e-8,6.898525574832972e6,-41.488647070917,15.0,1.0,1.0,-41.488647070917,43.466586331633636,-0.17994337829621543,-0.2714651023016046,4.0,0.0,0.29612073837965835,0.29612073837965835
3787,1,0.05978741181983509,0.0716913106497585,0.7439432424845794,1.8572428006257995,0.075563995084635,5.346186501594711e-8,8.43246324030969e6,-43.716445567246254,15.0,1.0,0.916848694333245,-43.716445567246254,46.738861468182535,0.15534864915140645,0.28558920226327444,4.0,0.0,0.29612073837965835,0.29612073837965835
3788,1,0.028199539825846956,0.06397443595180545,0.43162529777256536,0.6171771206710177,0.4668431806078965,7.364352286741963e-8,2.159991003558237e6,-41.50177975793487,15.0,1.0,0.8379982220413489,-41.50177975793487,47.15277354282128,0.020208632047314268,81.04171013738568,3.0,0.0,0.29612073837965835,0.29612073837965835
3789,1,0.0395721100857621,0.06959440325549494,0.7115883098722169,1.1977090069325957,0.4882752497831336,7.93125796712339e-8,2.667724231108153e6,-40.762265452993105,15.0,1.0,0.897611280178888,-40.762265452993105,47.085163935964424,-0.2543356355074664,194.29295401272486,3.0,0.0,0.29612073837965835,0.29612073837965835
3790,1,0.08160282269658367,0.02341007616844258,0.20285259551142676,1.5300132461656564,0.26964554583942574,5.63750181106589e-8,4.787631659018464e6,-41.356478452278765,15.0,1.0,0.7868425764515158,-41.356478452278765,43.28878628092637,0.011277760247047297,1102.3477871604528,3.0,1.0,0.29612073837965835,0.29612073837965835
3791,1,0.07679375059205289,0.057642482322135584,0.10008548858672493,1.8865779788248926,0.5119155005580468,7.114789754521586e-8,1.679509258493519e6,-41.07553715797241,15.0,1.0,0.8896230900437494,-41.07553715797241,43.11751096500674,-0.04900095637546542,3.085927903868118,4.0,0.0,0.29612073837965835,0.29612073837965835
3792,1,0.08520659243583534,0.04442998136122137,0.7889376201997609,0.40506710726244,0.7934936295799078,1.7584788790198234e-8,8.743842582811786e6,-42.34521632327591,11.0,1.0,0.8176586348431365,-42.34521632327591,44.63490592997722,0.0057929066603676915,27.719563100582967,3.0,0.0,0.29612073837965835,0.29612073837965835
3793,1,0.08138652253563568,0.02455544845164876,0.4084933752590599,1.5283922065530318,0.6388022664064503,4.255836173463534e-8,2.7298544740469656e6,-40.51272713341687,7.0,1.0,0.985582868623775,-40.51272713341687,44.076542780591964,-0.1218843871377473,-0.1218843871377473,3.0,0.0,0.29612073837965835,0.29612073837965835
3794,1,0.0838005807976699,0.055882656983361596,0.3047906241077961,1.3693748894614104,1.0402287343365944,6.535753197097663e-8,4.681330255108736e6,-40.24453540565409,7.0,1.0,0.9890890083591061,-40.24453540565409,41.30285004107605,0.004189753507120031,0.05174136958790854,3.0,0.0,0.29612073837965835,0.29612073837965835
3795,1,0.029477350069207944,0.07281165408849503,0.5959832510494172,0.7814534372416455,0.5734818774224699,7.83553293823092e-8,7.304891902979176e6,-40.891926380498916,15.0,1.0,0.8886657343159449,-40.891926380498916,42.518677750330966,0.04110655562938348,0.4420589781361741,4.0,0.0,0.29612073837965835,0.29612073837965835
3796,1,0.04507910944438199,0.0633091975112939,0.09082688946759106,1.0561444756896416,1.2984367002309314,6.099702685766815e-8,2.5571021952141356e6,-41.20060630507129,11.0,1.0,0.7584715252295694,-41.20060630507129,42.97112534097796,0.05557904367208977,350.01744642887076,3.0,0.0,0.29612073837965835,0.29612073837965835
3797,1,0.04400092811990882,0.06539038892763961,0.16533583386216935,1.2160014931302634,1.0774234617476113,9.605070643455946e-8,6.387201814352345e6,-42.32867459517689,14.0,1.0,0.8408763449358696,-42.32867459517689,44.32108738407108,0.08520172723454777,1301.5123415604135,3.0,1.0,0.29612073837965835,0.29612073837965835
3798,1,0.02524693387323272,0.0370596336436346,0.27760318095746767,0.46369759515303,1.1239825285036944,7.350452617209467e-8,4.344247920476816e6,-41.39098000986847,15.0,1.0,0.9823524306398093,-41.39098000986847,46.81588295400945,-0.0419213162978096,-0.0709845973726928,3.0,0.0,0.29612073837965835,0.29612073837965835
3799,1,0.02425918343079339,0.023781704746914253,0.3817043450349618,0.4201334580525654,1.1249481053692065,8.621256816020482e-8,3.577128740233992e6,-42.38230787102971,7.0,1.0,0.9715711805847383,-42.38230787102971,44.34302313060052,0.037397496378360984,0.06636716873872928,3.0,0.0,0.29612073837965835,0.29612073837965835
3800,1,0.07243685936101106,0.03523452954774755,0.38841143047322085,1.018852592659527,0.9842150756842427,8.975160330567857e-8,6.704834069654731e6,-41.126704911842666,15.0,1.0,0.9786366859018562,-41.126704911842666,45.74328941823481,-0.0326570457935631,0.1116870036706814,3.0,0.0,0.29612073837965835,0.29612073837965835
3801,1,0.029425242996142728,0.02681177749508363,0.875403286952801,1.3507230883146941,0.8686831225011633,6.705742588259286e-8,3.635673522411536e7,-44.674722724925864,7.0,1.0,0.9069687804616076,-44.674722724925864,46.5453515114912,0.13898230780571907,-0.24910359183794384,3.0,0.0,0.29612073837965835,0.29612073837965835
3802,1,0.09533711478387558,0.07451516515776194,0.03282273103554349,1.5801811607258165,0.8575598219379522,6.018561406709856e-9,632374.049040759,-41.49715139589899,31.0,1.0,0.6843413936274303,-41.49715139589899,48.467109869712324,0.3612550867349711,31.818899097975738,4.0,0.0,0.29612073837965835,0.29612073837965835
3803,1,0.047071235545015674,0.015256018887126454,0.40852656951796457,1.4165626312071515,0.29321670868306926,9.254734378983247e-8,3.3451308372898516e6,-42.67926914132751,15.0,1.0,0.6730086900690111,-42.67926914132751,48.05236400167694,0.2077266242393918,1.6943597305976539,4.0,0.0,0.29612073837965835,0.29612073837965835
3804,1,0.05518209376817278,0.07819291037729399,0.6770453302726779,1.1630959306713635,0.10206643974414294,9.277340748632563e-8,5.186600004613106e6,-42.801265642328204,15.0,1.0,0.9947258175250567,-42.801265642328204,44.811761365343756,0.0013519102769024016,-0.053849547879288195,3.0,0.0,0.29612073837965835,0.29612073837965835
3805,1,0.0623473842876264,0.06595860749344769,0.1566851060263266,1.3222996882621039,0.0949727142294449,6.743984000428267e-8,2.5588974410052286e6,-41.49051514713685,15.0,1.0,0.5886373781923578,-41.49051514713685,44.611529633107295,-0.09677423463391932,67.8829338550145,3.0,0.0,0.29612073837965835,0.29612073837965835
3806,1,0.04965278393225473,0.08559473386977498,0.02687375287987707,0.9485545670621325,0.09381237452904752,7.79408237887915e-8,2.4745547641737205e6,-42.99015578095159,7.0,1.0,0.9739882073546825,-42.99015578095159,43.66616649127864,0.04413653023866715,0.06934500340050676,3.0,0.0,0.29612073837965835,0.29612073837965835
3807,1,0.02450086074012263,0.09244314430119141,0.4120629395608759,1.0581436316034163,0.22860812011846338,7.653204873880979e-8,3.272254249306135e6,-42.266699076682464,7.0,1.0,0.31276273913460734,-42.266699076682464,47.26565541668565,0.2078461678500716,2.011726236921625,3.0,0.0,0.29612073837965835,0.29612073837965835
3808,1,0.010330807522514505,0.025983132399318876,0.6931898663713736,1.4523855110032666,0.1450126197372581,1.2279905154042951e-8,1.1327510192937795e7,-47.56784602512483,15.0,1.0,0.8384219484011196,-47.56784602512483,49.620108725303886,0.23881020553870513,0.29895343128866614,4.0,0.0,0.29612073837965835,0.29612073837965835
3809,1,0.010452098592367006,0.07629107539420875,0.8040184290013908,0.9280487632546071,0.16846971328626736,9.607678530782331e-9,7.929524766345849e6,-46.75239241366883,7.0,1.0,0.9869139144141305,-46.75239241366883,50.1614196233129,-0.029324776249396223,-0.12297009684854743,3.0,0.0,0.29612073837965835,0.29612073837965835
3810,1,0.020286128838260586,0.0880635610934216,0.3640126000453185,1.5159731314460352,1.093413891323537,2.3337057833734134e-9,3.539251147138514e6,-44.18226516738811,15.0,1.0,0.9832629777785248,-44.18226516738811,50.010248021721836,-0.09963369681155143,0.11838029179000387,4.0,0.0,0.29612073837965835,0.29612073837965835
3811,1,0.09749905708308511,0.025855010913978863,0.47980371575962577,1.1543118218531145,0.5159892682156136,3.096481607166243e-8,8.582253264403723e6,-42.912726935737,15.0,1.0,0.9701874432483248,-42.912726935737,47.789231625725726,-0.003983530455663242,0.207516574493539,4.0,0.0,0.29612073837965835,0.29612073837965835
3812,1,0.013338928695698119,0.08043386097316317,0.4782695738476947,0.6690510264903003,0.13362774876704242,5.0263954401082076e-8,1.5551673362579983e7,-44.643644056531194,15.0,1.0,0.9118334006952465,-44.643644056531194,50.18779607701373,0.18787525721030818,0.2258495895141195,4.0,0.0,0.29612073837965835,0.29612073837965835
3813,1,0.019901179002598676,0.05178807254049666,0.49964177295899204,0.441601094327136,0.2574265852400848,7.743709215349734e-8,4.427056613056046e7,-45.179609891969314,15.0,1.0,0.8319853580397588,-45.179609891969314,48.37406154658002,-0.006817835030062724,1.0705328794110613,3.0,0.0,0.29612073837965835,0.29612073837965835
3814,1,0.03752347111286068,0.06710763702150868,0.7554524096834776,0.8500879703948233,0.3559748085054555,8.529760093947074e-8,9.134044834967738e6,-41.734920318382834,7.0,1.0,0.6767790143869993,-41.734920318382834,46.06251804446604,-0.07455850628821992,1.5160274239126537,3.0,0.0,0.29612073837965835,0.29612073837965835
3815,1,0.0682182678529592,0.09937122695633482,0.3888089227286614,0.8590531585900635,0.8321500080768336,4.322239669688576e-8,7.499456501090697e6,-43.53616687033768,15.0,1.0,0.656938859961914,-43.53616687033768,47.04195881481097,0.10043388297354738,Inf,3.0,1.0,0.29612073837965835,0.29612073837965835
3816,1,0.051471871612676294,0.09889399473093864,0.16744110215520752,1.4491369276200836,0.22818652668636757,4.192712661720659e-8,4.163818935242805e6,-43.52805576627166,15.0,1.0,0.979112656759161,-43.52805576627166,46.002775431455355,-0.015720213439848862,-0.16735659511054024,3.0,0.0,0.29612073837965835,0.29612073837965835
3817,1,0.06758020626013404,0.03572087545979784,0.5169771998847843,1.0163186001122284,0.05448131807682147,4.642397980740176e-8,3.0755507294391124e6,-42.16607916435196,15.0,1.0,0.9912953598791046,-42.16607916435196,45.61129365668393,-0.07487396404278002,-0.11326473272701065,3.0,0.0,0.29612073837965835,0.29612073837965835
3818,1,0.03442440132400917,0.01705926432046595,0.02571315836810951,1.0105734170532619,1.3807711284133537,4.8409292354672925e-8,1.4001447558305943e6,-44.534816802990875,15.0,1.0,0.8787523776481654,-44.534816802990875,47.46549973118402,-0.09153090817152787,0.3418867801067691,4.0,0.0,0.29612073837965835,0.29612073837965835
3819,1,0.08440276190323574,0.011503564095699076,0.03253761231210877,1.818726671251607,0.9691358932124294,3.5526177945711204e-8,852551.9999279658,-42.276579536255596,15.0,1.0,0.33361022167057847,-42.276579536255596,47.19813269372173,-0.38817215566464114,88.48308923256548,4.0,0.0,0.29612073837965835,0.29612073837965835
3820,1,0.05971696309572204,0.06310684700705095,0.03994053730495022,1.4555652231480865,0.24572832008332407,4.558405170821443e-8,2.0311812060616165e6,-40.015320920803035,13.0,1.0,0.8278026651172953,-40.015320920803035,43.40579855778046,-0.058983772113336386,17192.546600901333,3.0,1.0,0.29612073837965835,0.29612073837965835
3821,1,0.06490334918540004,0.025546361562855856,0.035871882827083895,1.130511384890241,0.6685969024247317,3.492450303794801e-8,1.1033971534166147e6,-39.470882931672875,7.0,1.0,0.6653081257428423,-39.470882931672875,42.267178017519754,-0.1654488177578628,1187.5505708015485,2.0,1.0,0.29612073837965835,0.29612073837965835
3822,1,0.029085284150093843,0.03056797741012216,0.009867305117627248,1.591834708438543,0.679709268083759,5.739818727713709e-8,4.409336223204598e6,-42.97179773008965,15.0,1.0,0.10997711399310249,-42.97179773008965,45.34336254037984,0.626515810902319,28.75317668581357,4.0,0.0,0.29612073837965835,0.29612073837965835
3823,1,0.05903213928097884,0.045811585365965794,0.3371734356252157,0.8524312856552023,0.8602580312427702,7.554067999931245e-8,2.618089653299498e6,-40.02514521040409,7.0,1.0,0.9932678218654252,-40.02514521040409,44.500583262748485,-0.2574502140331134,-0.2574502140331134,3.0,0.0,0.29612073837965835,0.29612073837965835
3824,1,0.08078550809491261,0.07343545457388728,0.6079089416679154,0.8276274181470031,0.03279725819089526,6.144871455845231e-8,5.591025575903636e6,-44.310521272768064,7.0,1.0,0.8857973551944435,-44.310521272768064,45.608327155626675,0.14069621327529092,0.18049005376694538,3.0,0.0,0.29612073837965835,0.29612073837965835
3825,1,0.038117161266536324,0.05273962209320844,0.5099687551026428,1.1640254327286887,0.2880398401695314,5.7598029062521735e-8,3.1977829076979333e6,-40.07729084923569,7.0,1.0,0.9940784611749008,-40.07729084923569,44.84118320311512,-0.13832653333298595,-0.13832653333298595,3.0,0.0,0.29612073837965835,0.29612073837965835
3826,1,0.0627362647509372,0.08150705771505186,0.2577061422248042,1.310852968638486,1.0862203504336492,2.728947022642756e-8,3.3399038991899127e6,-40.380450104204755,15.0,1.0,0.924150502377152,-40.380450104204755,42.22237146442367,0.0191608444603375,0.12525834994592344,4.0,0.0,0.29612073837965835,0.29612073837965835
3827,1,0.05976136187730107,0.01280657930327724,0.8919773996231142,1.1840315978289941,0.6040920870053703,1.4685002163349658e-8,6.543284364507428e6,-43.80559977787752,7.0,1.0,0.9401048980210182,-43.80559977787752,44.68085918137925,0.10217370502215317,0.13776402138574895,3.0,0.0,0.29612073837965835,0.29612073837965835
3828,1,0.030177617355532524,0.011542454468943288,0.8089246762793756,1.531580140111093,1.1944451375724423,2.0963687761535547e-8,3.3251177642507013e6,-44.34193922926669,7.0,1.0,0.9982337595131232,-44.34193922926669,46.2677463480671,-0.011853268773556636,-0.16392266955186585,3.0,0.0,0.29612073837965835,0.29612073837965835
3829,1,0.013962698041993293,0.010119585132167578,0.7270773365135503,1.6789116636137678,1.3838710694209921,3.5578130628901824e-8,1.0471776848131677e7,-50.34763211502667,7.0,1.0,0.8849901870374483,-50.34763211502667,51.241200793614155,0.16796543973046596,0.17364715775114092,3.0,0.0,0.29612073837965835,0.29612073837965835
3830,1,0.09896910855187899,0.09514471124190285,0.8963044634827525,1.3725852391499171,0.06766944335882932,1.1958848812743577e-8,3.68368435134804e6,-48.514450512154056,15.0,1.0,0.9988265428267447,-48.514450512154056,55.60113324297699,-0.11895150928127407,-0.3814463432967585,4.0,0.0,0.29612073837965835,0.29612073837965835
3831,1,0.09857341639665534,0.03662931672319171,0.5884742447208103,1.5407645509713728,0.07865502830937675,2.4136783753609018e-8,5.2336453642497035e6,-44.87590183564191,7.0,1.0,0.9987776466543389,-44.87590183564191,49.83255423418884,-0.12420060508412689,-0.12420060508412689,3.0,0.0,0.29612073837965835,0.29612073837965835
3832,1,0.06955922615499298,0.0852499623450759,0.09828563802644535,1.7667317015715875,0.5609203207086382,4.2739164738117165e-8,1.8580851741029967e6,-40.72801925875005,7.0,1.0,0.9972141725811224,-40.72801925875005,46.20582892916918,-0.12558409576843843,-0.2754522688290848,3.0,0.0,0.29612073837965835,0.29612073837965835
3833,1,0.06259050722608103,0.03956575216367898,0.03982837131296848,1.443303804910245,1.205731926964888,1.17357508903862e-9,1.6168644176203636e6,-43.01191971701662,22.0,1.0,0.6821172522045151,-43.01191971701662,45.72007921413493,0.08229747855070713,Inf,4.0,1.0,0.29612073837965835,0.29612073837965835
3834,1,0.042988313658268516,0.038676300584381554,0.03512899831150774,1.5788009218937176,0.9781553264447264,8.753595978173941e-10,1.6049859435955319e6,-43.72852900961091,7.0,1.0,0.8243681634892683,-43.72852900961091,46.12887828476259,0.028257556307032416,243.9987553129821,2.0,0.0,0.29612073837965835,0.29612073837965835
3835,1,0.058711712755452616,0.03227744798644885,0.015162618168837495,1.2162252586572846,0.8938460021476374,7.541468737519701e-10,1.0474536608376025e6,-42.54131609206163,7.0,1.0,0.4285838239310896,-42.54131609206163,47.01430140219857,-0.2532633046483568,36.9535248661729,3.0,0.0,0.29612073837965835,0.29612073837965835
3836,1,0.058711712755452616,0.03227744798644885,0.015162618168837495,1.2162252586572846,0.8938460021476374,7.541468737519701e-10,1.0474536608376025e6,-42.54131609206163,7.0,1.0,0.06907828503384841,-42.54131609206163,44.48821339155383,0.0,4.489660582755285,3.0,0.0,0.29612073837965835,0.29612073837965835
3837,1,0.08144917348837505,0.06772994592279823,0.01350575365467446,1.2141807246086251,0.6747209663869537,4.2535159177399375e-8,549222.1021633034,-40.38658849987184,11.0,1.0,0.6214925884263504,-40.38658849987184,43.06169989230182,-0.8165908637146515,791.7473008004546,3.0,0.0,0.29612073837965835,0.29612073837965835
3838,1,0.052578581338048234,0.08186350301527849,0.01755441058995694,1.4342189086674735,0.5041300766321446,4.082601657971573e-8,521763.5667655949,-38.75037671784875,7.0,1.0,0.46718475723015457,-38.75037671784875,42.47990105183179,-2.4389623419191437,6.341384729573001,3.0,0.0,0.29612073837965835,0.29612073837965835
3839,1,0.05071965028723783,0.02828860437277103,0.017591965777620507,1.554074214048053,0.5432190023418383,1.0935735315908476e-8,530292.9268705458,-38.9245678344809,5.0,1.0,0.3519174421426033,-38.9245678344809,40.84470049923237,0.39181618676295926,441.6374959271606,2.0,0.0,0.29612073837965835,0.29612073837965835
3840,1,0.06262092772265018,0.07904520049571888,0.013141145968492435,1.8642989368500904,1.2482111289510314,5.195177389037235e-8,463735.29953321774,-42.5636545204798,7.0,1.0,0.39231956697820236,-42.5636545204798,47.85267761053154,1.7243199336105732,343.7866696567824,2.0,0.0,0.29612073837965835,0.29612073837965835
3841,1,0.06262092772265018,0.07904520049571888,0.013141145968492435,1.8642989368500904,1.2482111289510314,5.195177389037235e-8,463735.29953321774,-42.5636545204798,7.0,1.0,5.712792411595841e-5,-42.5636545204798,49.00120659452496,0.0,Inf,2.0,1.0,0.29612073837965835,0.29612073837965835
3842,1,0.06262092772265018,0.07904520049571888,0.013141145968492435,1.8642989368500904,1.2482111289510314,5.195177389037235e-8,463735.29953321774,-42.5636545204798,7.0,1.0,1.0393907715966784e-10,-42.5636545204798,45.32292852060239,0.0,86.90592890589694,3.0,0.0,0.29612073837965835,0.29612073837965835
3843,1,0.06262092772265018,0.07904520049571888,0.013141145968492435,1.8642989368500904,1.2482111289510314,5.195177389037235e-8,463735.29953321774,-42.5636545204798,7.0,1.0,0.000933609175237189,-42.5636545204798,45.57432699133352,0.0,25.32714300131424,3.0,0.0,0.29612073837965835,0.29612073837965835
3844,1,0.04211126325834827,0.07464092462053099,0.01751527676419654,1.7613481076979676,1.011920537009933,2.830849084797178e-8,531395.7747929606,-40.39938136540673,7.0,1.0,0.177252840797007,-40.39938136540673,45.592317351159224,-0.18710586052065992,76.89917982751508,3.0,0.0,0.29612073837965835,0.29612073837965835
3845,1,0.07472293472613868,0.018595986880275486,0.04972135384708658,1.5666221663023814,0.5019591802548068,2.4082113893320383e-8,482086.9818114975,-40.883198107083594,7.0,1.0,0.3471883945593747,-40.883198107083594,42.98854613088005,0.9506957823448516,31.219683220928857,3.0,0.0,0.29612073837965835,0.29612073837965835
3846,1,0.09383156527963779,0.0978376685723371,0.6053978964573118,1.029168467379095,1.148443774937972,5.356133131727969e-8,3.135558894008367e6,-43.55611003469519,15.0,1.0,0.0708131599229386,-43.55611003469519,48.18051820294777,2.460965176731875,9.9696484367837,4.0,0.0,0.29612073837965835,0.29612073837965835
3847,1,0.09535319787917679,0.014982586502257311,0.8710532181617655,0.258464065664907,0.6501011949654047,7.134723641499091e-8,1.3150252637362612e7,-46.25603152707196,15.0,1.0,0.8706449373099336,-46.25603152707196,49.615443617871726,0.24265210886903077,0.5050647462885394,4.0,0.0,0.29612073837965835,0.29612073837965835
3848,1,0.09566127707753702,0.021487137135082643,0.9376903599155268,0.21764489272267296,0.17040889733072337,6.238907506510532e-8,6.312224256219944e6,-47.001820879256776,15.0,1.0,0.3558416430593455,-47.001820879256776,56.72843470515899,0.07372314979012629,12.507405972334254,3.0,0.0,0.29612073837965835,0.29612073837965835
3849,1,0.05514798293011153,0.05361748809091982,0.044259931742109786,1.8029658832127031,0.9181701957573143,5.998973992690857e-9,2.602248891646361e6,-41.892506955253296,8.0,1.0,0.8270335969023335,-41.892506955253296,50.3252329472484,-0.10124034625043521,1816.3821852591052,3.0,1.0,0.29612073837965835,0.29612073837965835
3850,1,0.07849994920031582,0.053603143639853586,0.19065265076332058,0.2945466651537342,1.0987099426520546,7.548294581783351e-8,2.6253742704338725e6,-41.852219538357204,15.0,1.0,0.8852117041261752,-41.852219538357204,46.73283731239673,0.04833078991756423,0.2314354012908737,4.0,0.0,0.29612073837965835,0.29612073837965835
3851,1,0.08446143463039718,0.043544002401275546,0.027077334748234767,0.6932973295127773,1.3534965072226877,4.2891865630503286e-8,3.373788448227425e6,-42.74432662191756,13.0,1.0,0.8328281837948155,-42.74432662191756,45.30288484685013,0.150569650434349,14.69177514213316,3.0,0.0,0.29612073837965835,0.29612073837965835
3852,1,0.08409250824127344,0.0936585838193331,0.014021996514265944,0.7614121443112082,1.4018164587580912,2.6292438249753176e-8,2.0566530216540352e6,-44.88252340203658,10.0,1.0,0.6559437903658971,-44.88252340203658,47.75199426032258,0.12556366218654347,2114.7721914189287,3.0,1.0,0.29612073837965835,0.29612073837965835
3853,1,0.04612388321600451,0.05406909867687195,0.019576161328655552,1.2152056439719279,0.39118520608152013,1.362509901384582e-8,785725.5324053359,-39.941310315060484,31.0,1.0,0.3216727759791058,-39.941310315060484,47.00087085675055,-1.8609051668964298,103.84164545767995,5.0,0.0,0.29612073837965835,0.29612073837965835
3854,1,0.05339093224599078,0.02842126874644839,0.00993030706455052,1.119631229952118,0.47303020798543305,1.9446338792955892e-8,459525.4326153436,-38.55588800501147,7.0,1.0,0.33287452199395556,-38.55588800501147,42.78920059919726,-0.7040039932033224,701.5477706905491,3.0,0.0,0.29612073837965835,0.29612073837965835
3855,1,0.07317067552698206,0.050696062115720204,0.016070820458448997,1.233355423124669,0.7947606797393146,1.91657004053164e-8,330874.26120709913,-37.445972237210455,7.0,1.0,0.19949035374939458,-37.445972237210455,41.83200183865391,-0.0947235998736744,40.082917851589926,3.0,0.0,0.29612073837965835,0.29612073837965835
3856,1,0.07317067552698206,0.050696062115720204,0.016070820458448997,1.233355423124669,0.7947606797393146,1.91657004053164e-8,330874.26120709913,-37.445972237210455,3.0,1.0,0.12046703190269327,-37.445972237210455,39.24423065263897,0.0,15825.181191527232,1.0,1.0,0.29612073837965835,0.29612073837965835
3857,1,0.06545765621259429,0.06066744762330366,0.012464278509776452,1.4832797777774949,0.9997819196580384,2.5258458998280647e-8,237624.12272041402,-37.1995573979055,3.0,1.0,0.25942491271693874,-37.1995573979055,39.67038285708413,0.2506756832708916,2113.8301501594096,1.0,1.0,0.29612073837965835,0.29612073837965835
3858,1,0.06545765621259429,0.06066744762330366,0.012464278509776452,1.4832797777774949,0.9997819196580384,2.5258458998280647e-8,237624.12272041402,-37.1995573979055,1.0,1.0,1.2122768572249784e-284,-37.1995573979055,41.99918219606599,0.0,653.7416661186944,1.0,0.0,0.29612073837965835,0.29612073837965835
3859,1,0.06545765621259429,0.06066744762330366,0.012464278509776452,1.4832797777774949,0.9997819196580384,2.5258458998280647e-8,237624.12272041402,-37.1995573979055,3.0,1.0,1.1355706849775981e-20,-37.1995573979055,39.38028241740312,0.0,244.38698878184954,2.0,0.0,0.29612073837965835,0.29612073837965835
3860,1,0.05699219530888661,0.049131994792850166,0.011476015149491234,1.1319249664062174,0.959344230030262,2.4677952775291767e-8,213313.45137259315,-37.866127946674446,6.0,1.0,0.07717280792883816,-37.866127946674446,39.42473356127319,0.787817267922108,1026.1381168842493,2.0,1.0,0.29612073837965835,0.29612073837965835
3861,1,0.061049828957085855,0.05809781678642856,0.00597778788887188,1.391193109793,0.7734769546305121,3.1131661160818845e-8,360339.88924506295,-38.81523080562374,7.0,1.0,0.41650803518068524,-38.81523080562374,40.55808913462621,0.7754650258577698,1.0285426706124738,3.0,0.0,0.29612073837965835,0.29612073837965835
3862,1,0.056121022554161494,0.0776281236749577,0.0073439804250359985,1.200895033501567,0.8500990555536477,1.5071941453691442e-8,238744.6344570659,-37.368960169109926,4.0,1.0,0.5000015702461094,-37.368960169109926,41.10536422616485,-0.482911748640916,72472.40698074586,2.0,1.0,0.29612073837965835,0.29612073837965835
3863,1,0.05905240207481977,0.08701811968048669,0.013112459138038213,1.517470319662766,0.8138190771795493,2.5332549773611223e-8,204934.28927668772,-37.379504566917745,13.0,1.0,0.22228797859041133,-37.379504566917745,39.832403961305566,-0.25376673413501294,Inf,3.0,1.0,0.29612073837965835,0.29612073837965835
3864,1,0.05905240207481977,0.08701811968048669,0.013112459138038213,1.517470319662766,0.8138190771795493,2.5332549773611223e-8,204934.28927668772,-37.379504566917745,8.0,1.0,0.0004262816467483752,-37.379504566917745,40.30851439485883,0.0,Inf,3.0,1.0,0.29612073837965835,0.29612073837965835
3865,1,0.05905240207481977,0.08701811968048669,0.013112459138038213,1.517470319662766,0.8138190771795493,2.5332549773611223e-8,204934.28927668772,-37.379504566917745,6.0,1.0,0.21408300748663164,-37.379504566917745,39.48360912719411,0.0,Inf,2.0,1.0,0.29612073837965835,0.29612073837965835
3866,1,0.05905240207481977,0.08701811968048669,0.013112459138038213,1.517470319662766,0.8138190771795493,2.5332549773611223e-8,204934.28927668772,-37.379504566917745,1.0,1.0,1.0557959188225964e-102,-37.379504566917745,40.23107408242175,0.0,234.80938457747618,1.0,0.0,0.29612073837965835,0.29612073837965835
3867,1,0.05905240207481977,0.08701811968048669,0.013112459138038213,1.517470319662766,0.8138190771795493,2.5332549773611223e-8,204934.28927668772,-37.379504566917745,2.0,1.0,4.33522980525997e-18,-37.379504566917745,44.90974876120612,0.0,17693.936044058028,1.0,1.0,0.29612073837965835,0.29612073837965835
3868,1,0.05905240207481977,0.08701811968048669,0.013112459138038213,1.517470319662766,0.8138190771795493,2.5332549773611223e-8,204934.28927668772,-37.379504566917745,4.0,1.0,0.03473124889148288,-37.379504566917745,44.6440040183397,0.0,3045.978286731458,2.0,1.0,0.29612073837965835,0.29612073837965835
3869,1,0.05905240207481977,0.08701811968048669,0.013112459138038213,1.517470319662766,0.8138190771795493,2.5332549773611223e-8,204934.28927668772,-37.379504566917745,9.0,1.0,0.002409960428459404,-37.379504566917745,38.81978181166496,0.0,13467.796413290489,3.0,1.0,0.29612073837965835,0.29612073837965835
3870,1,0.06360441631716729,0.04498011766366247,0.013485548385094935,1.6160247149637306,0.3196709489818343,1.0762439916808489e-8,224776.81967286792,-37.61594206312721,5.0,1.0,0.18669460539691732,-37.61594206312721,41.03160361858303,1.021351790179665,1493.8616650322251,2.0,1.0,0.29612073837965835,0.29612073837965835
3871,1,0.06360441631716729,0.04498011766366247,0.013485548385094935,1.6160247149637306,0.3196709489818343,1.0762439916808489e-8,224776.81967286792,-37.61594206312721,1.0,1.0,0.0,-37.61594206312721,39.6447099719845,0.0,1340.9310902068287,0.0,1.0,0.29612073837965835,0.29612073837965835
3872,1,0.06360441631716729,0.04498011766366247,0.013485548385094935,1.6160247149637306,0.3196709489818343,1.0762439916808489e-8,224776.81967286792,-37.61594206312721,2.0,1.0,3.0772901532231077e-145,-37.61594206312721,42.85012135698183,0.0,1284.6008590785698,1.0,1.0,0.29612073837965835,0.29612073837965835
3873,1,0.06360441631716729,0.04498011766366247,0.013485548385094935,1.6160247149637306,0.3196709489818343,1.0762439916808489e-8,224776.81967286792,-37.61594206312721,1.0,1.0,1.4620752464468568e-11,-37.61594206312721,41.0622146417521,0.0,24.94857919477345,1.0,0.0,0.29612073837965835,0.29612073837965835
3874,1,0.06360441631716729,0.04498011766366247,0.013485548385094935,1.6160247149637306,0.3196709489818343,1.0762439916808489e-8,224776.81967286792,-37.61594206312721,2.0,1.0,3.6016963452847254e-6,-37.61594206312721,41.42523758106617,0.0,6166.874334293449,1.0,1.0,0.29612073837965835,0.29612073837965835
3875,1,0.06360441631716729,0.04498011766366247,0.013485548385094935,1.6160247149637306,0.3196709489818343,1.0762439916808489e-8,224776.81967286792,-37.61594206312721,3.0,1.0,3.7799464100659524e-18,-37.61594206312721,45.80339710904225,0.0,128.28478921917622,2.0,0.0,0.29612073837965835,0.29612073837965835
3876,1,0.05608267123556969,0.042799245350937445,0.01810595833665463,1.693507631953604,0.3160217081521632,1.6796535703909518e-8,309275.9572529536,-37.59011154879794,3.0,1.0,0.6666666719411682,-37.59011154879794,38.61738289040305,-0.4900660864452604,17.96176936109103,1.0,0.0,0.29612073837965835,0.29612073837965835
3877,1,0.05608267123556969,0.042799245350937445,0.01810595833665463,1.693507631953604,0.3160217081521632,1.6796535703909518e-8,309275.9572529536,-37.59011154879794,1.0,1.0,5.721737084239528e-34,-37.59011154879794,40.54775637698956,0.0,76.54362071645326,1.0,0.0,0.29612073837965835,0.29612073837965835
3878,1,0.04657504016381129,0.04591590672729103,0.013811095437021324,1.6765774908350832,0.4640610053701927,3.5492440415457503e-8,338481.52420125937,-38.31545186723837,3.0,1.0,0.4688823150124946,-38.31545186723837,40.60390259198293,0.3120544518504076,745.6254134638257,1.0,0.0,0.29612073837965835,0.29612073837965835
3879,1,0.05682197902680489,0.017870624859233977,0.8845610021950424,0.7802720841500717,0.6093065867021706,6.202675571811207e-8,2.0857015773869965e6,-42.920090907861294,31.0,1.0,0.08245479966067784,-42.920090907861294,44.120638033437224,2.913299938215033,10.171064944375757,4.0,0.0,0.29612073837965835,0.29612073837965835
3880,1,0.0774005414268891,0.07566852358041024,0.06421422028511531,0.14772095933194482,0.460990763463767,6.080283967834856e-8,1.7105722262179192e7,-45.42952745268806,7.0,1.0,0.6664637689045819,-45.42952745268806,48.05411154556555,0.4337194064582661,0.4386591936451012,3.0,0.0,0.29612073837965835,0.29612073837965835
3881,1,0.026810287022865725,0.03902185540664356,0.9034498990316663,1.37822612631527,0.9011285270231334,1.7237549102548728e-8,3.314757449239426e6,-42.32373757105381,15.0,1.0,0.9730131791345328,-42.32373757105381,46.456100912330214,-0.15204433105746773,0.4142331048285399,3.0,0.0,0.29612073837965835,0.29612073837965835
3882,1,0.08972770611208011,0.07378957620846395,0.06046149647588783,1.4175892016096876,0.4850612175654175,7.078094541000318e-8,3.3639841595948124e6,-41.19138160954738,15.0,1.0,0.9095565777260377,-41.19138160954738,44.122595060316065,-0.05385853017284603,0.3236863190998349,3.0,0.0,0.29612073837965835,0.29612073837965835
3883,1,0.045689607986333175,0.09935469372019867,0.5266005705617922,1.3720991441332124,1.1145230331440719,7.745026165117504e-8,7.232494467827913e6,-44.17238211703771,7.0,1.0,0.9386496314450021,-44.17238211703771,45.911334035561985,0.07789232987988015,0.19976356630142078,3.0,0.0,0.29612073837965835,0.29612073837965835
3884,1,0.07271703049833217,0.01961905304910293,0.15715441009217,0.7434004849354516,0.4675833853843672,3.204075158529308e-8,6.678986616754527e6,-41.590936828326896,15.0,1.0,0.9873012029826366,-41.590936828326896,47.06543526346348,-0.04361080006712115,-0.2100983634005189,4.0,0.0,0.29612073837965835,0.29612073837965835
3885,1,0.08676112960468736,0.013562751178940123,0.2562156079238161,0.37678610063773055,1.150250592224148,6.470146267175131e-9,2.2213941268118657e6,-45.0200937031538,7.0,1.0,0.9822880098231843,-45.0200937031538,45.90472915132271,0.004315841741160398,0.10717443309487606,3.0,0.0,0.29612073837965835,0.29612073837965835
3886,1,0.05074417051180657,0.09187229763663106,0.6160337804185595,1.1971730245166778,0.6156944411933257,1.0698733866241025e-8,6.480755937862983e6,-41.83862281032854,15.0,1.0,1.0,-41.83862281032854,46.05507840339972,-0.1294869571152759,-0.1972293014821318,4.0,0.0,0.29612073837965835,0.29612073837965835
3887,1,0.02849462837435624,0.08558675783774075,0.7802494454388694,1.799202586692992,0.7026692548041684,2.1405684947230726e-8,5.429427135782505e6,-42.38422893176444,15.0,1.0,0.9926701792755225,-42.38422893176444,43.718675011193085,0.028109615893534112,-0.07224941863552914,4.0,0.0,0.29612073837965835,0.29612073837965835
3888,1,0.05889337859674216,0.033060415651395114,0.33380956569665676,1.5782601438447486,0.6926544448144931,2.2689165025441844e-8,3.1048427612519697e6,-40.220183953802845,7.0,1.0,1.0,-40.220183953802845,42.65904446786609,-0.06267236321100711,-0.08909289011410237,3.0,0.0,0.29612073837965835,0.29612073837965835
3889,1,0.056927185701269846,0.0830545694140599,0.36745842942973056,0.6946932731855121,0.8295727797298637,5.284669046963727e-8,8.642454745579276e6,-40.66729353832997,15.0,1.0,0.8670572441813367,-40.66729353832997,44.44927490414147,0.015608413238609842,0.5749718889113495,4.0,0.0,0.29612073837965835,0.29612073837965835
3890,1,0.06164511429113347,0.02554354103561732,0.4520549202662263,1.3084636825736375,0.12896705532844618,4.7201155402918724e-8,5.480733899310069e6,-41.342741394913105,7.0,1.0,0.9771577818677643,-41.342741394913105,42.81388991128468,0.040744437941739875,0.04287388348711829,3.0,0.0,0.29612073837965835,0.29612073837965835
3891,1,0.06823479730153321,0.04156631406273241,0.3612717840322362,1.998921476543709,1.373997044339778,4.6200606814058555e-8,9.25159935342131e6,-48.234660359154695,15.0,1.0,0.9330991642803741,-48.234660359154695,52.27729025477504,-0.39756741532504947,-0.7124946889401684,4.0,0.0,0.29612073837965835,0.29612073837965835
3892,1,0.08071796418950516,0.044121126077595114,0.8175920964452692,1.9990950807530596,1.3948141808638812,4.8603706737236826e-8,1.4285453842234401e7,-50.509560052654024,7.0,1.0,0.9492457422983817,-50.509560052654024,51.43352448680508,0.06643647554422216,0.15199003160137892,3.0,0.0,0.29612073837965835,0.29612073837965835
3893,1,0.07295188399296579,0.05136375354731745,0.136898337139076,1.9987570639223835,1.365504454923461,8.519449062886413e-8,2.847619954214404e7,-51.174680799086545,15.0,1.0,0.5093995641389693,-51.174680799086545,54.050355676019535,0.027873302108012865,2.717199998383933,4.0,0.0,0.29612073837965835,0.29612073837965835
3894,1,0.0800859268991561,0.043580569006532136,0.09229126820554354,1.9652456498174047,1.218892728113066,8.973069313065707e-9,3.9644733004997954e7,-48.43942394532273,23.0,1.0,0.5272687940184538,-48.43942394532273,56.14552264348409,0.010602250925984436,9.494229108792517,4.0,0.0,0.29612073837965835,0.29612073837965835
3895,1,0.03405019582537003,0.07791372908889573,0.32825797737846046,1.9752407089600728,1.3576027711332972,3.403568487583766e-8,1.850011531763121e6,-46.0529257260788,7.0,1.0,0.8647591315374079,-46.0529257260788,50.75344279410823,-1.378492537590887,2.9315578043905006,3.0,0.0,0.29612073837965835,0.29612073837965835
3896,1,0.0661414286727839,0.04223300517002533,0.651073253725955,0.2985217814575032,0.05083950621635381,6.080781079126856e-8,4.246564376462861e6,-43.34953596135645,15.0,1.0,1.0,-43.34953596135645,50.448841733097886,-0.5621571298247687,-0.6313344694195777,4.0,0.0,0.29612073837965835,0.29612073837965835
3897,1,0.07268605005458631,0.09512209937610927,0.330557785230665,1.2439367921293085,0.09067438414308565,4.054263672593129e-8,1.0208429879034212e7,-43.82502689253084,15.0,1.0,0.9145813458429924,-43.82502689253084,47.45358725578939,0.11842871887010631,0.22286720860869025,4.0,0.0,0.29612073837965835,0.29612073837965835
3898,1,0.08551150711332649,0.06339715276130538,0.8247068737402123,1.4602257953637165,1.2168944364075127,6.564856261191035e-8,3.1353077677482646e6,-41.67581926359407,15.0,1.0,0.9584374291999176,-41.67581926359407,45.98043691200687,-0.13827033352055906,-0.20523337639141914,4.0,0.0,0.29612073837965835,0.29612073837965835
3899,1,0.031736022173693916,0.06306279389845787,0.1743895511628357,0.3179057809612852,0.17533681962365308,2.9868988762995676e-8,2.4185448399243e6,-42.747977886427165,15.0,1.0,0.6888394287227034,-42.747977886427165,47.84006959000834,-0.14997178548922818,1.220527824123181,4.0,0.0,0.29612073837965835,0.29612073837965835
3900,1,0.05262991971282588,0.041248218008513166,0.00436112577134172,1.1098382393242343,0.3450250816121411,4.577448341958246e-8,3.6706883710074443e6,-42.770348119790285,15.0,1.0,0.7264752138147955,-42.770348119790285,45.81721669392946,-0.12924562370044157,7.03477853932953,3.0,0.0,0.29612073837965835,0.29612073837965835
3901,1,0.04410638599849139,0.01706424213721318,0.04002991669923823,1.2565687226067346,0.4572055053914344,4.1701109755539614e-8,2.4137749372869087e6,-41.23941610483537,11.0,1.0,0.8859248905808218,-41.23941610483537,44.67631006292731,-0.22727672789214637,89.2573913788228,3.0,0.0,0.29612073837965835,0.29612073837965835
3902,1,0.04372503912569543,0.05917705471403616,0.002304608831170558,0.7946627339664261,0.40799658746771267,6.604220519425346e-8,2.248039181681552e6,-44.09808756112202,7.0,1.0,0.8489592901602566,-44.09808756112202,45.88377685218759,0.24888164929036094,0.30161951993697755,3.0,0.0,0.29612073837965835,0.29612073837965835
3903,1,0.04461990587985576,0.03983655826272449,0.8098684437005038,0.33404274823716246,0.7692963673861283,1.7840110582265408e-8,5.026628341781112e6,-41.62343015230641,23.0,1.0,0.8264928569963371,-41.62343015230641,46.54229637648575,-0.11078103889499857,9.236231506030542,4.0,0.0,0.29612073837965835,0.29612073837965835
3904,1,0.06974955269466176,0.07425186338308462,0.20063399669199308,1.140391463616135,0.9516234393125371,8.160974548399922e-8,3.6195137194789276e6,-40.347515883145235,15.0,1.0,0.9908420871353179,-40.347515883145235,43.49546193325367,-0.06072733129334296,-0.06072733129334296,4.0,0.0,0.29612073837965835,0.29612073837965835
3905,1,0.06160258406762809,0.032871807656594934,0.22591094021581315,1.5892276739855975,1.387281899193341,7.594851870232576e-8,2.52206293538333e7,-45.2076858875775,7.0,1.0,0.7493456147571642,-45.2076858875775,46.16655758930362,0.33345769959608873,0.3419430522247282,3.0,0.0,0.29612073837965835,0.29612073837965835
3906,1,0.06907086117529142,0.07127636536987779,0.1757264972933755,1.4353455851758095,1.4093710970160078,7.813501089591424e-8,3.4334272080102176e6,-43.165513337985715,15.0,1.0,0.7279058331153649,-43.165513337985715,48.341378838826884,-0.3246520506980488,8.209659361247759,3.0,0.0,0.29612073837965835,0.29612073837965835
3907,1,0.07959132485930666,0.08307114820897715,0.5119905788237715,1.5006974305214351,0.06370669009540893,4.4446682103236685e-8,3.446818862374981e6,-42.563503292607614,15.0,1.0,0.9046211868049292,-42.563503292607614,48.52310626250001,0.0006834629329972586,0.17876699493759673,4.0,0.0,0.29612073837965835,0.29612073837965835
3908,1,0.09331900750371058,0.05954396640248119,0.030236676976366728,0.6132148724891524,1.0839168479263146,2.2689325587696542e-8,1.7731419835005514e6,-41.76904573083933,11.0,1.0,0.7106400774923739,-41.76904573083933,45.47633349725678,-0.02182250421441978,305.4670493795794,3.0,0.0,0.29612073837965835,0.29612073837965835
3909,1,0.0671189950076335,0.05805287234865406,0.017484316374011426,0.7754186911106857,1.2453977595064594,1.7757862808807014e-8,1.3344233839835052e6,-40.73353750262241,9.0,1.0,0.8879656040936188,-40.73353750262241,43.428782197827495,-0.08701942562463927,261.31492090074937,3.0,0.0,0.29612073837965835,0.29612073837965835
3910,1,0.0864075456947031,0.022704397729289102,0.037545277388684094,1.703900951902093,0.6952641245477212,2.8835513992189438e-8,628781.0714081138,-39.58149129149372,7.0,1.0,0.9853624245299673,-39.58149129149372,41.938697568820274,-0.12023427768403394,-0.17214172473615008,3.0,0.0,0.29612073837965835,0.29612073837965835
3911,1,0.0695655177004297,0.02082328024491495,0.026500634226615895,1.5343150522680706,0.5166198364463332,2.5764016240554548e-8,364970.9309555795,-38.26914584273202,3.0,1.0,0.4511126540390809,-38.26914584273202,42.91670988631178,0.007977174334122594,1553.2818032484533,1.0,1.0,0.29612073837965835,0.29612073837965835
3912,1,0.059504490514441025,0.017982453699309536,0.015534975663544472,1.381046269225155,0.6795169950885089,2.2187708378834307e-8,237536.05261297958,-37.58148933242615,15.0,1.0,0.24813119561191768,-37.58148933242615,39.77529865205131,-0.26110435215205996,228.31622496304115,4.0,0.0,0.29612073837965835,0.29612073837965835
3913,1,0.059504490514441025,0.017982453699309536,0.015534975663544472,1.381046269225155,0.6795169950885089,2.2187708378834307e-8,237536.05261297958,-37.58148933242615,3.0,1.0,9.177469319669784e-21,-37.58148933242615,42.174026597286534,0.0,187.55612663185678,2.0,0.0,0.29612073837965835,0.29612073837965835
3914,1,0.059504490514441025,0.017982453699309536,0.015534975663544472,1.381046269225155,0.6795169950885089,2.2187708378834307e-8,237536.05261297958,-37.58148933242615,6.0,1.0,0.15501138677121618,-37.58148933242615,43.32804099949148,0.0,8467.92706965538,2.0,1.0,0.29612073837965835,0.29612073837965835
3915,1,0.0570249225083751,0.017543363563359986,0.015903674386568062,1.532967295710182,1.2320395932957018,1.7807553752775858e-8,190053.79423500682,-38.536626303572,5.0,1.0,0.11537683603691622,-38.536626303572,43.97466367680173,0.5989379436836799,1553.6801309594125,2.0,1.0,0.29612073837965835,0.29612073837965835
3916,1,0.0570249225083751,0.017543363563359986,0.015903674386568062,1.532967295710182,1.2320395932957018,1.7807553752775858e-8,190053.79423500682,-38.536626303572,1.0,1.0,3.860816556948917e-17,-38.536626303572,39.48502123001223,0.0,37.79306787654314,1.0,0.0,0.29612073837965835,0.29612073837965835
3917,1,0.07578090235620456,0.038465013113403515,0.03855532487344812,1.7558200397414905,0.8579350724117257,3.6254619126336166e-8,997084.0934091242,-39.191921352365455,7.0,1.0,0.3028264112123525,-39.191921352365455,43.702198782236366,0.3291559623765252,Inf,2.0,1.0,0.29612073837965835,0.29612073837965835
3918,1,0.04611446497299795,0.05816120230122701,0.9035355688184059,0.5664520977408437,0.5945141459465721,4.1346742554469544e-8,1.3073892891670384e7,-42.50206422117574,7.0,1.0,0.8926341669374066,-42.50206422117574,45.850577950587756,0.07916906395333001,0.1504970381147004,3.0,0.0,0.29612073837965835,0.29612073837965835
3919,1,0.013386024865721696,0.07501096369022929,0.1183970826679909,0.4538450575472991,0.6747590066212205,5.535774755011815e-8,7.5212282957606325e6,-43.29466415462913,15.0,1.0,0.7485474860940696,-43.29466415462913,46.37664958440609,0.019867605265964983,0.9506489096913171,3.0,0.0,0.29612073837965835,0.29612073837965835
3920,1,0.06760205056878377,0.016684082872804245,0.8509994909396659,0.9594021425978336,0.7068526677154169,5.3336199620632405e-8,4.530582984132394e6,-41.59531854964182,15.0,1.0,0.9158865013963611,-41.59531854964182,46.29825348537205,-0.057255935973820726,14.552338898454785,4.0,0.0,0.29612073837965835,0.29612073837965835
3921,1,0.044159241560327196,0.06028252766004254,0.21339092808818283,1.770116769130295,0.9116955481861332,7.428520171054949e-8,4.872652305536419e6,-40.832582955603996,13.0,1.0,0.7732303605790795,-40.832582955603996,44.356156622764274,-0.03794304084402711,1213.4298950005366,3.0,1.0,0.29612073837965835,0.29612073837965835
3922,1,0.06135066365370922,0.0495156972445246,0.7776635764888121,1.9591376653759731,1.194884077023112,8.187831811940838e-8,4.0534733600097136e6,-43.35144920092443,7.0,1.0,0.9795496946942895,-43.35144920092443,43.94244155000356,0.032446940640049604,-0.07059526394813531,3.0,0.0,0.29612073837965835,0.29612073837965835
3923,1,0.07588759228568723,0.08101830625350662,0.27974669329354174,1.984739941615565,0.676525544795381,3.468419867861419e-8,2.5979996245349385e6,-43.314629437100784,11.0,1.0,0.7619921160001865,-43.314629437100784,49.07956980544295,0.02899017738198495,207.0771876928871,3.0,0.0,0.29612073837965835,0.29612073837965835
3924,1,0.08321257477465144,0.03865096746257724,0.27175252913200015,1.9802780485061295,0.46668977602418515,3.89484537224426e-8,7.090322911913085e6,-43.74672057072952,7.0,1.0,0.8687214700380743,-43.74672057072952,45.54259278835877,0.14302506505633517,0.3561720257544039,3.0,0.0,0.29612073837965835,0.29612073837965835
3925,1,0.07592126941745847,0.044251090607718986,0.31657338815589975,1.9700425282568284,0.3427891602896302,3.540714375366624e-8,6.55450957544929e6,-43.10282993628746,7.0,1.0,0.9993122835230491,-43.10282993628746,44.65920401349268,-0.013031481637568731,-0.11754914078035483,3.0,0.0,0.29612073837965835,0.29612073837965835
3926,1,0.021849358891907603,0.016575783717464383,0.35584693964934827,0.12230165662651891,0.7079794144019317,4.3595369555342636e-8,1.0662085549054194e7,-45.50640786300488,15.0,1.0,0.9498465019188876,-45.50640786300488,46.71451843155457,0.07244031158771946,0.2863181833361139,4.0,0.0,0.29612073837965835,0.29612073837965835
3927,1,0.04484302991368183,0.09510139911699304,0.6202097478668751,1.1195535763502358,0.49495123190128537,2.4167579572473292e-8,5.235400918509678e6,-41.583861101670664,15.0,1.0,0.9739766707808879,-41.583861101670664,47.087749844732876,-0.14140831369913087,-0.33044846468642675,3.0,0.0,0.29612073837965835,0.29612073837965835
3928,1,0.06632890778814997,0.02065153679792469,0.2962780142705695,1.5735993733188727,1.0341613741721567,5.854825656732474e-8,2.80538002283728e6,-40.7321030764818,7.0,1.0,0.9999730795122445,-40.7321030764818,42.27510717791655,-0.03241186689768227,-0.08207890340468538,3.0,0.0,0.29612073837965835,0.29612073837965835
3929,1,0.05321775758892448,0.09308454437907768,0.8961529427336662,1.0104397962288953,0.7012325748425986,6.100943421111593e-8,4.9862421514145415e6,-42.11063470927355,7.0,1.0,0.9397916722356181,-42.11063470927355,50.331730229450585,-0.020307998406082106,-0.29349186468676436,3.0,0.0,0.29612073837965835,0.29612073837965835
3930,1,0.06062051834610576,0.0941460534239759,0.8400106554060367,1.0690241504302584,0.9292903084478532,5.88322894805053e-8,6.180199914888372e6,-41.9375490586649,7.0,1.0,0.998146763339367,-41.9375490586649,43.50605967499384,0.007306866439698467,-0.03639029524234161,3.0,0.0,0.29612073837965835,0.29612073837965835
3931,1,0.07580822728255532,0.027198676762724493,0.4497201758813699,1.6347906484616856,0.5958554141175411,2.6390519228686783e-8,2.836657795500935e6,-40.653530799159995,15.0,1.0,0.9914294289552018,-40.653530799159995,44.396905408136504,-0.07586177796066096,-0.07586177796066096,4.0,0.0,0.29612073837965835,0.29612073837965835
3932,1,0.06272800221612954,0.024626012601512443,0.6315569022631378,0.29928944530023094,0.6031225503620206,1.288235331809073e-8,2.915750462617693e6,-42.07717104775695,15.0,1.0,0.9157168194661516,-42.07717104775695,45.68205917813274,0.04212188367590386,0.1974790072129622,4.0,0.0,0.29612073837965835,0.29612073837965835
3933,1,0.07107386565969177,0.046749891957071216,0.690162694429266,1.8038702875624888,0.4250088656303911,9.119750895368195e-8,3.524095475596036e6,-41.91862592189514,15.0,1.0,0.9958465862243309,-41.91862592189514,44.238033581537856,-0.038762262272435066,-0.08231210374101039,4.0,0.0,0.29612073837965835,0.29612073837965835
3934,1,0.04362227338913904,0.06354690081168278,0.19408505010323088,0.6645270733253688,0.8559610965134,9.81357283426233e-8,1.0018484092043422e7,-43.411555073079924,15.0,1.0,0.9630503326083478,-43.411555073079924,46.021633518519025,0.031920702550934266,0.19793104449468757,4.0,0.0,0.29612073837965835,0.29612073837965835
3935,1,0.017597320073489152,0.08503665049028374,0.5449977805864057,0.5796475255757436,0.5432677419716417,9.852967057990146e-8,5.718514349053577e6,-44.38182616395265,7.0,1.0,0.9624099046314301,-44.38182616395265,46.918263682837264,0.012353688014847819,0.17874998165427058,3.0,0.0,0.29612073837965835,0.29612073837965835
3936,1,0.07432036759697566,0.04568124309472734,0.10714448823485309,1.2462284538076105,1.1810997888528822,8.470480214103302e-8,4.64677888879695e6,-41.30693298836231,7.0,1.0,0.9870051032268811,-41.30693298836231,45.959157240956344,-0.04764485214794689,-0.08455255622833846,3.0,0.0,0.29612073837965835,0.29612073837965835
3937,1,0.0721815166767653,0.03148101614208601,0.03977930461316725,1.5216063932967372,1.2213377002323353,7.435742318932415e-8,3.1892406449650554e6,-41.50644406143348,6.0,1.0,0.6584550557164268,-41.50644406143348,45.47247350228511,0.00011375367099475397,29063.052268821546,2.0,1.0,0.29612073837965835,0.29612073837965835
3938,1,0.049615937275900725,0.07684182076131782,0.914384368702048,0.6451451832646122,0.9474988353948289,5.940480600876319e-8,7.666755459111637e6,-42.14845617857995,15.0,1.0,0.9613626578489146,-42.14845617857995,45.02902499820942,0.028775907445300675,0.12446719901172543,4.0,0.0,0.29612073837965835,0.29612073837965835
3939,1,0.08275712581937741,0.06478820120900686,0.016901629229703282,1.6167393609793577,0.6487222571144885,5.395817095376295e-8,951164.3976381046,-41.30538260155558,14.0,1.0,0.7546789556388137,-41.30538260155558,44.74732424928016,0.44803796281820496,Inf,3.0,1.0,0.29612073837965835,0.29612073837965835
3940,1,0.05255505942537293,0.05833043613665769,0.014615867487359945,1.7991339494451966,0.9497444490525455,2.3544279495385444e-8,3.2054291052471e6,-41.79089491180767,15.0,1.0,0.20000000002346405,-41.79089491180767,45.00590666631823,-0.7982670973678196,69.7827420425795,4.0,0.0,0.29612073837965835,0.29612073837965835
3941,1,0.062403368066159266,0.052243527447607824,0.9469036392961543,0.6813889719404777,0.283085295193032,8.974942379773223e-8,3.470338677396041e6,-43.99609522901217,15.0,1.0,0.6480211484658455,-43.99609522901217,45.3140326712851,0.02938365719479208,162.70998068974563,3.0,0.0,0.29612073837965835,0.29612073837965835
3942,1,0.0657891778694615,0.05503705735583754,0.0305325193967209,1.2134504988576167,1.1448439805259936,9.712209684222224e-8,9.457260117838088e6,-44.610651823902685,15.0,1.0,0.9395161653557703,-44.610651823902685,46.7696345651598,0.07732562307532476,0.24275966848267672,4.0,0.0,0.29612073837965835,0.29612073837965835
3943,1,0.06981417467552406,0.054025149132283845,0.03892081123769156,1.0253776040863527,0.517170549101758,6.62574946211554e-8,1.2094798458357644e6,-40.18938608204243,15.0,1.0,0.6548874194333826,-40.18938608204243,46.23693678360726,-0.925245012867677,12.949991868499055,4.0,0.0,0.29612073837965835,0.29612073837965835
3944,1,0.08247890470120363,0.01918983719302373,0.2957447408790459,0.5387064201346232,0.23190678182329078,2.6816409334028357e-8,8.233228915518277e6,-42.736060286411764,7.0,1.0,0.5338146526726771,-42.736060286411764,45.496179930435424,0.6213128643830217,0.8379859902192663,3.0,0.0,0.29612073837965835,0.29612073837965835
3945,1,0.03890510085955866,0.05528979381694616,0.6447213570088124,0.48334247110847806,0.3451974252980656,2.547617218761057e-9,1.8443880136714328e7,-44.60546338418851,15.0,1.0,0.9912820572973569,-44.60546338418851,47.30749019388071,0.004443872007570349,-0.8651820245598998,3.0,0.0,0.29612073837965835,0.29612073837965835
3946,1,0.09034667133970266,0.012379444289342883,0.7435360603222144,0.9716258492255126,0.33081179051821663,8.010596722203296e-9,5.401839717806014e6,-44.60330518518309,15.0,1.0,0.8068114388741907,-44.60330518518309,49.3789470413404,0.06587642712118935,0.6802198034065015,4.0,0.0,0.29612073837965835,0.29612073837965835
3947,1,0.08028968871939686,0.02674955960868681,0.13694990734583984,1.504751227056267,0.37713340965635594,1.2855110408013272e-9,2.0388631955949878e6,-43.648847062909724,15.0,1.0,0.9943954194756178,-43.648847062909724,48.06822769111846,0.025378232718239246,-0.1984854701492864,3.0,0.0,0.29612073837965835,0.29612073837965835
3948,1,0.05074862511440979,0.040912845910048304,0.4322424343653911,0.624238781905264,1.1403990380813136,8.893179160617646e-8,3.173246393354386e6,-41.08048845350794,15.0,1.0,0.9905553690990853,-41.08048845350794,48.26182477885034,-0.13706719811369084,-0.13706719811369084,4.0,0.0,0.29612073837965835,0.29612073837965835
3949,1,0.06203483000311672,0.08659955732029966,0.35447631850583916,0.4069438686743001,1.3150801474032852,8.7658664586841e-8,7.60255144874071e6,-43.22439643397781,7.0,1.0,0.9302734410901069,-43.22439643397781,43.946196371076084,0.12477656435894602,0.1287437598476373,3.0,0.0,0.29612073837965835,0.29612073837965835
3950,1,0.07047336866957638,0.0254980615144188,0.570666960876731,1.8877455996871368,0.15165843429914264,9.61289445848486e-8,5.605516741617457e6,-44.583989073794854,15.0,1.0,0.9847652314343661,-44.583989073794854,48.00953348344734,0.02221454864421446,-0.18650363225086153,4.0,0.0,0.29612073837965835,0.29612073837965835
3951,1,0.05309357313065766,0.060900404523953545,0.6596480519554234,0.27184996628578084,1.3201999943263063,2.993480630305791e-8,5.321649293393323e6,-42.186320478573776,15.0,1.0,0.9513410262135592,-42.186320478573776,48.26956186533504,-0.2731419719886574,0.4232046201421866,4.0,0.0,0.29612073837965835,0.29612073837965835
3952,1,0.07016087244812087,0.025157886186890487,0.6589190031578214,0.28779386861085554,1.3846612315220204,7.82684409953027e-8,7.899916753473993e6,-44.24056755391669,15.0,1.0,0.9488527354379033,-44.24056755391669,47.025843753329745,0.09132469753801331,0.11610536460297283,4.0,0.0,0.29612073837965835,0.29612073837965835
3953,1,0.033306753057747204,0.016957168078733764,0.4380209489350387,1.2790191192153735,0.040997898827501815,3.224762693577514e-8,5.032022363337518e6,-44.303094897104884,15.0,1.0,0.9539468864352938,-44.303094897104884,52.87530367180656,-0.059130351058456654,0.17292134428986117,4.0,0.0,0.29612073837965835,0.29612073837965835
3954,1,0.08896693610436739,0.07010650887792769,0.6462957213585274,0.6959106381882066,0.03143496921003287,2.2071017829297515e-8,2.623962194166629e6,-45.609146267563276,15.0,1.0,0.985104420413085,-45.609146267563276,48.476220682233844,0.002693899799297128,-0.12797120467294576,4.0,0.0,0.29612073837965835,0.29612073837965835
3955,1,0.030819368613334647,0.07852652889506752,0.020302554221238847,1.5050042108019077,1.4156813504631627,8.078923579630268e-8,1.7884878959815528e6,-45.65704017262334,15.0,1.0,0.9900256133929822,-45.65704017262334,49.5069838190511,0.029789739666789217,-0.17644831352813384,4.0,0.0,0.29612073837965835,0.29612073837965835
3956,1,0.056499090816936395,0.021572727543311743,0.6073222951672685,1.3814932899891637,0.038249675173044964,3.1283769967044274e-8,6.760739002055012e6,-44.21943264435528,15.0,1.0,0.7044074245873749,-44.21943264435528,51.42495772687841,0.30548919058377066,1.1579361782084376,4.0,0.0,0.29612073837965835,0.29612073837965835
3957,1,0.029039468874635647,0.08041485524852984,0.26808962709547574,1.6774429143461158,0.03420672153214672,9.587504454183168e-9,2.643889201354988e6,-46.06267548378092,7.0,1.0,0.9824394780260687,-46.06267548378092,47.782545020266326,0.02586130252637986,0.08202538323529751,3.0,0.0,0.29612073837965835,0.29612073837965835
3958,1,0.09117867909447396,0.035948638741135415,0.44986450117054877,1.785749296471477,0.6282311846928713,7.907448352425274e-8,2.6951787240234506e6,-41.6997209465713,15.0,1.0,0.9992343844295112,-41.6997209465713,49.384328652649856,-0.21292637661320413,-0.21292637661320413,4.0,0.0,0.29612073837965835,0.29612073837965835
3959,1,0.09590208176405109,0.057190036384031924,0.8432989263132709,1.043648698456582,0.40799109958169744,8.133503641600649e-8,4.550287744269012e6,-42.630154321047506,15.0,1.0,0.91705618192523,-42.630154321047506,44.46795705281817,0.014599969365043819,52.582006970813154,3.0,0.0,0.29612073837965835,0.29612073837965835
3960,1,0.04955749151067093,0.05618228737840454,0.04172384888770251,1.5576946396568523,0.5166968496508183,3.3101384802134745e-8,5.6313536149166105e6,-41.22115294422896,15.0,1.0,0.9751983464842439,-41.22115294422896,45.242640719744955,-0.06052261231969425,-0.16193097439444415,4.0,0.0,0.29612073837965835,0.29612073837965835
3961,1,0.07407288131107614,0.05455851706224408,0.27771951203748574,1.5252816134946858,0.6693086255840107,2.65450200631888e-8,2.0331180681640268e6,-40.447934880734586,15.0,1.0,0.06764437562698253,-40.447934880734586,49.499625041001536,-0.8876390571984558,9.979851802412917,4.0,0.0,0.29612073837965835,0.29612073837965835
3962,1,0.08180129598889226,0.027178306253307985,0.20503834303659002,1.9300227786074575,0.0915199952392606,7.326728459238066e-8,4.257749905478697e6,-44.05347455248831,7.0,1.0,0.9584034466717206,-44.05347455248831,45.675234604474234,0.0811186493008833,0.10213892039359251,3.0,0.0,0.29612073837965835,0.29612073837965835
3963,1,0.0748928974911355,0.09404880417589506,0.3499178877662919,1.2759108470689564,0.8353002717050164,6.117087853505419e-8,3.3996725126283187e6,-40.94379820683682,15.0,1.0,0.9994200562639113,-40.94379820683682,45.262698344339846,-0.11734069562680105,-0.11734069562680105,4.0,0.0,0.29612073837965835,0.29612073837965835
3964,1,0.03615171746689012,0.0880606445182827,0.2316820268588637,1.5344684502003771,0.37241592683876645,4.479109297240991e-8,4.195211467370915e6,-41.081062355466116,7.0,1.0,0.983917366736269,-41.081062355466116,42.41176345640635,0.021674683997389366,-0.04121637657883781,3.0,0.0,0.29612073837965835,0.29612073837965835
3965,1,0.055768080132256155,0.06762888199250856,0.019510178102374612,1.016825201741298,0.9620496356190953,5.411124691137287e-8,951949.5356564624,-39.77388795469892,17.0,1.0,0.9071915565627134,-39.77388795469892,44.708635682036764,-0.24463363317744324,285.9365159572047,4.0,0.0,0.29612073837965835,0.29612073837965835
3966,1,0.06850156770915548,0.06472016714100468,0.04210346089656511,1.453691457637878,0.46984557871972693,3.461122383857762e-8,1.7930728398514313e6,-39.40087672579553,7.0,1.0,1.0,-39.40087672579553,40.2805128688003,-0.09166270908471574,-0.10289291445821647,3.0,0.0,0.29612073837965835,0.29612073837965835
3967,1,0.07691171868247407,0.08311139473791997,0.019050951040226593,1.64670268457612,0.5470148786841569,4.712868943745009e-8,1.0644778523187165e6,-40.383256540593685,7.0,1.0,0.3062822655585979,-40.383256540593685,43.273183121454935,-0.284050585940939,212.85360255888804,3.0,0.0,0.29612073837965835,0.29612073837965835
3968,1,0.07691171868247407,0.08311139473791997,0.019050951040226593,1.64670268457612,0.5470148786841569,4.712868943745009e-8,1.0644778523187165e6,-40.383256540593685,3.0,1.0,0.021343305081111253,-40.383256540593685,44.27838770946295,0.0,55.084665952864654,2.0,0.0,0.29612073837965835,0.29612073837965835
3969,1,0.07691171868247407,0.08311139473791997,0.019050951040226593,1.64670268457612,0.5470148786841569,4.712868943745009e-8,1.0644778523187165e6,-40.383256540593685,7.0,1.0,0.11209427724744388,-40.383256540593685,44.923471241508196,0.0,141.58478885664974,3.0,0.0,0.29612073837965835,0.29612073837965835
3970,1,0.05214461263582945,0.08055832421629314,0.025946417762321854,1.7175902364371718,1.0176625351192665,1.9380023238684405e-8,614560.5678477009,-39.70894775359799,6.0,1.0,0.8333333333333334,-39.70894775359799,41.737048975159425,-0.6007360420729597,3217.0208122168015,2.0,1.0,0.29612073837965835,0.29612073837965835
3971,1,0.0689519085806342,0.03560643407268463,0.009338813495022094,1.4082561552517856,1.0027330648992692,1.2810821661700986e-8,1.1358158480064173e6,-40.32601787830435,5.0,1.0,0.20413078580287322,-40.32601787830435,49.90874759054252,1.3911131497076,5357.919224214662,2.0,1.0,0.29612073837965835,0.29612073837965835
3972,1,0.07745018536543888,0.07155278335815701,0.026978881922529514,1.7821436959221875,0.37517346064735296,7.699498237097508e-8,1.8422914101386198e6,-41.89965373182116,15.0,1.0,0.2983682948896209,-41.89965373182116,44.15463221548852,1.3011981242726591,6.055020053408256,4.0,0.0,0.29612073837965835,0.29612073837965835
3973,1,0.056155712945354826,0.046330534204254266,0.1273019600447924,1.4032597894184309,0.40422001348046444,5.741294184365957e-8,1.3835109865524783e6,-41.56564963839231,15.0,1.0,0.43031571741410424,-41.56564963839231,51.06869716840806,1.126168643316639,5.581495173421942,3.0,0.0,0.29612073837965835,0.29612073837965835
3974,1,0.09303030461889436,0.043891133808524184,0.02949722408340487,0.5822555455824989,0.8832989584098108,6.987254732772284e-8,4.475215102050143e6,-42.797955773932145,7.0,1.0,1.0,-42.797955773932145,43.75415525840194,-0.2419145589226659,-0.6044880208901233,3.0,0.0,0.29612073837965835,0.29612073837965835
3975,1,0.06957478697187262,0.07685682764936828,0.006820046108980665,1.9405391004648351,0.8379651950962554,2.277536089730692e-8,2.835373969079939e6,-44.430357416460495,15.0,1.0,0.8556030981127426,-44.430357416460495,46.3019292873423,0.25760610645184556,1.0605070685020834,4.0,0.0,0.29612073837965835,0.29612073837965835
3976,1,0.055459828787854014,0.08263185694611958,0.018755367164044152,1.7417064136138516,0.8916842418736372,3.386774659828607e-8,8.371128126043993e6,-43.39627938079518,7.0,1.0,0.5252979168074073,-43.39627938079518,47.349044261336914,-0.0180483904449531,100.34144241836387,2.0,0.0,0.29612073837965835,0.29612073837965835
3977,1,0.06619265654653368,0.05815279597270241,0.18560316394340137,1.1402182173491602,0.6775268357117264,5.462871713911356e-8,1.721818994046882e6,-40.59511570100172,7.0,1.0,0.9754037628030687,-40.59511570100172,43.15927851932657,-0.5242913523113302,-0.5242913523113302,3.0,0.0,0.29612073837965835,0.29612073837965835
3978,1,0.0544710536438427,0.052266493633545824,0.11040268007039525,1.1527856578644613,0.7638434726303053,3.5831505651712825e-8,1.3911861480973854e6,-41.39209174208613,7.0,1.0,0.6721802954706755,-41.39209174208613,42.37091116542829,-0.1699231797276397,0.5660831580958998,3.0,0.0,0.29612073837965835,0.29612073837965835
3979,1,0.06516232573441419,0.03260096771788999,0.12049363923585504,1.1091737064059888,0.6928293897227199,5.5481553778417687e-8,1.7127416483941511e6,-40.44296926290353,7.0,1.0,0.8296379295504123,-40.44296926290353,43.64116670348622,-0.6679658855090622,-0.6679658855090622,2.0,0.0,0.29612073837965835,0.29612073837965835
3980,1,0.0876888415040549,0.04649181142061486,0.03427390925538745,0.8935521037589724,0.26680487441558526,4.604178563924575e-8,3.0812415035115676e6,-41.289501995923125,7.0,1.0,0.9774788690205859,-41.289501995923125,41.91684863902434,0.052931396289430666,-0.10378899355216475,3.0,0.0,0.29612073837965835,0.29612073837965835
3981,1,0.08662113869512707,0.034781591975955845,0.014598159351420954,0.6627928978693364,0.3121327998575965,4.31382882232115e-8,3.682190914171017e6,-42.65877334014317,15.0,1.0,0.8408013319999059,-42.65877334014317,44.06119712610876,0.10752916882083241,0.9047966620490229,3.0,0.0,0.29612073837965835,0.29612073837965835
3982,1,0.06546264599297413,0.05516029631506842,0.061567985858712454,0.710166188471481,0.29119731236108753,4.039636735911991e-8,1.4952288395300931e6,-41.06276670283164,7.0,1.0,0.9943338132278797,-41.06276670283164,44.064755548540056,-0.7014616617409146,-0.7014616617409146,3.0,0.0,0.29612073837965835,0.29612073837965835
3983,1,0.057789928615984254,0.06543641894535732,0.5193087841216525,0.37625291506154046,0.3971408328637214,2.0916638860775986e-8,5.547206358664371e6,-40.90972690817988,23.0,1.0,0.5562508983522906,-40.90972690817988,45.009978525837774,0.5666265538486002,0.8908120889173148,4.0,0.0,0.29612073837965835,0.29612073837965835
3984,1,0.019611610593063423,0.02706781519880988,0.03630003376546472,0.5930786983321283,1.2791003784886399,3.392978998839045e-8,8.257456435211758e6,-44.56597608465266,7.0,1.0,0.8465300762842308,-44.56597608465266,46.98382169448816,0.216469809933038,0.2635854570176761,3.0,0.0,0.29612073837965835,0.29612073837965835
3985,1,0.08947559165482542,0.08779748852912986,0.9264524818394639,1.0372022432735895,0.17423073263099245,7.647263958117993e-8,6.70560679371852e6,-44.580405055710514,15.0,1.0,0.9515795673579902,-44.580405055710514,47.573136174323984,-0.004246020375603621,1.0994803855876043,4.0,0.0,0.29612073837965835,0.29612073837965835
3986,1,0.05787952275474501,0.02072145285948193,0.027039299262054877,0.2088870270997888,0.738998278091753,2.1527446019012523e-8,1.8853630804435858e6,-43.507105158616284,15.0,1.0,0.9943837724745186,-43.507105158616284,47.2582289850555,-0.09955235056623479,-0.16347972763435337,4.0,0.0,0.29612073837965835,0.29612073837965835
3987,1,0.06722847576602034,0.045228593583457335,0.8957519395497539,1.8374051714626574,0.7094353048875895,7.562533510949444e-8,3.297648820084523e6,-42.273316893973394,15.0,1.0,0.9725107587445521,-42.273316893973394,45.916944326916266,-0.047234166169168645,0.06894506258179689,3.0,0.0,0.29612073837965835,0.29612073837965835
3988,1,0.012787696909793927,0.09875831410070254,0.14705178255902945,0.7062901205166894,1.2565735041049553,2.2934763582937333e-8,6.390653551484853e6,-46.637813790003804,15.0,1.0,0.8327785583527718,-46.637813790003804,49.273888946257046,0.2273359798343506,0.23240466616350375,4.0,0.0,0.29612073837965835,0.29612073837965835
3989,1,0.040722055780360304,0.09356375644304292,0.17163768165008086,1.4632594482632262,0.7356445092270594,3.487123423064343e-8,3.6738875262854327e6,-41.3305829130376,7.0,1.0,0.9976412001552177,-41.3305829130376,47.90608866025277,-0.2165861490499168,-0.22503213464265315,3.0,0.0,0.29612073837965835,0.29612073837965835
3990,1,0.051790365410219544,0.0940557660347645,0.0816339802312828,1.6110173505429173,1.1471101723743677,3.063203797731685e-8,1.995597647243783e6,-42.0200121975505,31.0,1.0,0.842457041292613,-42.0200121975505,43.16261099966427,0.062248976921367216,173.70748926615732,5.0,0.0,0.29612073837965835,0.29612073837965835
3991,1,0.07039892866286081,0.05535051555691364,0.08353263845690094,1.7505303478627947,1.1104073971246735,5.395739868490036e-8,3.2252107595342183e6,-40.60899263802747,7.0,1.0,0.9345536788012605,-40.60899263802747,43.139293664799084,0.009597513140391811,0.2082141420537056,3.0,0.0,0.29612073837965835,0.29612073837965835
3992,1,0.04570360222484362,0.048388913478545584,0.06325800941353303,0.40840685691542133,0.11951275607787853,7.074908906931071e-8,1.8895779535886494e6,-43.34158920087045,15.0,1.0,0.8032672566373791,-43.34158920087045,44.58445169205638,0.06549194222044719,0.4336310384902333,3.0,0.0,0.29612073837965835,0.29612073837965835
3993,1,0.02963580898099196,0.050460861683517606,0.12780903804975072,1.5440103975941382,0.13132709885118793,6.87401806144422e-8,6.147902927095181e6,-42.34968391244966,15.0,1.0,1.0,-42.34968391244966,44.19707028649943,-0.05401488672127641,-0.14368720520120348,4.0,0.0,0.29612073837965835,0.29612073837965835
3994,1,0.07182464801215199,0.02864009136498409,0.035507199177423475,1.061868428045894,0.7860078174628915,8.773071650719647e-8,1.5605259486572444e6,-41.57365982015448,15.0,1.0,0.2018336664991828,-41.57365982015448,48.26141312392197,-0.6430356966530795,8.781835118992412,3.0,0.0,0.29612073837965835,0.29612073837965835
3995,1,0.042361837179400716,0.07210430060777746,0.8873486675692813,0.9296035671803351,0.41102886710405007,5.945037819948938e-9,3.5179187045320007e6,-42.68261122257938,15.0,1.0,0.8598423065798766,-42.68261122257938,45.13705863741402,0.08074223479615483,0.2828089374250098,4.0,0.0,0.29612073837965835,0.29612073837965835
3996,1,0.08183142336319477,0.04314274595899283,0.183597846975801,1.4228992162672065,0.5930060591490577,1.3509957131336149e-8,4.161951575108299e6,-40.808125599129866,7.0,1.0,1.0,-40.808125599129866,43.68974801109158,-0.0034835455695585438,-0.14996494862091225,3.0,0.0,0.29612073837965835,0.29612073837965835
3997,1,0.03504357963648856,0.04006361454587195,0.7253391934445298,0.211202209359862,0.17454212190347942,6.64461770041288e-9,6.63728666543608e6,-44.208332606570906,15.0,1.0,0.9358444374966969,-44.208332606570906,46.31216693936767,0.08860424856634808,0.3856345020700189,4.0,0.0,0.29612073837965835,0.29612073837965835
3998,1,0.06770475857105288,0.07273924337128652,0.1938988915022483,0.20340106899785465,0.13523850761572748,4.558533581105124e-8,5.362300799973872e6,-42.91639176176125,7.0,1.0,0.9632533504046678,-42.91639176176125,46.787810186350306,-0.14459404771693585,-0.28114832814965496,3.0,0.0,0.29612073837965835,0.29612073837965835
3999,1,0.08875634270692086,0.054839346284076274,0.28859814065137634,0.1565032357006368,1.2361566091290392,9.653675572569053e-8,2.8351759098091684e6,-45.41143074088214,15.0,1.0,0.9695183318224241,-45.41143074088214,47.96045947868739,0.06220339175688139,0.06295974566365459,4.0,0.0,0.29612073837965835,0.29612073837965835
4000,1,0.0963027059228732,0.050837696682279755,0.5990226130436176,0.5461102865371776,1.4055932224236052,9.847533105862357e-8,6.011759343151535e6,-47.268014114180374,7.0,1.0,0.9832369793910392,-47.268014114180374,50.26540434759386,0.014820737296034281,-0.16059092532427854,3.0,0.0,0.29612073837965835,0.29612073837965835
